Temps de calculs (en ms) (à chaque fois chiffrement de 0 à 25)(plusieurs tirages effectués)
LOADING RAM
tirage
85.648003
tirage
90.515999
tirage
76.343002
tirage
76.070000
tirage
86.207001
NO FREQ RAM ONCE
tirage
6.157000
0.361000
0.588000
0.980000
1.022000
1.326000
6.002000
2.509000
1.856000
2.809000
3.654000
2.445000
6.351000
2.996000
2.730000
2.953000
4.153000
3.249000
3.827000
6.043000
3.890000
11.917000
8.562000
4.783000
5.651000
6.336000
tirage
5.463000
0.281000
0.505000
0.648000
1.027000
1.173000
1.770000
1.646000
1.879000
2.172000
2.107000
2.304000
3.748000
2.648000
5.715000
3.087000
4.647000
3.294000
3.929000
3.922000
4.079000
7.335000
4.488000
7.951000
6.010000
6.887000
tirage
5.190000
0.238000
0.568000
0.681000
0.917000
1.325000
1.565000
1.674000
1.756000
3.288000
2.098000
2.286000
2.717000
3.983000
2.904000
2.867000
3.192000
3.351000
4.088000
8.058000
6.325000
6.608000
6.379000
12.334000
6.828000
11.849000
tirage
6.200000
0.451000
0.630000
0.748000
0.917000
1.180000
4.665000
1.579000
2.378000
2.133000
2.174000
3.921000
2.634000
2.541000
2.718000
4.986000
3.624000
3.652000
3.740000
4.283000
3.988000
4.288000
6.859000
4.748000
7.677000
6.155000
tirage
5.357000
0.274000
0.531000
0.736000
19.934999
1.850000
1.304000
1.793000
2.188000
2.824000
3.008000
3.284000
2.352000
6.064000
5.309000
3.455000
3.020000
3.539000
3.829000
3.931000
7.057000
5.168000
4.784000
5.272000
5.625000
8.106000
NO FREQ RAM
tirage
89.500000
70.399002
77.852997
75.478996
76.933998
72.882004
75.593002
83.966003
77.953003
72.170998
81.749001
74.106003
87.375000
77.984001
63.071999
59.166000
54.488998
62.618999
56.188999
64.281998
57.237000
93.799004
64.107002
54.801998
74.732002
184.244995
tirage
90.000000
73.601997
69.470001
78.934998
68.393997
76.188004
72.495003
75.987999
71.196999
76.557999
74.038002
75.065002
72.010002
84.458000
54.972000
63.224998
51.907001
62.701000
56.557999
54.632000
62.576000
56.085999
62.279999
57.556000
63.042999
60.202000
tirage
86.500000
76.665001
76.281998
69.896004
77.416000
79.277000
72.109001
74.757004
74.050003
78.100998
72.351997
75.596001
74.286003
76.640999
62.780998
62.105999
59.345001
61.217999
56.834999
59.400002
66.790001
58.625000
67.705002
70.336998
64.454002
59.873001
tirage
81.500000
75.155998
68.310997
75.823997
70.121002
75.898003
71.567001
74.248001
70.804001
75.178001
70.251999
79.918999
77.795998
70.174004
63.002998
51.071999
63.999001
59.897999
62.241001
58.632999
64.612000
53.847000
61.845001
56.730000
63.464001
71.457001
tirage
93.000000
77.862000
71.291000
76.689003
71.947998
85.401001
70.153000
82.254997
75.317001
81.160004
73.152000
81.376999
73.401001
78.477997
58.839001
61.349998
55.250000
61.473999
68.694000
57.152000
62.986000
55.714001
76.926003
59.019001
67.777000
60.824001
NO FREQ NO RAM
tirage
6.922000
0.320000
0.746000
0.890000
0.899000
1.235000
2.096000
1.936000
2.624000
2.462000
2.304000
5.900000
3.025000
4.461000
2.654000
2.811000
3.687000
3.597000
4.210000
6.422000
4.257000
4.179000
9.000000
6.774000
5.831000
4.864000
tirage
6.982000
0.490000
0.535000
1.380000
1.234000
2.039000
1.500000
2.711000
4.801000
2.876000
2.397000
2.710000
2.455000
2.507000
3.274000
2.891000
3.126000
5.285000
3.396000
7.710000
4.755000
4.595000
6.904000
4.506000
10.362000
7.659000
tirage
10.955000
0.390000
0.639000
0.712000
2.578000
1.344000
2.083000
1.471000
1.642000
2.140000
2.622000
2.302000
2.415000
2.768000
2.679000
3.440000
4.088000
5.545000
3.894000
5.845000
4.326000
5.101000
5.143000
4.578000
8.506000
5.196000
tirage
8.372000
0.609000
0.869000
0.925000
1.939000
2.423000
1.889000
2.002000
1.824000
2.166000
2.200000
3.729000
2.639000
3.098000
2.909000
3.072000
5.051000
3.717000
3.522000
7.218000
4.895000
5.563000
5.021000
5.053000
5.641000
5.227000
tirage
6.363000
1.442000
0.571000
0.915000
1.344000
1.274000
1.636000
3.293000
4.103000
3.434000
2.239000
2.446000
8.956000
3.039000
3.115000
3.148000
3.739000
3.413000
8.694000
3.744000
6.286000
14.609000
7.397000
4.981000
7.232000
6.111000
FREQ NO RAM
tirage
0.857000
0.592000
0.555000
0.764000
0.568000
0.543000
1.209000
0.589000
0.662000
0.690000
0.604000
0.627000
1.082000
0.808000
0.777000
0.848000
0.566000
0.573000
1.680000
0.717000
0.677000
0.647000
0.657000
0.919000
0.570000
0.575000
tirage
1.074000
0.709000
0.801000
0.849000
1.045000
1.013000
0.761000
1.718000
0.835000
0.790000
0.647000
0.655000
0.828000
0.692000
0.579000
0.795000
0.569000
0.597000
0.579000
0.577000
0.663000
0.557000
0.583000
0.570000
0.555000
0.600000
tirage
0.879000
0.656000
0.597000
0.586000
0.590000
0.587000
1.232000
0.525000
0.714000
1.320000
0.618000
0.574000
0.562000
0.749000
0.783000
0.755000
0.592000
0.567000
0.666000
0.608000
0.653000
0.733000
0.683000
0.776000
0.772000
0.631000
tirage
1.169000
0.747000
1.019000
0.981000
1.011000
1.003000
0.767000
0.691000
0.865000
4.904000
0.603000
0.628000
0.689000
0.633000
0.609000
0.593000
0.614000
0.613000
0.636000
0.611000
0.693000
0.613000
0.611000
0.658000
0.726000
0.696000
tirage
1.162000
0.711000
0.911000
0.908000
1.205000
1.011000
0.963000
0.795000
0.732000
1.068000
0.769000
0.599000
0.565000
0.643000
0.776000
0.574000
0.569000
0.568000
0.674000
0.661000
0.583000
0.576000
0.615000
0.591000
0.565000
0.595000

