n P1 P2 P3 P4 P5 P6 P7 P8 P9 P10 P11 P12 P13 P14 P15 P16 P17 P18 P19 P20 P21 P22 P23 P24 P25 P26 P27 P28 P29 P30 P31 P32 
0 38940876 78180776 39110785 39260054 39268206 39264427 39260336 39265175 39261298 39265315 39260618 39251555 39244297 39245062 39245531 39247413 39254751 39241208 39239611 39256026 39259016 39241297 39238296 39229498 39241990 39236032 39239928 39239394 39226815 39235384 39219366 39228367 
1 39042380 38757341 39050077 39034583 39042955 39035908 39041609 39047467 39027053 39029866 39037191 39036513 39035875 39035382 39035198 39043250 39050266 39042496 39037200 39042178 39044765 39054403 39042142 39044635 39031432 39048837 39053258 39041528 39048019 39043435 39045235 39051114 
2 39063991 38556309 39030318 39190143 39037199 39036309 39045820 39049776 39041776 39041828 39050210 39038371 39044327 39036777 39046429 39049330 39032147 39045023 39047358 39048128 39034948 39048971 39027297 39040709 39039392 39044734 39040547 39056180 39045513 39035487 39047755 39030004 
3 39111964 38814822 39094195 39030775 39046870 39043760 39054027 39048725 39036568 39046309 39051724 39038393 39046148 39033717 39045039 39036101 39044785 39047210 39041290 39042297 39054142 39042451 39042057 39041354 39058490 39039502 39041421 39051829 39045155 39035530 39042801 39039634 
4 39096289 38796477 39024277 39267136 39047871 39054643 39045959 39055460 39042499 39039359 39037183 39060519 39048803 39048640 39052270 39044494 39051631 39051587 39037919 39048645 39045967 39058017 39051013 39044260 39049139 39043643 39036836 39044854 39047016 39051535 39039484 39048843 
5 39098911 38812941 39023977 39018526 39309661 39041238 39041716 39042014 39059216 39024606 39050987 39030200 39043425 39041089 39034449 39045090 39051920 39043203 39051539 39054334 39037488 39035009 39051295 39037174 39037600 39039107 39048154 39039994 39053407 39037448 39044422 39044290 
6 39099722 38815391 39024911 39022159 39019489 39304594 39048417 39052556 39044849 39045215 39052349 39054590 39032333 39035559 39043018 39042423 39049358 39038768 39034628 39057761 39034689 39049086 39050925 39038064 39053228 39033839 39054593 39029295 39041762 39037292 39053774 39048924 
7 39085408 38807338 39025718 39022469 39019761 39022324 39295402 39034562 39048006 39038682 39039444 39038741 39036986 39048749 39045673 39042195 39031886 39044300 39049819 39050689 39044741 39047996 39053617 39042235 39043718 39044960 39039740 39054972 39047852 39048682 39047643 39034030 
8 39088915 38813866 39027844 39025903 39024160 39011528 39013133 39283365 39039693 39056956 39051672 39042750 39052769 39050799 39043331 39045818 39049011 39062458 39053165 39047376 39048092 39049454 39045388 39044912 39042114 39045542 39049960 39032874 39058960 39040610 39045781 39047106 
9 39087882 38818356 39025041 39012461 39027624 39023466 39018600 39022953 39299020 39038308 39055067 39042351 39033747 39046494 39044922 39059376 39050938 39037431 39057208 39048479 39048055 39033643 39045483 39045907 39040968 39046080 39037311 39047344 39048394 39058526 39060685 39043744 
10 39086614 38814616 39024366 39015671 39020077 39026275 39017371 39012585 39022131 39305468 39032063 39050239 39042189 39056582 39053386 39049670 39040015 39044633 39035923 39043214 39046662 39047707 39043658 39053925 39046086 39046627 39045347 39040059 39051005 39045568 39054674 39040434 
11 39068888 38815838 39021932 39018676 39023256 39016569 39022018 39026183 39024335 39030207 39286841 39034689 39037556 39051866 39054542 39057124 39052167 39050910 39050845 39045379 39037921 39040886 39053241 39041060 39045042 39046025 39037204 39044730 39046644 39043703 39051936 39042874 
12 39075118 38814790 39019917 39033985 39030516 39012212 39014346 39026438 39026048 39029648 39029569 39286291 39042073 39039457 39052670 39052564 39058118 39041268 39060482 39041568 39048165 39040021 39049559 39037976 39046735 39043027 39041427 39043470 39046167 39060870 39041375 39042363 
13 39064179 38820694 39029365 39032922 39011093 39024696 39021624 39011347 39026047 39028281 39030188 39022126 39281031 39034916 39048630 39037974 39044586 39047873 39043167 39053581 39055124 39033336 39042184 39049890 39052599 39035354 39046613 39049448 39043303 39049967 39045834 39046595 
14 39072161 38818740 39021314 39011454 39016915 39033746 39027503 39028058 39029953 39026281 39018272 39021963 39016046 39272221 39039052 39047278 39055956 39038724 39060309 39045543 39049860 39052811 39040300 39032966 39032531 39046647 39053420 39043325 39044548 39054374 39048758 39049325 
15 39074221 38818912 39022061 39023831 39016073 39020345 39011382 39024872 39020887 39030481 39022524 39019236 39032496 39011215 39256670 39041232 39045910 39047782 39038888 39050672 39050566 39047457 39049766 39053545 39051076 39047705 39041407 39058047 39046383 39021246 39048532 39047306 
16 39069715 38830088 39023075 39026867 39024576 39027482 39026009 39023767 39022778 39017904 39019004 39025904 39022234 39016234 39031925 39239198 39040393 39054543 39053977 39049037 39049359 39046685 39041350 39053038 39048897 39042553 39040049 39058031 39042064 39043037 39041881 39054760 
17 39058421 38835161 39026452 39025300 39014684 39021171 39018942 39024348 39024005 39023996 39023334 39036968 39018155 39029452 39030380 39018233 39263509 39028113 39049939 39033587 39046094 39041048 39039049 39052871 39045141 39047475 39039063 39044507 39042044 39049127 39050247 39063911 
18 39071302 38833083 39029226 39026306 39023977 39022652 39027035 39022218 39019101 39023937 39006722 39012072 39011877 39013186 39018585 39027905 39027410 39257033 39043902 39037299 39046474 39040953 39055935 39048271 39045932 39053036 39047284 39054139 39051488 39051084 39051125 39045287 
19 39060183 38819437 39020897 39017199 39024005 39012387 39021808 39029362 39024638 39029654 39016931 39020687 39024508 39029861 39025451 39015620 39022378 39028546 39268755 39035973 39050753 39045951 39049600 39052602 39045836 39056245 39047346 39058680 39037803 39039626 39044939 39042392 
20 39056597 38822673 39025686 39014444 39017387 39030971 39039671 39022122 39015820 39018044 39032999 39016463 39023789 39020844 39027529 39020777 39017529 39025560 39018838 39252826 39043699 39042923 39043167 39045211 39054725 39044753 39042061 39041948 39040456 39040587 39049958 39047480 
21 39048171 38819806 39027628 39037870 39033232 39013467 39026977 39032763 39026090 39029176 39030879 39027772 39035043 39031534 39020202 39004209 39031008 39029394 39026953 39036206 39260800 39036755 39046772 39051621 39044604 39054403 39048918 39055272 39050990 39044546 39049490 39043884 
22 39051191 38832575 39023634 39013381 39027880 39011592 39015084 39022653 39025696 39020732 39028279 39025872 39024604 39024291 39028808 39017074 39022329 39027022 39016555 39024152 39027244 39249288 39034586 39064273 39055376 39045540 39036574 39045885 39051697 39055040 39041021 39053076 
23 39043465 38826847 39027305 39029303 39015260 39017754 39024709 39023980 39018091 39028576 39022799 39024022 39014773 39029780 39035605 39028542 39028937 39024476 39014106 39018707 39021121 39026163 39242447 39046458 39044987 39047624 39051379 39045501 39039248 39049803 39056792 39046267 
24 39048966 38844585 39033383 39027920 39026550 39028557 39015348 39024110 39026524 39017698 39027815 39025256 39025687 39034347 39024700 39019260 39019573 39022714 39031873 39025902 39017055 39024489 39028352 39247176 39044035 39058100 39042305 39050254 39046114 39042237 39054541 39053057 
25 39050154 38844922 39014455 39034110 39023996 39021827 39007380 39012103 39030310 39021820 39028171 39024186 39022069 39017683 39034458 39015028 39015694 39033440 39027926 39025818 39025036 39026501 39033406 39038829 39239696 39044785 39047682 39045952 39036645 39051114 39062140 39056816 
26 39045075 38848154 39025505 39020253 39009254 39021798 39016952 39021184 39038453 39018233 39017663 39028963 39024910 39012988 39032710 39017439 39024279 39030936 39022968 39022877 39032564 39024681 39019157 39030012 39025128 39235052 39041879 39055469 39049270 39050210 39041081 39049433 
27 39038394 38850296 39037272 39024759 39031528 39036064 39018661 39030395 39021209 39018092 39020524 39011284 39018336 39022295 39025684 39039311 39027469 39022758 39015707 39027113 39030465 39037974 39042373 39021396 39033157 39032839 39238658 39044207 39053287 39048611 39057715 39041073 
28 39046948 38828149 39024831 39025434 39023967 39039381 39016837 39019391 39022558 39026344 39027690 39014747 39026710 39026962 39030442 39023243 39016177 39010459 39022367 39029793 39028832 39024050 39029670 39018727 39017902 39019079 39028946 39242303 39041093 39056712 39045919 39051746 
29 39042440 38855855 39041044 39035102 39026750 39023650 39017654 39013378 39032025 39024828 39022338 39032084 39033165 39035675 39029175 39023944 39025440 39027297 39022435 39023698 39023710 39029016 39032854 39027345 39027286 39015292 39023431 39015118 39229908 39045162 39038973 39048625 
30 39040527 38838102 39027634 39026172 39018087 39031425 39039552 39013141 39017509 39027045 39019656 39024864 39019894 39025276 39024862 39010195 39027352 39031323 39029675 39036896 39029474 39035910 39032538 39019558 39026852 39013492 39024262 39037412 39029397 39228552 39062332 39053207 
31 39052624 38838051 39036067 39027947 39026798 39019549 39035070 39022592 39040045 39031059 39026165 39019339 39024992 39027399 39032888 39010616 39042822 39025906 39035637 39020465 39028727 39035703 39039772 39030385 39032577 39021624 39022744 39025500 39023394 39036196 39247895 39035208 
32 39038538 38830848 39024276 39034148 39028950 39022096 39029535 39026347 39042261 39034358 39026295 39030709 39031937 39038262 39033192 39022420 39031299 39033105 39011814 39011984 39033298 39025444 39023964 39023125 39021181 39033585 39030279 39029382 39020280 39038035 39019535 39219105 
33 39034927 38850989 39037349 39025266 39025238 39014376 39022045 39027378 39029866 39029883 39018869 39029967 39035491 39023073 39022741 39027896 39029711 39032960 39032904 39025472 39028426 39026453 39035927 39025211 39021812 39028331 39015212 39033174 39040831 39031458 39027137 39026672 
34 39031321 38837787 39018573 39029261 39031351 39026765 39026887 39022606 39017067 39023242 39023410 39029495 39026357 39037861 39018258 39026257 39031323 39029447 39031011 39017038 39029864 39027280 39022026 39014350 39026101 39027154 39036125 39028996 39024996 39034719 39023228 39031840 
35 39031086 38844454 39025312 39017011 39028028 39039474 39020236 39034067 39022946 39026686 39025030 39043776 39031213 39026312 39036411 39031715 39013513 39022796 39022685 39023811 39034357 39032891 39038263 39037726 39031912 39028851 39038982 39029853 39036966 39031845 39023147 39022357 
36 39036310 38857847 39030584 39021580 39018949 39021067 39029077 39030562 39032761 39035699 39017877 39014427 39038397 39017464 39026968 39026560 39024432 39023836 39021673 39026386 39021140 39027305 39023269 39014044 39037099 39028128 39033932 39032801 39039576 39023379 39018572 39031639 
37 39026545 38844883 39039372 39027424 39021152 39025461 39023085 39024410 39026025 39028654 39023600 39023231 39029599 39018730 39033313 39017669 39023695 39029842 39026407 39028311 39030390 39015053 39031702 39027106 39024499 39025127 39022567 39036912 39030086 39022664 39030552 39017832 
38 39035014 38863590 39032190 39041578 39027175 39019277 39024647 39034109 39024124 39026652 39027671 39033323 39011930 39023416 39026683 39026422 39024830 39037559 39035012 39030112 39023549 39026673 39022636 39022370 39020989 39028792 39032289 39031716 39021783 39029015 39026983 39030371 
39 39014728 38855291 39043484 39034817 39037764 39017233 39026667 39027377 39010626 39030415 39035595 39033409 39028564 39024249 39033947 39031220 39027150 39025408 39033631 39024275 39036338 39029965 39038449 39033161 39025483 39026748 39037898 39027145 39034521 39043915 39028839 39026722 
40 39014344 38849067 39026536 39025659 39026820 39027574 39028689 39035215 39024943 39013540 39035378 39033178 39026014 39031600 39021387 39015349 39033708 39024808 39019103 39023000 39048831 39022779 39021777 39022695 39030924 39031109 39024682 39028827 39038152 39029787 39024508 39027648 
41 39023978 38852949 39028886 39021625 39042225 39033593 39034835 39028310 39020743 39037828 39024064 39018636 39026854 39032934 39034194 39028250 39040803 39026988 39028390 39041397 39030072 39027465 39033543 39029471 39034535 39023238 39028256 39029838 39037709 39040030 39028699 39015506 
42 39015482 38850768 39033868 39034455 39039437 39033122 39028956 39033788 39030534 39022413 39038442 39021479 39026330 39030162 39029089 39042483 39029971 39029764 39027439 39037826 39022454 39015765 39025423 39030890 39031565 39025828 39024214 39035527 39031500 39041791 39021093 39020360 
43 39015521 38854990 39039783 39029641 39019983 39018199 39032084 39032236 39033814 39027400 39037971 39023966 39029361 39018060 39029834 39022480 39026525 39032867 39031559 39033509 39028144 39029669 39031261 39020047 39038374 39027397 39027282 39029341 39033297 39022888 39038804 39020054 
44 39017016 38848696 39032479 39022511 39040318 39017405 39031900 39037270 39025452 39032077 39031883 39022302 39035554 39030391 39020456 39028322 39031817 39032664 39029608 39036566 39023930 39028921 39021851 39028552 39040644 39036098 39027339 39037316 39032674 39016322 39039707 39021500 
45 39023894 38863955 39022593 39027551 39025177 39024582 39028237 39028504 39038243 39037980 39033055 39030553 39038463 39027951 39034549 39024997 39019123 39030423 39026192 39017392 39039769 39035111 39022292 39025210 39035835 39031850 39035307 39033603 39033805 39023563 39041523 39018510 
46 39014621 38848786 39026790 39033164 39032438 39032112 39034373 39022570 39030723 39023308 39034336 39036788 39034233 39035467 39029407 39027065 39029771 39023484 39031417 39016512 39026121 39020011 39031190 39034147 39024336 39033741 39029167 39039077 39034432 39023283 39038051 39031762 
47 39014649 38850367 39035487 39038641 39028495 39033981 39032618 39030382 39036387 39026759 39030879 39038292 39028295 39037177 39041672 39025375 39025306 39031963 39038711 39034849 39027030 39030835 39042769 39038844 39030855 39022825 39021445 39033814 39016662 39035207 39049153 39018255 
48 39034364 38852186 39024151 39030582 39032641 39037630 39033850 39028642 39033905 39022606 39043801 39035940 39035007 39033955 39032720 39019506 39026461 39034343 39033874 39032123 39037800 39031289 39040688 39029134 39032922 39027562 39025896 39026763 39040844 39036281 39030172 39041598 
49 38994880 38862555 39028066 39032438 39025005 39038739 39037854 39027880 39027905 39028461 39027450 39030465 39031818 39029394 39031077 39018570 39030467 39039653 39030721 39030477 39033265 39029786 39048441 39033753 39035168 39035480 39023519 39033418 39045681 39031617 39040554 39025391 
50 39026215 38864589 39029280 39019333 39032419 39026319 39040395 39021035 39032048 39017006 39024442 39036956 39035358 39018611 39036315 39020500 39032620 39030570 39034915 39035756 39037719 39022145 39032204 39036732 39036011 39039824 39023652 39029239 39023354 39032317 39015371 39021141 
51 39009008 38865088 39035183 39029010 39039505 39027789 39038702 39039240 39040987 39038535 39041705 39019517 39038507 39031591 39034258 39022907 39020810 39038171 39033621 39036904 39032213 39031257 39021138 39033077 39027035 39024448 39044716 39029042 39028383 39035109 39040494 39029413 
52 39016208 38860396 39037268 39028555 39032002 39026398 39028105 39030449 39026822 39030369 39029391 39033633 39035802 39034733 39028135 39023986 39029291 39034483 39033696 39031485 39027162 39026793 39024105 39028217 39031576 39027077 39038039 39028136 39029855 39030267 39022900 39028978 
53 39011249 38860810 39021890 39038190 39046461 39038040 39025191 39034201 39035938 39034645 39044254 39033418 39040498 39026350 39035863 39033906 39033602 39018596 39032723 39024089 39025387 39044648 39020223 39031888 39036677 39031260 39027509 39034209 39023669 39019816 39038286 39025403 
54 39019204 38860423 39037612 39027721 39025509 39035181 39029401 39028989 39030061 39037736 39031916 39027490 39024205 39041529 39030549 39016256 39036624 39028627 39042544 39029364 39035810 39033267 39039299 39031296 39028626 39043946 39029785 39022867 39032204 39029163 39032081 39022365 
55 39010673 38874931 39037057 39026389 39028152 39026606 39034839 39034223 39035663 39030822 39024924 39029818 39029701 39040922 39025133 39031956 39025769 39033902 39025975 39039468 39032196 39029989 39038317 39040148 39021852 39042394 39027643 39038633 39033196 39033235 39034488 39025535 
56 39015540 38866306 39032865 39037941 39015985 39029714 39020199 39036577 39028409 39028886 39029239 39037162 39034886 39036640 39031241 39040216 39035094 39024557 39028723 39027501 39034217 39023625 39033123 39038666 39042006 39031603 39031696 39040215 39018836 39037725 39020375 39026326 
57 39013306 38866008 39033716 39031069 39027610 39031117 39037267 39027087 39027113 39036447 39036414 39033032 39026126 39039616 39044274 39029055 39030769 39045189 39027289 39038372 39032740 39033817 39032088 39033154 39035772 39043990 39030402 39029483 39028550 39039835 39039935 39023305 
58 39009360 38857575 39030877 39039089 39030930 39033038 39029176 39042887 39034171 39031233 39025083 39034014 39030577 39047934 39033928 39027143 39022470 39033325 39042606 39034874 39034134 39048405 39044228 39023729 39029474 39037939 39027174 39035623 39034129 39025964 39026965 39025655 
59 39023329 38866829 39026612 39030949 39039767 39030348 39030669 39030366 39046587 39041300 39023977 39036712 39039700 39021048 39038378 39039182 39045398 39034090 39032742 39030519 39032511 39028076 39041735 39026266 39033941 39035676 39033229 39036292 39031189 39033753 39048612 39031929 
60 39024486 38868174 39036126 39040826 39041613 39044664 39034615 39044917 39031687 39026311 39036449 39045585 39032514 39036990 39033538 39022119 39029000 39034903 39034382 39037354 39036874 39031687 39043232 39032513 39042091 39039565 39033360 39021447 39043319 39038418 39019134 39036971 
61 39018217 38863913 39044947 39035081 39036225 39032524 39026983 39032009 39041706 39039418 39040116 39041457 39029489 39037379 39022348 39018990 39039377 39030826 39042416 39033352 39028200 39039897 39033575 39042629 39041135 39028787 39036445 39031360 39040328 39019489 39038814 39029836 
62 39022637 38875335 39021651 39024013 39035875 39029605 39032270 39026876 39037548 39030848 39034752 39036049 39030776 39034599 39027981 39031204 39030657 39027711 39028310 39035021 39022249 39039276 39037546 39026471 39028982 39034663 39033418 39037498 39038937 39034621 39024378 39034995 
63 39025642 38875795 39033390 39034545 39035444 39040206 39021433 39042018 39030457 39027966 39025496 39041759 39023744 39035890 39028925 39032045 39043365 39037323 39031356 39042025 39041388 39037620 39031808 39043384 39042740 39033194 39033333 39029036 39035642 39039208 39043171 39025894 
64 39021043 38876586 39027546 39034108 39034521 39042763 39043295 39032322 39038532 39034725 39033725 39026318 39035400 39049645 39019003 39028528 39030209 39038365 39023987 39023653 39027859 39033769 39040858 39043530 39044100 39044332 39031078 39041074 39037664 39045451 39031037 39039268 
65 38994821 38877526 39038154 39030887 39036642 39032663 39040751 39026869 39034670 39033749 39034512 39042405 39036544 39031425 39032395 39041499 39038296 39035970 39040767 39042450 39035072 39025010 39035169 39024428 39037469 39035624 39038388 39045612 39036912 39041915 39038034 39027347 
66 39012702 38870338 39034849 39045366 39037825 39039676 39037624 39042611 39021043 39033922 39040996 39022605 39030315 39032884 39033100 39030640 39031808 39032535 39037188 39035108 39033733 39028127 39028878 39029013 39040308 39037289 39035411 39042021 39039993 39044705 39033180 39029427 
67 39021975 38870415 39029880 39029843 39030772 39025576 39036498 39035961 39040490 39048428 39025533 39032152 39030593 39036551 39034439 39025787 39042311 39027871 39026754 39035305 39025922 39031185 39028841 39036071 39032099 39040823 39036322 39022308 39036453 39028620 39035504 39033628 
68 39018145 38875867 39038850 39043601 39052116 39045065 39039110 39035663 39031709 39035612 39040212 39042380 39032554 39030019 39039807 39024922 39028931 39032106 39045102 39029874 39032584 39026748 39031771 39031509 39034281 39024315 39037801 39043411 39034474 39037552 39020204 39023704 
69 39013382 38882503 39030082 39039172 39023163 39027320 39037389 39029515 39038418 39035302 39040165 39023485 39023943 39031191 39047878 39021617 39039058 39031277 39041302 39023020 39033758 39040778 39032080 39023483 39024595 39030532 39034717 39031598 39037345 39040225 39047319 39018778 
70 39015065 38872367 39031278 39031947 39033278 39044880 39037119 39031898 39042500 39033546 39041981 39042843 39036015 39033973 39027155 39023630 39033241 39038565 39036445 39040705 39026488 39046348 39050821 39039029 39031820 39043615 39034912 39043960 39041786 39038249 39023836 39041195 
71 39018986 38886359 39045555 39027608 39033337 39033252 39045685 39032028 39029269 39035203 39034063 39033572 39034341 39042324 39023308 39041738 39037030 39036879 39029655 39035442 39036068 39035916 39037170 39034224 39041508 39044638 39039047 39039870 39024942 39032988 39029140 39021342 
72 39016832 38875074 39033744 39037009 39038200 39036158 39030556 39038824 39036065 39027950 39031643 39037643 39036617 39034334 39035840 39042248 39029550 39035206 39029350 39037733 39054901 39037128 39033026 39026172 39041698 39029310 39042356 39033011 39033561 39035562 39026607 39027949 
73 39008188 38877678 39023443 39034691 39038951 39033596 39031728 39049395 39041313 39043222 39043191 39035441 39030439 39030751 39037005 39044799 39031743 39043041 39036318 39038174 39039097 39028537 39043284 39038755 39042748 39036061 39038947 39040791 39033032 39044421 39044294 39020629 
74 39008909 38886077 39045780 39044127 39044393 39033720 39031046 39035154 39031442 39032934 39038894 39046715 39031026 39039929 39051345 39027847 39044441 39044992 39045050 39039869 39031414 39047316 39031503 39046347 39035782 39025392 39027219 39030258 39032744 39033951 39021633 39041048 
75 39020895 38883181 39036569 39042436 39037818 39031518 39034814 39041017 39043400 39044111 39042069 39040211 39044899 39040649 39040838 39029899 39037237 39031110 39044139 39039070 39034963 39030652 39038472 39032571 39028589 39038142 39046451 39044358 39050535 39047764 39041832 39027111 
76 39019214 38881318 39040958 39052480 39035978 39036120 39043801 39046283 39038195 39035323 39039014 39034047 39035008 39028936 39029016 39036340 39041383 39054118 39042436 39027059 39034624 39045652 39032358 39029267 39038530 39037839 39033758 39032102 39037936 39041973 39033201 39034399 
77 39008475 38881467 39040207 39036339 39040029 39029088 39041413 39028829 39039811 39037791 39025959 39034113 39043542 39035009 39034146 39026655 39031340 39035503 39032731 39038044 39030965 39041951 39035438 39037028 39038764 39035807 39037223 39040782 39035123 39037075 39040092 39039085 
78 39026482 38882247 39039236 39032277 39029476 39034441 39035530 39040135 39032817 39034165 39038319 39037450 39045659 39040684 39036812 39029212 39031617 39037219 39037556 39040345 39024561 39037034 39030777 39038383 39048975 39031678 39040853 39035833 39034438 39042711 39034485 39037042 
79 39014004 38876767 39036406 39047258 39043652 39044105 39036871 39033689 39045801 39029730 39037800 39033408 39033601 39045321 39039970 39035428 39042296 39024993 39034442 39044667 39035532 39035186 39047747 39040830 39037457 39047713 39039712 39047431 39046649 39039310 39050299 39035332 
80 39037978 38885631 39045328 39035278 39038187 39046599 39047522 39034061 39022251 39041801 39032802 39042885 39027760 39044278 39029379 39033083 39038831 39032124 39033102 39049791 39041109 39040661 39039016 39039234 39041570 39032877 39038633 39041261 39039402 39034558 39033682 39037244 
81 39023237 38889369 39040162 39045516 39021603 39043452 39038276 39036400 39035489 39045032 39034775 39045460 39038155 39046927 39025927 39030955 39042141 39033426 39035151 39035860 39043019 39040076 39050433 39040082 39042756 39039978 39041464 39043143 39035389 39035148 39036115 39021864 
82 39024741 38888013 39034787 39033989 39045651 39036003 39033463 39049365 39041072 39048845 39048416 39037907 39047744 39035988 39036810 39034107 39041393 39028152 39035063 39046578 39035295 39037605 39025878 39043351 39038852 39037823 39033754 39027896 39035519 39046467 39036865 39039392 
83 39027903 38885084 39036146 39024101 39033220 39040128 39028721 39031928 39032092 39038082 39045644 39035267 39046276 39054461 39041488 39036534 39033966 39043321 39037243 39043355 39044437 39046735 39038467 39039869 39048823 39040694 39051498 39038840 39018685 39042090 39051549 39021625 
84 39021339 38874728 39035922 39049652 39043196 39045142 39032770 39040589 39042329 39043473 39045227 39042824 39051062 39036884 39032053 39032679 39041293 39038755 39050937 39030112 39039598 39034891 39036412 39045779 39045556 39034886 39038286 39037484 39038338 39038458 39039316 39047012 
85 39017247 38886462 39048589 39039500 39047613 39039548 39032231 39030620 39042151 39039501 39037678 39033408 39040796 39025122 39046470 39031155 39038735 39039918 39037522 39024370 39043193 39028604 39051489 39035468 39038969 39044299 39041336 39037847 39041909 39040850 39040269 39046423 
86 39015406 38887587 39033102 39046187 39031240 39031845 39039864 39038677 39038017 39030769 39031280 39043121 39042364 39050142 39037872 39029302 39037669 39035528 39044786 39040522 39036460 39033904 39032984 39032426 39048622 39031671 39038937 39046099 39034825 39039556 39031937 39037691 
87 39028759 38892994 39028984 39041791 39044972 39038721 39038051 39038819 39045179 39042359 39041569 39034083 39037582 39033449 39038987 39039282 39040460 39033078 39034436 39029446 39038243 39046513 39042685 39049960 39027598 39057543 39035274 39052731 39041856 39034133 39049914 39025768 
88 39026028 38882821 39048956 39048098 39033750 39036749 39033520 39038179 39045236 39048385 39050410 39040959 39042919 39041056 39053276 39037496 39040552 39043843 39056347 39048026 39041975 39034707 39043009 39039781 39034984 39049964 39050170 39042748 39045930 39048018 39032280 39038529 
89 39027654 38896496 39031436 39040830 39044924 39039871 39041691 39042773 39036991 39032576 39045649 39034987 39037925 39031840 39036561 39028794 39039676 39033386 39037568 39045733 39049783 39029076 39028301 39051247 39040933 39044516 39034891 39039898 39045580 39033831 39046272 39033498 
90 39026227 38882011 39048398 39040085 39036496 39032764 39051267 39037989 39051103 39041948 39034219 39034884 39031939 39040137 39041852 39032517 39050680 39043067 39047395 39053453 39049496 39041805 39039601 39030617 39047638 39045385 39042199 39047075 39039701 39042878 39042938 39035051 
91 39024565 38885692 39045570 39043899 39039164 39044043 39040855 39035564 39045915 39046154 39038467 39034330 39039913 39033341 39041590 39032784 39056881 39050748 39042080 39042191 39030114 39037299 39037552 39041525 39034805 39055087 39033512 39050605 39050434 39048984 39050022 39034807 
92 39032891 38888842 39032165 39045169 39052576 39045268 39041871 39059569 39041123 39044665 39047392 39044563 39047918 39047491 39046154 39032689 39042232 39045208 39045443 39040136 39049359 39036660 39045805 39043028 39042202 39037715 39038489 39040378 39048087 39038546 39037687 39035460 
93 39028852 38899621 39042239 39048324 39039046 39034377 39043003 39032569 39031221 39049420 39027641 39048115 39053340 39039295 39038298 39041687 39042361 39049129 39052138 39043068 39044281 39042077 39045781 39040891 39040821 39045703 39042054 39045699 39039373 39036709 39061641 39018043 
94 39037397 38895923 39044113 39050410 39052784 39042839 39026546 39040441 39034292 39029851 39041219 39039952 39047794 39045498 39052826 39043259 39042004 39044289 39042824 39044522 39044819 39038504 39034934 39054829 39047904 39058275 39054050 39040726 39054858 39040220 39042199 39040150 
95 39032170 38894793 39041687 39033074 39055130 39027382 39048625 39040060 39043832 39050908 39042474 39047675 39040398 39037201 39042563 39048861 39048673 39043177 39037120 39052401 39033881 39034677 39038144 39043884 39050629 39033097 39048409 39042053 39051495 39044034 39050312 39037824 
96 39034068 38897382 39042693 39029066 39048904 39054816 39045509 39048574 39051083 39050734 39033951 39042398 39033987 39043011 39042603 39047582 39058148 39049677 39052008 39050930 39037956 39039525 39050028 39040563 39033683 39047006 39040098 39050151 39041352 39045095 39029652 39050114 
97 39023038 38904934 39049208 39052541 39038999 39051640 39041654 39042835 39051919 39046773 39043440 39037325 39040050 39053966 39041700 39028569 39041975 39049074 39048191 39041605 39043719 39048938 39054739 39042905 39054391 39046926 39042866 39044278 39035049 39045384 39067114 39037246 
98 39031350 38887700 39038653 39043277 39044533 39044611 39044644 39047685 39037996 39040843 39044937 39037746 39051685 39048696 39054369 39046445 39040630 39027902 39037469 39030876 39044379 39048037 39038993 39058692 39038319 39043084 39045545 39045734 39047422 39049559 39026705 39039042 
99 39037721 38892695 39040146 39049823 39039243 39049882 39049649 39037605 39035524 39050065 39053890 39043972 39044791 39042336 39051765 39035633 39033172 39045777 39029621 39042406 39036702 39057721 39037794 39044924 39039830 39046566 39048092 39041530 39053818 39040614 39046120 39029946 
100 39045567 38894175 39059716 39039972 39040331 39036149 39039634 39051259 39052932 39033458 39043766 39051640 39039168 39048344 39040293 39033628 39044029 39039783 39045315 39044331 39029394 39046329 39048509 39044770 39035770 39040458 39040009 39043243 39037997 39042392 39023575 39039450 
101 39052212 38895481 39041597 39047993 39045275 39043064 39037851 39051116 39047747 39044655 39037811 39041029 39044955 39056673 39046004 39033610 39060904 39042949 39047863 39043794 39038603 39037905 39044882 39050274 39045017 39057949 39044985 39064649 39037079 39046708 39051356 39037304 
102 39042467 38896674 39043788 39044753 39054391 39050783 39049967 39053774 39041771 39055633 39042043 39043483 39040205 39053319 39046157 39035950 39049881 39036567 39045685 39043386 39050535 39041484 39047763 39053437 39046716 39049783 39052586 39038264 39048986 39043731 39034333 39043059 
103 39036954 38899654 39046875 39033092 39041018 39042116 39049248 39047814 39047998 39051196 39057035 39047374 39046546 39042203 39041030 39043321 39045668 39050958 39044061 39042110 39041662 39043282 39039962 39042207 39038476 39044069 39045085 39044303 39053262 39048025 39061921 39043612 
104 39040041 38899987 39053148 39046306 39055484 39047028 39043052 39033013 39043287 39041154 39052566 39044342 39053632 39049430 39052568 39038181 39037120 39044916 39046305 39033601 39041520 39040079 39044171 39041927 39047610 39047794 39048046 39055040 39047603 39046275 39030292 39053111 
105 39040771 38893539 39053058 39058537 39046486 39047770 39044238 39048185 39044927 39053271 39045903 39047292 39051496 39047113 39056667 39040614 39049158 39048674 39041215 39039257 39029839 39041202 39043442 39038962 39037813 39053235 39048466 39048259 39043880 39051332 39048475 39036475 
106 39044665 38889412 39046926 39039983 39036536 39046698 39036682 39047361 39042880 39046151 39022991 39041867 39040637 39034758 39043168 39037094 39046392 39050369 39057772 39049889 39039358 39042644 39042424 39058010 39043782 39053642 39045480 39050790 39047639 39046568 39048156 39050938 
107 39043684 38899451 39049573 39049440 39051890 39037644 39054775 39042778 39062861 39052074 39035374 39045764 39053754 39048405 39041969 39040920 39037459 39047957 39045391 39039185 39042160 39038378 39044798 39040656 39046400 39045023 39048135 39044090 39033671 39034896 39061071 39036179 
108 39052243 38896175 39039487 39046250 39054441 39030875 39039519 39057628 39044188 39043336 39057280 39036780 39046694 39036085 39045867 39028807 39048223 39040477 39049305 39050827 39045261 39051339 39041257 39045911 39042923 39040717 39036351 39050697 39043464 39034826 39039360 39030628 
109 39042031 38894163 39041874 39055679 39040008 39048240 39048028 39048440 39046267 39044337 39058329 39047576 39042615 39042820 39050697 39038284 39048957 39054639 39043379 39049125 39054253 39047316 39039234 39049812 39034738 39040948 39046456 39051085 39048170 39045368 39064053 39047561 
110 39047254 38908449 39048733 39050378 39050976 39049232 39048097 39045222 39052907 39050854 39044913 39047781 39048411 39043983 39050895 39034854 39056593 39051705 39041176 39060930 39042413 39047824 39042375 39041071 39045958 39038915 39041847 39043502 39060544 39045013 39044425 39040714 
111 39046489 38902408 39043858 39042781 39060126 39048544 39040377 39055919 39058902 39056633 39039681 39044937 39049786 39063234 39042377 39034577 39049786 39043929 39035311 39056756 39047691 39039472 39037345 39039344 39041254 39049102 39048994 39040786 39055279 39037343 39047207 39033404 
112 39045897 38898864 39042100 39047465 39046836 39055531 39036677 39048239 39048997 39047526 39051971 39035655 39044710 39056630 39051759 39032008 39052226 39054934 39052604 39044326 39044704 39047682 39039503 39040958 39038515 39051249 39046042 39048157 39043846 39038959 39043453 39032257 
113 39054651 38904109 39058071 39058845 39054293 39060852 39045463 39053931 39047315 39046257 39047530 39048497 39049254 39043073 39038435 39048751 39048254 39054920 39047669 39047234 39042570 39043533 39046256 39053866 39046489 39044856 39045236 39052085 39060001 39052470 39041871 39046308 
114 39057306 38896305 39047880 39046673 39048340 39042465 39059069 39051153 39052250 39046542 39048355 39047214 39043718 39050675 39048386 39049188 39050849 39050130 39057470 39044179 39057266 39056608 39038955 39042721 39059883 39045762 39048303 39054379 39049082 39044066 39035739 39052855 
115 39047927 38899741 39049494 39050647 39047666 39049447 39044367 39053561 39042138 39048105 39039881 39050958 39045511 39048325 39040674 39038724 39043250 39041546 39056102 39052127 39050477 39040289 39048537 39041175 39037630 39051958 39046886 39057040 39049479 39049587 39042458 39036083 
116 39048856 38901882 39050052 39048897 39054233 39048343 39036448 39057013 39048644 39041411 39036629 39043953 39045808 39042430 39056760 39046009 39053955 39030260 39053765 39049907 39048679 39051306 39045334 39047586 39052046 39039561 39052228 39052782 39040015 39041342 39043983 39048640 
117 39056843 38901038 39048746 39050760 39052515 39042380 39049013 39047279 39057112 39043718 39060017 39044923 39048888 39046772 39057109 39045744 39046005 39044444 39046647 39053034 39064421 39038765 39044865 39055309 39052152 39047094 39053308 39050526 39050561 39051434 39056383 39028925 
118 39061819 38904935 39056497 39042636 39055966 39051416 39047786 39062595 39053174 39051024 39052437 39050080 39041962 39045162 39045216 39034828 39049937 39047266 39053259 39058762 39049721 39048819 39061038 39045706 39056155 39046764 39049037 39052254 39055270 39055134 39039178 39045834 
119 39049637 38907486 39052821 39060833 39051964 39045814 39052792 39056828 39056307 39043846 39050283 39045121 39042932 39045938 39051247 39044303 39049037 39060513 39051342 39051784 39056685 39051469 39051230 39044623 39057917 39050234 39048672 39043128 39059215 39039754 39063934 39036142 
120 39059085 38896467 39048523 39051627 39057041 39044052 39046673 39058766 39047012 39061213 39046029 39063642 39047488 39057023 39052140 39048080 39049245 39048515 39047379 39056878 39050489 39041427 39046364 39044040 39054119 39048908 39045633 39055542 39048336 39054886 39034890 39044904 
121 39056503 38903844 39053070 39044821 39045066 39043182 39055784 39060183 39048076 39049337 39057522 39050934 39050618 39046428 39055391 39042373 39048264 39058565 39052703 39045284 39052624 39045380 39058574 39048044 39046314 39046172 39057165 39049624 39041694 39053273 39060988 39042808 
122 39058319 38910666 39049162 39047050 39042919 39047242 39055733 39041630 39043035 39058713 39050983 39055940 39062842 39053540 39050080 39048196 39059346 39046081 39046163 39042481 39055179 39046582 39053239 39060027 39047930 39053801 39049964 39063607 39037180 39053209 39039109 39041419 
123 39051078 38902646 39058265 39045015 39050635 39059074 39052500 39045480 39054383 39042689 39057786 39049874 39053259 39053686 39048084 39044729 39045691 39053803 39053674 39046106 39055368 39044138 39048775 39052478 39056870 39039482 39053648 39034558 39051014 39049590 39059831 39045540 
124 39053700 38898110 39053480 39055327 39047830 39054851 39047909 39045236 39048019 39055122 39054671 39047292 39057705 39052073 39058884 39039846 39048519 39052472 39043012 39055268 39044024 39044465 39049291 39056848 39055401 39048166 39053775 39051962 39052141 39058814 39051639 39047238 
125 39075753 38905733 39067126 39045345 39061582 39052781 39053815 39047711 39058723 39057931 39044200 39039164 39046834 39058772 39044360 39048653 39055354 39056867 39056377 39061526 39056970 39060507 39049751 39053544 39038013 39053450 39047772 39053071 39044402 39055477 39051785 39040571 
126 39059936 38907310 39052600 39049149 39056087 39049834 39059737 39050297 39046967 39054552 39046135 39051743 39048005 39051281 39054912 39052713 39064842 39050964 39060390 39041231 39057798 39057723 39054144 39043108 39056853 39052608 39061706 39042376 39053050 39048957 39037471 39054468 
127 39041204 38891047 39056049 39051199 39056004 39049639 39048047 39060021 39046152 39050330 39052115 39055209 39058078 39043133 39050848 39048653 39045833 39055224 39057044 39055961 39057967 39050300 39050820 39053456 39046841 39069542 39046450 39052025 39053311 39055146 39058877 39050368 
128 39032660 38912334 39077793 39058348 39052855 39053504 39057358 39048690 39043913 39054974 39044908 39056515 39058378 39068835 39060461 39043932 39064633 39055568 39062108 39057161 39062087 39058714 39048216 39059744 39054904 39056058 39066987 39051186 39053292 39048002 39049603 39053158 
129 38810483 38788647 39057162 39059817 39052890 39051294 39058171 39046263 39049577 39054640 39067281 39051852 39046362 39046408 39050997 39046715 39053721 39064297 39060079 39063836 39055949 39051630 39057792 39051069 39055233 39043622 39057135 39049788 39054316 39053116 39060877 39040800 
130 39113666 38907415 39053569 39053060 39058879 39046211 39047283 39059098 39050908 39042791 39044618 39052564 39066450 39062973 39051246 39041047 39045924 39058543 39051777 39047800 39048323 39053662 39061352 39058427 39057838 39049986 39049781 39054941 39059243 39056319 39047295 39048793 
131 39132135 38906277 39200523 39058269 39055144 39060297 39046800 39062535 39054345 39059815 39051313 39049937 39053078 39051375 39050781 39048482 39047904 39055144 39062377 39049352 39055065 39054354 39047637 39069808 39058254 39059660 39059871 39057321 39052476 39052883 39057525 39054621 
132 39127204 38920228 39056533 39053169 39062225 39055872 39044865 39046333 39057096 39055169 39052709 39052168 39059132 39049911 39050695 39043644 39051043 39052542 39062649 39053639 39050206 39059845 39053608 39055328 39045961 39051311 39055771 39062538 39041444 39041132 39057712 39048077 
133 39113113 38902970 39059568 39061855 39050334 39047188 39061026 39065907 39059641 39052369 39047485 39056742 39055338 39054740 39056024 39045607 39046570 39056948 39051258 39052351 39057742 39062248 39061210 39047141 39052619 39053319 39063136 39055408 39052616 39054790 39054776 39048876 
134 39112738 38914226 39069658 39063238 39057356 39055176 39048949 39051495 39057318 39053007 39055581 39060338 39061816 39052173 39057313 39049333 39050451 39061531 39055364 39047240 39056554 39059319 39060515 39062755 39061189 39052943 39058801 39043370 39059366 39054964 39054088 39060350 
135 39127648 38914088 39058139 39061996 39042220 39063874 39061622 39065719 39055919 39056011 39060301 39057680 39056882 39051203 39046777 39052626 39058776 39061330 39049139 39057993 39059935 39059121 39055471 39047743 39049178 39056645 39060564 39065215 39046835 39055948 39061776 39043522 
136 39130073 38910449 39062795 39052408 39056266 39058474 39052013 39055371 39066218 39061260 39049834 39062055 39052626 39051792 39065024 39051149 39051145 39054010 39068108 39042043 39055588 39047279 39062809 39055039 39052137 39041167 39057869 39049204 39064956 39057271 39052365 39063555 
137 39120775 38909920 39057464 39053298 39061664 39059916 39056616 39056962 39054461 39061046 39063161 39061480 39059505 39063624 39050808 39051137 39046406 39046668 39048124 39061121 39058403 39058661 39063006 39056103 39053538 39061444 39065154 39058550 39063192 39052889 39057540 39046382 
138 39114514 38908989 39059153 39052644 39068300 39054715 39055554 39046523 39052449 39051965 39046717 39053100 39047609 39057511 39043798 39054705 39057926 39059469 39059908 39063041 39058155 39051300 39066211 39045582 39058233 39055222 39061251 39043211 39067359 39053946 39042047 39057592 
139 39119539 38923878 39075398 39050432 39055619 39051693 39056701 39060074 39056883 39063258 39058801 39058842 39060940 39049491 39053323 39046133 39050587 39064574 39053256 39041170 39058109 39057376 39048352 39062816 39075317 39060774 39057195 39047465 39062377 39058747 39065713 39059158 
140 39113900 38913898 39074737 39048895 39051876 39063576 39053480 39061729 39059020 39063876 39077395 39061155 39061936 39057804 39059099 39045003 39054249 39054047 39050724 39053397 39054925 39063342 39061541 39055378 39062157 39050195 39060450 39062980 39051399 39060564 39048939 39060126 
141 39124401 38925379 39061976 39054159 39065327 39051716 39057063 39049005 39058106 39054926 39070247 39055812 39066357 39063204 39065705 39044674 39064710 39059438 39059306 39060847 39053658 39050438 39056724 39056465 39062695 39053718 39056743 39058872 39045260 39065424 39072532 39050136 
142 39125646 38920445 39067496 39053336 39052877 39061610 39068571 39047061 39059810 39048588 39057450 39059470 39058369 39059479 39054071 39064864 39067052 39062189 39065158 39052565 39047649 39048634 39066092 39056455 39058625 39060976 39057474 39049315 39054671 39067861 39051985 39051741 
143 39127107 38916117 39053647 39064183 39062314 39059295 39063503 39050157 39062419 39052473 39057175 39063368 39049924 39050803 39062892 39051031 39059843 39059692 39056067 39060689 39054443 39054395 39057221 39057020 39057756 39059673 39066264 39053628 39055771 39057083 39063637 39049948 
144 39133859 38926611 39062537 39059951 39048980 39062425 39064609 39060167 39052787 39064307 39056998 39055542 39061643 39064597 39067327 39054225 39055053 39059730 39064281 39063647 39043639 39047479 39056017 39057642 39062787 39054007 39048133 39048287 39066091 39062593 39044979 39040245 
145 39110679 38931714 39056821 39058576 39070229 39066106 39055546 39053785 39060252 39062333 39067516 39057363 39049896 39050890 39054625 39047803 39054877 39052329 39071650 39065943 39047329 39080211 39055856 39061927 39055665 39071117 39047370 39056679 39069471 39060704 39068493 39049976 
146 39127226 38920187 39061585 39052683 39063917 39069632 39060936 39052193 39052958 39046964 39048064 39056247 39058624 39064951 39041108 39050678 39061324 39065353 39053772 39060604 39053498 39059386 39055209 39060867 39045990 39056235 39060056 39054113 39061690 39050072 39053799 39066553 
147 39124640 38929255 39069425 39056913 39054382 39064686 39059193 39057476 39058119 39072802 39056739 39062523 39062195 39062105 39062358 39047687 39053345 39060296 39060608 39064994 39061729 39059712 39061229 39054662 39057697 39073820 39062263 39056852 39047688 39059247 39070459 39059091 
148 39114310 38920751 39051679 39066442 39047198 39066677 39056888 39053820 39058432 39052370 39064934 39062689 39056060 39055670 39070478 39056835 39070785 39064546 39051255 39075235 39065643 39053516 39057305 39059985 39062192 39055882 39066155 39061137 39059900 39054730 39063849 39053037 
149 39121788 38928992 39074000 39061521 39066035 39062408 39058149 39060028 39060884 39055985 39062559 39065865 39058458 39070001 39071452 39047667 39068560 39059272 39064279 39063820 39061450 39066105 39056593 39067713 39055213 39075701 39052890 39061433 39055899 39053652 39073069 39048817 
150 39121747 38914502 39063842 39074106 39060973 39064304 39059953 39065024 39057573 39064746 39052376 39075491 39062182 39064360 39062350 39044586 39050333 39059486 39059208 39064888 39066067 39048194 39061295 39068621 39050137 39059106 39068254 39059362 39054777 39072255 39054160 39057174 
151 39117836 38927525 39071178 39066145 39060800 39068225 39072879 39064568 39053357 39075566 39056780 39058495 39071644 39065860 39064693 39054502 39062695 39053221 39060475 39064737 39060958 39070661 39048541 39059373 39062350 39059643 39051938 39072892 39070163 39060437 39061118 39046558 
152 39131610 38939398 39061714 39063394 39059065 39060424 39062790 39061749 39071313 39065349 39066202 39060871 39063681 39065290 39051468 39057122 39061639 39059407 39063826 39054788 39076099 39056062 39074226 39071631 39070239 39070355 39061103 39066534 39070937 39052881 39051853 39049528 
153 39131931 38935795 39053211 39068393 39060988 39068663 39064990 39061996 39069801 39057259 39064036 39073343 39069980 39057591 39068447 39060755 39067414 39064605 39059321 39063864 39068928 39057160 39063323 39053601 39054663 39062872 39077017 39062417 39067131 39059837 39075076 39066141 
154 39140265 38931241 39078610 39078005 39065933 39065042 39078407 39061011 39064204 39062649 39058559 39064215 39058949 39071483 39072593 39053344 39065601 39055464 39059671 39067655 39068737 39055593 39059383 39061619 39063995 39051491 39057331 39076714 39072174 39056672 39050528 39052035 
155 39117893 38931516 39080984 39070423 39062397 39057067 39061021 39057761 39074188 39062975 39065690 39073413 39050067 39062713 39057039 39053955 39061323 39068223 39059034 39053703 39056958 39066956 39058103 39068396 39055590 39071095 39058912 39058268 39073942 39067267 39075713 39049467 
156 39133046 38941715 39077721 39054692 39074394 39071942 39072027 39065968 39062213 39068371 39063225 39055308 39066568 39062824 39060136 39054688 39070170 39070307 39060153 39062299 39063763 39058453 39069285 39061600 39059645 39065251 39066137 39059089 39057872 39067568 39051969 39070636 
157 39134372 38925399 39069747 39070472 39062307 39062922 39058494 39063456 39068803 39068404 39062554 39062212 39059941 39057760 39058086 39058055 39061509 39068052 39054996 39071147 39072382 39061762 39063969 39063985 39069624 39056492 39086320 39061520 39065236 39071433 39073016 39053311 
158 39124533 38932060 39068043 39065834 39059925 39056436 39063967 39068599 39072684 39070624 39072148 39059719 39060600 39055152 39062963 39065932 39075260 39073110 39058631 39062917 39077987 39059290 39065588 39076509 39052206 39055566 39072883 39059372 39065878 39062949 39047277 39068879 
159 39133802 38942654 39064887 39067585 39056278 39074508 39068503 39059793 39073917 39064919 39066716 39074637 39061014 39073162 39068022 39062388 39064224 39069032 39062945 39058155 39065939 39069699 39060611 39066200 39059269 39058167 39056326 39059979 39062915 39056660 39076880 39048885 
160 39131559 38942021 39058716 39063024 39070754 39066490 39064870 39073428 39063957 39077594 39062570 39063184 39071868 39064892 39068541 39061134 39062591 39065481 39067686 39062451 39073322 39079662 39056061 39058779 39065845 39063608 39060918 39066782 39076609 39056661 39057726 39065813 
161 39118113 38938817 39074902 39066006 39062519 39069456 39070479 39067428 39072837 39066324 39058984 39071946 39073130 39064892 39069462 39061986 39068556 39067054 39067878 39066067 39073251 39063057 39066730 39065159 39077195 39069388 39050437 39074061 39069435 39059607 39069212 39071041 
162 39142080 38941865 39068919 39065391 39068638 39078160 39082237 39064124 39058965 39065385 39067534 39065612 39067758 39075734 39068782 39061190 39066547 39069192 39057789 39053814 39071588 39070716 39069851 39066381 39058135 39071396 39069362 39067414 39064285 39060712 39061118 39045121 
163 39141697 38941270 39064901 39056650 39073567 39075526 39065348 39067318 39054105 39066426 39072132 39065085 39061036 39060715 39079793 39054995 39058685 39064320 39070731 39066183 39069338 39062676 39052434 39064437 39069218 39065131 39057928 39069834 39058602 39068473 39064845 39058216 
164 39127417 38940783 39064059 39067102 39067027 39090988 39064749 39071309 39064518 39066241 39068072 39065003 39077683 39057039 39071862 39045089 39072593 39067080 39070006 39061417 39075366 39064710 39071283 39070632 39066738 39068096 39063801 39071618 39062890 39074096 39049668 39053468 
165 39114555 38949723 39068674 39065636 39058293 39072407 39067574 39075189 39070505 39065186 39074597 39072537 39064787 39068378 39070430 39061246 39070188 39067314 39061662 39073523 39064545 39066143 39069191 39063536 39068464 39062270 39066972 39061272 39061269 39080386 39079164 39063005 
166 39134565 38944815 39060187 39065095 39064791 39070747 39072157 39077865 39069542 39063663 39061877 39070510 39075954 39065899 39056301 39055084 39060208 39064652 39063533 39057804 39062769 39068561 39069491 39066993 39066506 39059522 39066533 39053273 39053147 39061477 39050739 39057471 
167 39136148 38953473 39068850 39070430 39067279 39064141 39072105 39075109 39075031 39059556 39058552 39070173 39072479 39065813 39064773 39061682 39068159 39082531 39067771 39065950 39074417 39061019 39072894 39060821 39082056 39073735 39066940 39067696 39057734 39068878 39075000 39069045 
168 39132250 38948108 39071206 39074330 39064950 39059595 39050317 39073248 39072497 39070918 39068331 39067224 39066289 39072150 39078690 39068077 39072174 39084105 39067268 39078339 39063873 39077492 39060705 39076094 39073671 39062868 39066064 39057805 39067674 39061200 39066072 39066331 
169 39119302 38948596 39070727 39059194 39064707 39073567 39079111 39071033 39069381 39073886 39079624 39072150 39070393 39068233 39068185 39066503 39065959 39060423 39074827 39073393 39068899 39076297 39081702 39076045 39065728 39073724 39069558 39059549 39066670 39072552 39082831 39056359 
170 39123876 38942288 39064671 39069798 39062923 39069772 39086790 39078618 39066800 39077803 39071471 39068565 39065779 39074247 39065305 39062841 39070219 39068843 39067496 39067686 39081822 39072432 39070736 39072838 39078145 39079619 39066563 39070069 39071727 39052612 39062145 39067908 
171 39131204 38951748 39071014 39074199 39071426 39080846 39074386 39076914 39074744 39064945 39076273 39061863 39077161 39065994 39063282 39068233 39068659 39054757 39061978 39058889 39070645 39076272 39071893 39073670 39067480 39070003 39054794 39071780 39074239 39078086 39078936 39057048 
172 39136064 39096281 39057763 39073736 39062399 39074609 39074900 39078124 39057957 39062094 39081819 39063130 39070792 39072568 39069441 39073273 39065025 39066049 39079348 39085227 39079972 39069489 39071153 39065973 39067981 39076988 39058833 39070477 39072933 39073019 39070391 39068852 
173 39125516 38955572 39076957 39069414 39082439 39080140 39066604 39073780 39066591 39076948 39079592 39078501 39075969 39084377 39065543 39069483 39067228 39071570 39084180 39073067 39071428 39073936 39067661 39077163 39069660 39063869 39073635 39068139 39064693 39057733 39085283 39065678 
174 39137114 38945494 39071817 39080379 39064919 39069941 39073850 39067440 39068793 39075347 39077296 39078779 39084076 39064923 39072250 39065917 39087438 39071234 39083989 39069824 39068271 39063820 39084013 39073108 39072937 39074948 39066831 39068241 39071567 39073946 39066093 39069203 
175 39127222 38937122 39080891 39074385 39075921 39064346 39066727 39077238 39074522 39082472 39074223 39068980 39067910 39064553 39070260 39063024 39069370 39064061 39068340 39067802 39069037 39078923 39072171 39078320 39073614 39064438 39073327 39068349 39064618 39064104 39090628 39062644 
176 39135496 38942559 39081364 39065142 39068406 39078813 39068461 39070388 39076522 39073674 39082974 39068812 39066027 39079079 39067374 39054813 39080054 39073406 39073772 39068533 39072883 39073637 39071759 39067678 39066371 39072621 39084101 39070412 39075486 39067644 39062259 39068326 
177 39104395 38949579 39071494 39080412 39087289 39082539 39075279 39073643 39069022 39080051 39066585 39080775 39075320 39072767 39080747 39063869 39071956 39057809 39070881 39080421 39076580 39071261 39076361 39071845 39062811 39065557 39074612 39068244 39080433 39067102 39085024 39068572 
178 39124073 38938583 39074212 39070368 39078761 39065327 39072732 39064744 39076878 39072122 39074613 39074772 39071157 39073747 39068578 39065198 39074688 39076230 39072899 39061411 39076787 39085003 39076535 39072974 39077186 39064590 39077151 39066384 39072946 39075616 39062354 39062126 
179 39128621 38951699 39075330 39071874 39071297 39072848 39086000 39087544 39080527 39087260 39074354 39069556 39065214 39075057 39078609 39072155 39077352 39080874 39066428 39065678 39063657 39080416 39076251 39075773 39079446 39068797 39067856 39079233 39060149 39062861 39086567 39064351 
180 39118925 38956263 39068227 39079654 39072470 39074686 39086267 39070095 39084120 39064919 39076243 39069006 39076522 39075331 39071306 39067621 39084709 39081083 39076851 39075913 39080454 39071435 39072459 39070185 39068106 39075746 39079321 39068911 39081604 39070021 39078374 39080613 
181 39119468 38951473 39068078 39079647 39078211 39080583 39075629 39070751 39083533 39062179 39074461 39073508 39081240 39086924 39066313 39064620 39072540 39076263 39084227 39081292 39066661 39082974 39073510 39083932 39074428 39066536 39077914 39065327 39071495 39067402 39072883 39072335 
182 39124885 38947721 39073136 39086594 39074536 39067802 39080852 39075466 39077057 39078605 39072634 39083992 39073691 39085540 39077166 39076500 39077732 39071584 39077228 39072493 39081711 39077026 39083772 39076597 39076233 39082381 39084675 39072871 39066199 39066177 39062439 39059802 
183 39112753 38950686 39082633 39091549 39075768 39079342 39086668 39081360 39072547 39082742 39073603 39081417 39082153 39084925 39061078 39072166 39079076 39080984 39074045 39075960 39068666 39072816 39079732 39070326 39074330 39068663 39075708 39076279 39076513 39077840 39089325 39062929 
184 39121517 38958399 39078618 39084321 39066592 39084623 39078243 39075077 39071201 39073847 39086368 39079779 39079658 39066012 39087494 39076410 39086526 39069789 39070530 39080382 39067356 39073434 39081012 39066017 39072771 39072595 39072217 39069795 39077504 39077412 39068101 39077481 
185 39121281 38960035 39085068 39075594 39087607 39082052 39085577 39083598 39074766 39075453 39084260 39080010 39080121 39084686 39076736 39061200 39076099 39078686 39069872 39080508 39067299 39081873 39067874 39076715 39076319 39066684 39075517 39072482 39071018 39067151 39078726 39068208 
186 39118526 38941924 39072890 39075420 39091633 39083364 39080332 39077279 39084431 39079499 39081987 39076037 39073923 39076988 39075276 39065565 39085780 39078988 39079901 39077642 39077500 39080681 39074544 39082718 39078148 39067960 39071159 39076828 39077545 39068279 39066287 39069056 
187 39107586 38951407 39082001 39073011 39078410 39069694 39084378 39081745 39084610 39085970 39075152 39080186 39088022 39085118 39082266 39075858 39073579 39078424 39075258 39085029 39087409 39070218 39071712 39066323 39076298 39077993 39074103 39081137 39080382 39083195 39085819 39071335 
188 39129131 38951657 39072637 39079411 39086271 39088870 39067479 39078825 39076378 39068756 39096592 39077135 39083788 39083523 39085347 39076494 39073696 39078839 39077946 39076735 39080563 39079178 39071422 39065543 39072363 39072164 39079915 39078089 39069505 39065925 39068217 39072672 
189 39132866 38960280 39087051 39079374 39079558 39091318 39087256 39081324 39073921 39074854 39083020 39081656 39078667 39092248 39088755 39066105 39069793 39066379 39071701 39079199 39079111 39074475 39082273 39078306 39081002 39071549 39074704 39078848 39073749 39080358 39076284 39070385 
190 39124959 38968973 39081793 39068684 39074316 39080205 39079268 39078800 39091019 39083337 39076728 39076566 39081764 39082544 39084434 39087106 39083574 39082902 39085887 39071609 39079711 39084257 39076095 39082864 39083076 39081327 39076783 39075400 39077791 39082318 39068320 39068797 
191 39116504 38941372 39088620 39069531 39084812 39074314 39081891 39083418 39092271 39086792 39071235 39088963 39090558 39084525 39086499 39070894 39078414 39074192 39075938 39076689 39070172 39072314 39082208 39079282 39082660 39079017 39075726 39080492 39083650 39075827 39098648 39073840 
192 39124513 38952971 39085784 39080544 39085876 39085241 39086281 39087064 39069046 39088181 39090392 39088783 39075599 39084452 39084271 39071916 39093106 39083786 39079523 39088821 39085335 39078793 39073320 39067435 39078755 39086451 39085861 39088409 39069918 39086559 39068978 39068162 
193 39085190 38958367 39086293 39093384 39078386 39076597 39084223 39075564 39066201 39081330 39086410 39087602 39086915 39084684 39074573 39080267 39087642 39079955 39072714 39079833 39076098 39090280 39082075 39076140 39076818 39084381 39081890 39087014 39070093 39075192 39088724 39069659 
194 39101445 38948883 39075708 39087835 39083755 39091128 39084641 39081968 39078387 39089959 39073615 39080670 39076083 39091212 39074271 39080559 39090028 39076094 39087955 39083355 39084147 39083405 39086123 39079331 39066834 39088140 39080025 39082238 39073805 39082733 39081369 39070344 
195 39120415 38962827 39091953 39080528 39098104 39086927 39087548 39077576 39094248 39077701 39088990 39085825 39094372 39076739 39068397 39071611 39087061 39072565 39084632 39077984 39086278 39083675 39089104 39082323 39080850 39080174 39080224 39078302 39076236 39078713 39073556 39067276 
196 39108858 38954819 39095864 39081540 39092734 39082765 39095248 39083567 39074623 39078233 39082287 39070330 39077958 39088516 39079220 39080923 39083918 39083777 39090880 39075747 39088623 39075736 39080915 39087169 39082271 39077803 39078241 39074032 39090121 39068442 39073136 39077100 
197 39118266 38961469 39100601 39084811 39082065 39094812 39094144 39082900 39076581 39097629 39096529 39083321 39074968 39087413 39087702 39075809 39071758 39087980 39086123 39084933 39077929 39090019 39089828 39081127 39084174 39092933 39076922 39065771 39078327 39082132 39078684 39086046 
198 39104460 38956664 39079030 39091036 39089533 39077295 39076224 39099394 39090616 39092804 39085810 39085044 39078979 39091168 39071994 39073562 39079489 39080474 39080691 39078222 39085214 39086710 39090314 39077379 39080621 39085058 39079509 39089493 39085048 39077611 39080833 39074264 
199 39099710 38968982 39082388 39089585 39081584 39083238 39082299 39075488 39081292 39085048 39083399 39084178 39096649 39068483 39077671 39076790 39093346 39089254 39083834 39077848 39078611 39079068 39073694 39091854 39085262 39088978 39083018 39075053 39078791 39071127 39087336 39080100 
200 39099674 38966391 39091625 39081874 39089587 39084364 39083244 39079688 39086293 39085376 39089568 39082961 39088735 39081857 39087808 39067696 39074652 39080784 39088979 39082481 39084160 39075382 39077539 39078461 39090431 39085884 39083276 39072256 39081528 39083671 39080321 39082461 
201 39096290 38961485 39087051 39090351 39089249 39091622 39091870 39088058 39086161 39089775 39086644 39091354 39078714 39079188 39089590 39078652 39070803 39081097 39083197 39086522 39070501 39083322 39083095 39075080 39079189 39085098 39081941 39079461 39081338 39079592 39103203 39077394 
202 39095584 38965862 39090093 39086693 39093332 39072645 39096258 39083503 39088653 39079268 39092038 39096955 39095555 39083690 39084069 39073284 39090319 39088640 39081063 39092433 39093123 39083332 39084550 39088814 39084096 39084626 39083526 39076122 39090641 39088887 39075599 39092053 
203 39087550 38962079 39088034 39087398 39089624 39096567 39089162 39086196 39093164 39083932 39083786 39087186 39075597 39096031 39074831 39060134 39086704 39089722 39092546 39086661 39080670 39094153 39085373 39083602 39093828 39085785 39092010 39085688 39082450 39088104 39094710 39068367 
204 39106532 38961814 39082621 39082565 39092887 39084353 39093226 39076331 39091189 39097402 39097210 39096755 39095968 39089634 39090090 39082052 39081220 39080787 39087915 39081277 39087807 39088242 39079874 39087388 39091139 39086610 39082319 39071258 39078378 39093295 39072002 39085458 
205 39103903 38967073 39081635 39094201 39090438 39091650 39092029 39088201 39071569 39097749 39093520 39100857 39091305 39093678 39101516 39087077 39086541 39093765 39082380 39090870 39086186 39089846 39084309 39094006 39092054 39094504 39086797 39088784 39089500 39087126 39089662 39080501 
206 39089328 38965245 39088136 39088485 39078161 39094467 39084292 39101209 39085440 39092680 39094714 39090039 39090999 39077612 39088211 39082914 39100125 39086840 39087946 39073674 39090926 39088977 39085020 39089528 39078917 39080672 39093625 39096092 39077959 39087557 39079929 39082901 
207 39099818 38962401 39082831 39093843 39087722 39096596 39098590 39090282 39093173 39090491 39101506 39086426 39102921 39088526 39099542 39075981 39082781 39093771 39093192 39088572 39087565 39089892 39094486 39091273 39088567 39092611 39090748 39091366 39087271 39082947 39090991 39079098 
208 39095028 38971615 39095524 39090783 39089930 39089487 39096260 39088656 39091374 39085391 39095710 39089241 39097973 39085686 39096355 39093803 39083095 39086038 39094273 39098257 39097010 39093439 39098124 39099567 39090072 39092152 39088391 39082225 39082464 39087442 39083322 39092726 
209 39086702 38981051 39110207 39098213 39105498 39090713 39102315 39092627 39099662 39094597 39096642 39095698 39099714 39092095 39088851 39079126 39094319 39093991 39097812 39087087 39082937 39095763 39086526 39093062 39080698 39094884 39092988 39084271 39084300 39094678 39090616 39079662 
210 39096534 38968939 39099328 39099713 39096840 39091866 39095910 39093677 39097243 39096844 39078687 39087031 39094308 39089372 39093959 39081732 39095674 39082155 39094307 39088222 39097306 39092677 39080348 39093276 39096682 39099715 39097851 39086567 39096805 39094655 39079474 39093213 
211 39079571 38970378 39100078 39091855 39092557 39091193 39103398 39083033 39098334 39095691 39100392 39096268 39090518 39099149 39086050 39083860 39087063 39095253 39093970 39082343 39074050 39094404 39095804 39092092 39089951 39084916 39093162 39104383 39092380 39083207 39082904 39085769 
212 39075351 38960446 39097727 39097309 39099220 39102230 39105871 39100415 39094900 39096260 39095830 39092506 39098976 39097248 39098821 39090587 39097855 39101299 39091079 39090062 39095403 39079995 39085385 39079594 39098486 39085092 39090987 39078439 39090709 39096438 39082512 39092271 
213 39080679 38971382 39083250 39092220 39105034 39096524 39110497 39091064 39105372 39088377 39092482 39093240 39088765 39086872 39097266 39088284 39104397 39102776 39087770 39096321 39089548 39097806 39092674 39093525 39092492 39085442 39098435 39088679 39093176 39096462 39104626 39084550 
214 39086743 38969539 39102428 39100394 39088151 39085459 39107244 39098718 39101015 39102469 39098323 39096729 39100528 39096303 39088833 39083334 39092538 39087836 39093377 39107873 39100151 39109530 39084470 39087779 39096821 39087369 39096694 39081022 39088772 39090823 39080794 39081853 
215 39095944 38970655 39093810 39096523 39094054 39099159 39089147 39089111 39101817 39101847 39100596 39096750 39094585 39096584 39088616 39096257 39100865 39098626 39087215 39104166 39094276 39099734 39089860 39090451 39092933 39098951 39092784 39081761 39087868 39086259 39092934 39084620 
216 39070332 38962415 39101723 39101965 39097940 39102528 39102020 39101231 39098931 39092344 39095769 39108596 39094414 39102602 39097796 39080911 39094399 39077974 39085501 39099695 39092744 39105176 39092995 39098147 39091560 39086823 39102275 39088640 39088715 39094332 39092193 39097311 
217 39091590 38977075 39081528 39094803 39085707 39100742 39088712 39101458 39098485 39097420 39097633 39100081 39093196 39094337 39102099 39090612 39094865 39097727 39093935 39100537 39098531 39087332 39088143 39091096 39098170 39104339 39082821 39089381 39090557 39094939 39101868 39089741 
218 39077460 38971765 39094261 39086956 39105876 39108276 39102088 39106029 39098059 39093123 39099112 39090063 39093266 39090049 39091534 39089195 39093147 39092531 39095115 39093421 39092451 39098852 39097342 39091793 39095717 39098483 39090176 39098989 39096883 39093661 39094224 39090732 
219 39079682 38963804 39096788 39104036 39094794 39101396 39092587 39103939 39094289 39100000 39104436 39103225 39098642 39092696 39091202 39087835 39087170 39093287 39106993 39098880 39095977 39090759 39098147 39096763 39087040 39086992 39094837 39094616 39091984 39084140 39092070 39078246 
220 39071004 38966717 39104182 39098607 39096939 39098468 39091486 39101803 39101413 39100348 39091175 39101629 39105309 39101824 39098968 39088223 39090408 39104104 39104078 39109796 39099671 39099653 39083517 39105468 39104927 39092067 39088432 39088595 39095565 39083392 39084206 39086939 
221 39091253 38971078 39102185 39092128 39111169 39102031 39101473 39101394 39096687 39107707 39095717 39108272 39094499 39100210 39085890 39086259 39094810 39094743 39109426 39089645 39091531 39091246 39087736 39102624 39094649 39086918 39095504 39098882 39092451 39085692 39110489 39085107 
222 39065398 38978033 39102675 39099585 39105678 39104870 39087449 39105963 39092787 39097503 39107667 39104866 39091303 39099709 39105921 39094974 39092312 39098098 39099972 39091458 39097632 39090664 39098022 39090670 39107264 39089149 39091139 39092475 39099161 39091031 39086153 39087851 
223 39058976 38961354 39097145 39099742 39103481 39097808 39098379 39113192 39091009 39103317 39108852 39098430 39094417 39096068 39104423 39094509 39099350 39098932 39099438 39106237 39087161 39101799 39099099 39104311 39095541 39088893 39090097 39091101 39094745 39105829 39096959 39087943 
224 39064490 38958152 39094309 39096173 39095195 39104787 39111940 39100646 39107707 39108576 39101194 39106147 39094690 39099327 39110914 39094267 39104237 39100711 39106057 39100550 39096003 39097692 39098450 39098432 39100703 39095199 39089889 39099222 39099155 39096159 39085882 40000829 
225 39041048 38984373 39109850 39107127 39108972 39105137 39105505 39101502 39102216 39093897 39096793 39104149 39090609 39093697 39104104 39094657 39101468 39097451 39098438 39094023 39101432 39108510 39106943 39091779 39091392 39106790 39100661 39106497 39101359 39100566 39093217 39097503 
226 39062820 38964578 39097125 39106035 39109110 39102156 39097474 39111183 39108056 39118960 39099631 39093424 39107009 39110393 39103229 39092529 39105882 39107248 39104025 39096907 39106644 39100334 39108243 39095235 39100728 39100578 39097831 39107546 39104987 39104553 39097488 39090741 
227 39064487 38982923 39114720 39091912 39098537 39104002 39106293 39100751 39106649 39105065 39104630 39096101 39095682 39097376 39099837 39097512 39098681 39100532 39100715 39101435 39103704 39107353 39096573 39100224 39095344 39100903 39100770 39091536 39103696 39099642 39097645 39087556 
228 39056233 38960429 39105437 39099769 39106275 39109744 39097995 39091935 39108096 39107544 39107119 39104277 39102694 39108143 39097349 39089380 39104453 39093034 39111020 39090490 39094117 39101262 39110716 39096101 39100089 39104985 39093546 39099531 39080623 39110128 39083804 39108933 
229 39041229 38975695 39101771 39117220 39097478 39117176 39119642 39104666 39104196 39096242 39104797 39105153 39102110 39111218 39110686 39095683 39097182 39104331 39099323 39109365 39095095 39104703 39105219 39102599 39092935 39092860 39103229 39115059 39102664 39099344 39099135 39096072 
230 39051168 38977899 39110525 39092098 39096619 39111267 39105679 39103574 39099981 39102741 39106945 39112165 39113257 39112034 39101579 39090754 39108258 39118150 39095034 39104863 39101960 39107651 39105949 39104266 39099155 39096227 39108454 39110934 39102236 39105627 39095427 39118324 
231 39047467 38975878 39106799 39110583 39121029 39102016 39100086 39110848 39114926 39108843 39101113 39116016 39116947 39118123 39116188 39097562 39096604 39100437 39112764 39113038 39113702 39111784 39095604 39113129 39101990 39096526 39095794 39103260 39088628 39109550 39098443 39102414 
232 39045902 38968403 39104436 39114174 39101950 39120264 39102001 39113478 39113259 39102335 39105065 39112383 39116927 39098244 39101734 39099655 39106739 39102989 39112148 39098497 39103615 39109747 39106489 39109407 39107651 39103906 39104445 39102506 39097040 39108386 39102619 39101513 
233 39039833 38972322 39110163 39104075 39115463 39108672 39104375 39121537 39097976 39090111 39112865 39108951 39105265 39101126 39114838 39099583 39100740 39103165 39107423 39109473 39100395 39101230 39107612 39107906 39110210 39101886 39100400 39096955 39115352 39100511 39102950 39099972 
234 39033062 38969133 39114809 39103661 39108770 39118178 39110281 39109555 39105990 39101090 39107249 39097994 39114391 39114588 39116093 39095138 39106922 39107734 39096941 39105809 39101606 39103965 39102551 39107131 39110177 39105198 39109790 39113165 39108558 39095499 39086450 39114616 
235 39038840 38977173 39098152 39107491 39106297 39116873 39113704 39109866 39113982 39117548 39108975 39104654 39103792 39105126 39096475 39103946 39101431 39105340 39103182 39109799 39098100 39111804 39100042 39107455 39105668 39117169 39108756 39098728 39091860 39113667 39106571 39098605 
236 39029882 38970431 39114442 39114532 39100888 39104356 39116665 39105172 39105127 39106713 39099589 39104870 39115378 39109907 39105027 39102467 39104569 39103036 39117267 39112688 39096100 39109318 39113047 39096886 39096356 39102352 39105405 39114955 39106733 39110423 39094145 39110027 
237 39030042 38983291 39114258 39110699 39118141 39108398 39104950 39106726 39105676 39110129 39109104 39121005 39109046 39101049 39119327 39107066 39116438 39103474 39107851 39106928 39109173 39116060 39108754 39112764 39108023 39110181 39101560 39108886 39103124 39105875 39094433 39101929 
238 39021083 38983311 39117256 39113518 39113710 39116040 39109123 39111702 39103523 39109199 39121107 39115177 39104300 39108147 39095296 39100847 39110897 39115027 39100086 39121029 39107514 39107579 39114675 39117193 39096523 39099542 39106877 39101008 39108180 39111974 39092739 39111020 
239 39021291 38971091 39114133 39105633 39128162 39109752 39113247 39107012 39110550 39125189 39104423 39112613 39113376 39123690 39120114 39099282 39112254 39107806 39106409 39111608 39106558 39112282 39103758 39111606 39108763 39103744 39104032 39092196 39108351 39106905 39101885 39110178 
240 39013824 38974252 39117552 39111887 39111798 39116337 39121942 39113844 39114429 39114885 39098236 39115088 39111728 39116398 39105283 40459768 39112285 39109257 39113244 39120777 39104535 39102799 39112022 39098984 39122687 39107899 39103476 39115888 39101528 39115131 39101140 39115451 
241 38998697 38988924 39113280 39110894 39112945 39112351 39117326 39118579 39111533 39108081 39112809 39111553 39114484 39110192 39111033 39122874 39109870 39117830 39117144 39108252 39111239 39118940 39115406 39113000 39117669 39116123 39113113 39105098 39118451 39108162 39108286 39111839 
242 39014981 38970390 39116454 39107035 39117997 39117181 39116831 39117695 39119003 39117685 39114403 39105867 39116071 39115295 39118659 39106106 39106782 39123601 39106404 39106389 39117409 39116298 39106973 39098985 39108238 39110818 39109557 39123822 39119142 39116171 39117632 39118007 
243 39013569 38981642 39125061 39116878 39110706 39109168 39101108 39123794 39122214 39121843 39111180 39124419 39126896 39111026 39110633 39122284 39112911 39117043 39101398 39105688 39123760 39102350 39114015 39122428 39098627 39111322 39107212 39113579 39111256 39108893 39109925 39118663 
244 39006812 38973952 39114006 39113700 39121439 39115024 39111283 39115662 39127520 39120671 39116325 39115911 39109521 39115199 39118655 39124067 39112400 39110260 39099621 39113618 39111667 39121232 39117911 39127166 39109877 39113799 39118282 39116500 39112159 39112604 39107761 39111501 
245 39008101 38982669 39111393 39115582 39124017 39117078 39125763 39111917 39118437 39118172 39108782 39108757 39114404 39111965 39120560 39126207 39117642 39114615 39107154 39124976 39125735 39116849 39103633 39105167 39102065 39110679 39107703 39122603 39112864 39114490 39108283 39124585 
246 38998757 38983880 39126083 39116088 39122191 39117843 39120403 39114953 39117402 39114669 39118151 39121057 39125132 39107027 39120155 39119004 39120990 39114054 39103388 39111402 39112197 39123991 39114125 39118353 39110626 39104945 39124759 39108271 39108043 39111591 39101795 39116423 
247 39013046 38985470 39126075 39113006 39116271 39121952 39112669 39123988 39115190 39114922 39133625 39122574 39130454 39121079 39116360 39126016 39128528 39106854 39111598 39116954 39119255 39113544 39125696 39109547 39114451 39109763 39113968 39104156 39107534 39108568 39104046 39109018 
248 39005002 38989446 39117767 39121940 39128789 39122241 39118761 39113149 39126698 39112237 39112499 39115834 39114362 39114787 39120884 39137154 39114975 39111131 39113111 39119119 39119528 39116877 39104996 39116021 39119554 39124016 39122530 39106730 39119153 39112167 39116583 39111354 
249 38991757 38975719 39117499 39127313 39126447 39127767 39133809 39129955 39122680 39115411 39108907 39120181 39126329 39118104 39117677 39116284 39112969 39124228 39126840 39114968 39124139 39125982 39105509 39128680 39127471 39111933 39109061 39109935 39118162 39130393 39119705 39106032 
250 38989771 38974076 39123051 39124911 39123797 39123179 39127359 39104977 39133260 39120311 39119283 39108588 39128817 39114564 39123871 39128092 39116075 39120118 39113181 39114632 39117171 39116507 39131754 39122633 39115301 39124302 39118819 39114549 39106696 39112452 39121602 39117698 
251 38992399 38988087 39130820 39128013 39124128 39138508 39127577 39127185 39125880 39110005 39125870 39116348 39103466 39123335 39126976 39131943 39122416 39128770 39105904 39118441 39123324 39123138 39115905 39113230 39122501 39125591 39119619 39112397 39123002 39110875 39116363 39117945 
252 38981685 38976650 39115856 39126923 39111512 39121943 39131597 39123496 39115861 39126632 39116036 39137875 39120580 39114388 39122481 39133920 39116481 39128349 39122502 39118721 39107853 39119750 39114125 39113262 39113668 39124926 39110728 39103040 39132632 39118108 39127672 39130216 
253 38973616 38983823 39132097 39118282 39123993 39116430 39133165 39124993 39114090 39119171 39112162 39132061 39129038 39126924 39127032 39127454 39122885 39117849 39125686 39126097 39122793 39117635 39115548 39126383 39121318 39120945 39127733 39121161 39117937 39120632 39119049 39125754 
254 38968942 38999878 39136523 39118873 39117112 39132041 39120581 39130947 39122908 39127514 39115877 39125080 39110459 39118813 39108503 39119894 39119182 39138114 39121141 39117915 39118542 39119593 39125762 39121367 39112240 39121806 39128099 39113639 39107998 39124309 39129086 39130056 
255 38957009 38981851 39124976 39130483 39130300 39119464 39122293 39124379 39120842 39103778 39121960 39124133 39135411 39127199 39117516 39132455 39123640 39121947 39115360 39120224 39120447 39127389 39115989 39119868 39119758 39120688 39125349 39114028 39122553 39123212 39125272 39123458 