n P1 P2 P3 P4 P5 P6 P7 P8 P9 P10 P11 P12 P13 P14 P15 P16 P17 P18 P19 P20 P21 P22 P23 P24 P25 P26 P27 P28 P29 P30 P31 P32 
0 38945046 78186601 39125699 39264619 39263978 39241359 39261442 39262132 39263192 39249894 39258394 39242157 39254509 39260001 39251763 39259897 39237661 39243841 39245189 39246641 39239276 39241458 39241860 39236471 39225940 39225836 39231114 39231477 39237740 39240875 39231242 39222378 
1 39037224 38754766 39064396 39036761 39038110 39038564 39040784 39051011 39044352 39046657 39051353 39043128 39047052 39053131 39049502 39043627 39048916 39040946 39051801 39037655 39050624 39039851 39035011 39045952 39033452 39036078 39048517 39024174 39050821 39047938 39043530 39039573 
2 39071452 38556347 39025671 39190895 39033624 39030690 39041326 39045872 39034291 39039660 39048908 39044936 39046096 39041995 39040162 39041735 39047825 39051083 39041428 39038392 39036545 39033149 39055439 39044694 39044647 39050028 39041857 39039886 39042387 39044786 39038039 39046281 
3 39114903 38808926 39094432 39031060 39048701 39051630 39041493 39057044 39036523 39032365 39038276 39037327 39044513 39047426 39051930 39044533 39034039 39048185 39037764 39042889 39044621 39045764 39041384 39045439 39048179 39044453 39040004 39045143 39052992 39038576 39035777 39037284 
4 39099787 38796784 39020491 39249174 39037358 39057421 39045995 39035097 39046525 39043929 39051246 39051323 39040393 39045899 39063567 39049356 39061312 39045903 39049631 39058932 39056697 39065234 39050059 39046626 39053874 39036672 39052026 39046757 39048024 39044631 39041567 39035740 
5 39097209 38802160 39025830 39013087 39298921 39045955 39049946 39052350 39051892 39039845 39054436 39046802 39038140 39046634 39053329 39042247 39050403 39056780 39047890 39054649 39041152 39043973 39040846 39046432 39035863 39047739 39042604 39039428 39028149 39028993 39036442 39034400 
6 39093918 38799423 39025995 39022194 39027175 39307979 39041783 39041709 39059603 39043617 39049596 39037378 39039750 39036330 39044120 39042320 39044832 39053841 39050594 39035175 39045274 39043172 39032452 39043246 39052120 39047959 39047414 39048735 39060914 39049546 39044779 39036834 
7 39092117 38814358 39027264 39011964 39018487 39017145 39314920 39048680 39055868 39035703 39029023 39043661 39048495 39039247 39052044 39036613 39054151 39045711 39042942 39032272 39044231 39049095 39049400 39038153 39038754 39064483 39053650 39045724 39042759 39042264 39046267 39052752 
8 39098627 38806127 39027874 39015919 39019492 39029577 39022327 39300313 39035313 39052770 39053392 39043254 39048771 39044298 39039755 39061606 39056526 39051826 39055483 39050184 39044335 39043987 39040079 39050551 39056298 39046469 39033680 39047539 39046432 39035312 39037988 39036436 
9 39090554 38811587 39017167 39021296 39019552 39014462 39015926 39028334 39304474 39042182 39045398 39048463 39035610 39033476 39048086 39046974 39040558 39050191 39042609 39045748 39039512 39037303 39036807 39040188 39047169 39046657 39053666 39049402 39046149 39055642 39049504 39056217 
10 39081308 38818587 39021933 39014311 39024545 39019557 39026370 39017807 39026228 39288507 39039952 39051581 39038763 39048763 39042767 39045698 39050024 39034984 39048360 39025881 39051292 39044686 39037254 39045735 39047903 39043142 39042205 39054529 39043586 39049680 39047969 39040361 
11 39082168 38821095 39019742 39021386 39025835 39023320 39021631 39033051 39021708 39014830 39291753 39038861 39051756 39045561 39044983 39044249 39048763 39044425 39041043 39064805 39048852 39050942 39050500 39037423 39048598 39047252 39044411 39040940 39046521 39047201 39051330 39053644 
12 39074466 38808105 39019112 39015774 39027397 39023258 39031672 39025417 39029439 39014696 39020252 39297897 39037525 39056741 39046199 39046531 39042606 39039420 39047354 39050689 39041135 39042981 39049262 39049372 39038181 39043319 39052410 39044124 39044042 39052172 39055826 39035350 
13 39067133 38817530 39021839 39029763 39022196 39009768 39021331 39025361 39025177 39017241 39011448 39012401 39273562 39039149 39048702 39049362 39042713 39048810 39045206 39051262 39040646 39052151 39045699 39050703 39048115 39042106 39039277 39053128 39036523 39035802 39054233 39042844 
14 39070247 38819604 39015074 39013233 39014575 39015430 39023622 39038562 39012622 39021168 39033286 39014969 39023662 39279673 39028336 39049452 39051052 39049135 39042630 39045435 39052746 39048945 39047215 39040723 39046233 39050383 39048185 39044872 39053560 39050831 39038369 39041682 
15 39075853 38818110 39022264 39027415 39031726 39015962 39015709 39029279 39026705 39022113 39013070 39028073 39018591 39016835 39279057 39023767 39041682 39065319 39062387 39045115 39055273 39038034 39060437 39050951 39047985 39042652 39060934 39054938 39051768 39042072 39047047 39035798 
16 39079283 38828503 39022561 39024195 39031116 39028659 39024259 39026352 39014087 39014616 39018058 39032803 39007112 39023040 39021858 39244550 39047953 39053246 39041576 39045085 39036454 39042200 39052383 39052708 39047863 39053998 39045851 39036631 39039234 39033130 39041798 39063731 
17 39065617 38830462 39030986 39030727 39022497 39020081 39015472 39023213 39023752 39027042 39032087 39019546 39022761 39031616 39023483 39010190 39263363 39032490 39046377 39039465 39050694 39041378 39048208 39052574 39067152 39043561 39044407 39037000 39053326 39056949 39052755 39050300 
18 39047629 38823120 39017900 39021304 39020777 39025357 39013039 39029436 39015937 39004525 39031246 39018739 39024197 39026282 39035097 39015784 39020718 39279243 39036010 39053921 39057689 39051746 39055911 39041501 39054642 39046692 39044004 39057073 39048320 39052363 39037759 39045123 
19 39064423 38823181 39031530 39017984 39028319 39024254 39023454 39021223 39023174 39026723 39025325 39020253 39028729 39031590 39028766 39014935 39026850 39020410 39263018 39045703 39049592 39044662 39054961 39053405 39041215 39049707 39053889 39044467 39038696 39040646 39044697 39047635 
20 39051508 38816804 39025670 39026627 39024620 39026951 39024564 39035323 39028780 39019297 39023330 39026709 39032655 39029068 39018845 39017884 39024416 39026113 39021150 39264623 39039634 39035926 39046557 39046349 39048475 39046128 39049683 39057102 39043191 39051907 39049387 39045233 
21 39054647 38831144 39024241 39028646 39027732 39025297 39025045 39027163 39025086 39031001 39017710 39013311 39031435 39034907 39015362 39016324 39027533 39023125 39019050 39027652 39261927 39040421 39050408 39052064 39047851 39045898 39049628 39048291 39043023 39065718 39057679 39038972 
22 39041345 38826581 39027991 39020826 39021255 39024098 39025964 39017561 39017729 39024575 39031729 39015634 39021124 39023638 39026310 39021919 39028041 39031975 39017288 39031995 39028561 39265127 39052629 39054372 39056391 39048011 39046046 39043987 39049306 39047257 39050088 39048692 
23 39038617 38844557 39035039 39020989 39022583 39032835 39020495 39027580 39018584 39021528 39025899 39031339 39024670 39021676 39025975 39027695 39020042 39024692 39043322 39026176 39025285 39027805 39240638 39042077 39049146 39052051 39052598 39042233 39037010 39037943 39046681 39052554 
24 39049682 38834883 39028527 39019102 39020376 39032558 39031366 39020080 39032647 39024759 39032065 39032905 39037081 39028922 39022334 39014871 39020556 39025372 39020224 39027071 39036937 39028322 39028540 39240650 39041473 39051183 39053674 39043700 39042666 39040763 39047918 39053961 
25 39056498 38832633 39024983 39029818 39029063 39025480 39035769 39016875 39018090 39032674 39027237 39015286 39030621 39020054 39022483 39022580 39017959 39039932 39022160 39041129 39028132 39028416 39018900 39026639 39245394 39046840 39033278 39054661 39042165 39051019 39051759 39043150 
26 39040072 38847093 39031038 39024127 39016971 39009415 39018062 39024770 39002007 39021923 39035934 39034756 39017015 39016342 39020889 39015044 39030246 39019560 39028078 39028723 39018022 39018550 39031354 39022353 39024528 39245265 39031435 39053423 39048876 39047079 39046128 39040136 
27 39042102 38837251 39034560 39028072 39032894 39013749 39022951 39025978 39013822 39034854 39028357 39026791 39013212 39028771 39032544 39024814 39020393 39034693 39022769 39027109 39021721 39030011 39021456 39018212 39018934 39030728 39244740 39044579 39054230 39049814 39046027 39047506 
28 39047228 38839838 39022652 39034408 39028868 39026510 39027476 39020722 39027393 39031793 39021760 39025531 39025155 39025433 39019771 39024969 39027834 39027264 39025233 39016925 39030137 39026834 39026619 39010675 39028708 39024374 39025997 39238451 39038341 39053674 39045269 39045122 
29 39025823 38841673 39031866 39023693 39029768 39018070 39042823 39025424 39028544 39018586 39036175 39029532 39028998 39026624 39027052 39022355 39019753 39026846 39024454 39035293 39019374 39034635 39032307 39032189 39026722 39031589 39027118 39029142 39229928 39046046 39061876 39034899 
30 39039312 38844905 39013399 39033957 39029511 39024434 39024101 39025772 39027601 39023195 39031445 39027068 39031567 39027175 39034309 39025689 39019378 39026656 39023827 39019999 39022912 39025181 39025112 39023955 39038297 39022573 39021170 39018109 39025169 39233479 39045828 39062603 
31 39030168 38822698 39031330 39012095 39027279 39024109 39027272 39026176 39034542 39030262 39030750 39023273 39037495 39029758 39034964 39013938 39027036 39020214 39032792 39029999 39041050 39024711 39033326 39030231 39024577 39029622 39019688 39032488 39039528 39033290 39258296 39051901 
32 39044130 38835812 39025456 39023197 39014172 39026438 39033638 39018719 39008590 39023404 39013828 39026083 39025869 39031040 39025502 39015312 39036664 39023272 39037150 39028272 39024152 39023649 39026911 39033974 39018454 39025325 39027509 39023637 39022765 39029268 39030836 39221920 
33 39020753 38849983 39027396 39031452 39027892 39037301 39025460 39026007 39029774 39031495 39020256 39030870 39035714 39013569 39027882 39025260 39038099 39027025 39028912 39024340 39025125 39026661 39038548 39024021 39020669 39023882 39024409 39029802 39044105 39031152 39027258 39011095 
34 39041224 38851756 39026460 39027748 39039319 39024147 39032829 39020194 39041057 39027503 39026601 39023217 39026106 39034766 39038421 39021905 39022185 39023613 39021999 39015082 39029985 39026993 39022903 39032927 39044603 39030632 39032223 39020247 39012277 39031239 39025912 39020790 
35 39028572 38848106 39025951 39028595 39015196 39029158 39030251 39024127 39015032 39027014 39023924 39026374 39021282 39042665 39020795 39029146 39032732 39044808 39024860 39035737 39022795 39023314 39033954 39035150 39035697 39040194 39027065 39029237 39019522 39039303 39037761 39013571 
36 39032646 38845151 39024516 39019521 39032534 39026990 39031206 39024649 39019421 39042038 39019497 39039895 39036355 39027737 39035505 39029528 39019659 39033665 39028857 39020964 39030239 39031624 39031964 39024850 39032230 39040424 39024836 39019810 39016903 39031246 39019516 39015782 
37 39031379 38846919 39034798 39028430 39021987 39019012 39019414 39027685 39031745 39028480 39030829 39019454 39027151 39031913 39020528 39027206 39030985 39026863 39026553 39027003 39034250 39028543 39023004 39028432 39021147 39032289 39023175 39025535 39029403 39024011 39041136 39019720 
38 39015324 38859948 39032831 39027805 39028730 39024631 39026498 39029963 39023169 39031760 39036147 39025637 39036358 39022288 39025168 39037546 39036928 39030046 39033803 39019607 39034332 39023097 39019813 39037371 39042167 39023157 39033580 39027745 39031604 39030480 39027727 39024042 
39 39012634 38844352 39035773 39026461 39038447 39023911 39041085 39027788 39026171 39028575 39028013 39020099 39039677 39025582 39030847 39016566 39036297 39036702 39019761 39028366 39024184 39034729 39014952 39031838 39016848 39023307 39031301 39023432 39029852 39025061 39043019 39026449 
40 39019008 38840977 39024656 39032593 39029280 39040821 39033245 39030249 39029633 39024137 39040424 39030271 39031477 39036058 39034544 39019314 39025016 39023197 39036096 39020180 39028089 39034977 39019616 39023671 39016653 39033757 39018517 39018876 39024939 39024234 39020887 39037625 
41 39020189 38850671 39038173 39036205 39020983 39032413 39027590 39024336 39025680 39037732 39031032 39033542 39042944 39021954 39021050 39010381 39035797 39027448 39029793 39035612 39016667 39031413 39028478 39020274 39038598 39014108 39039710 39024621 39032442 39020025 39039834 39030488 
42 39034630 38841429 39031355 39032045 39035852 39023495 39032943 39031776 39032049 39028178 39034484 39021501 39037068 39032643 39024180 39007895 39030952 39031807 39018115 39023205 39022468 39035251 39021427 39021080 39029626 39023908 39031236 39038405 39032930 39037557 39010096 39035957 
43 39011100 38855892 39037356 39020857 39033435 39025071 39032614 39011803 39028889 39024503 39021588 39025619 39023586 39031509 39034163 39026078 39025363 39027605 39022378 39024270 39028849 39033652 39025660 39024210 39028624 39029324 39029323 39029331 39022823 39033017 39034647 39026856 
44 39019352 38859153 39036058 39031522 39026377 39022240 39021438 39030400 39036432 39042556 39019963 39026376 39027758 39042368 39021505 39012100 39039468 39033517 39016444 39029706 39027726 39037547 39024849 39033485 39032735 39028629 39027556 39030466 39028288 39030641 39018198 39035057 
45 39018041 38861551 39028623 39024855 39035099 39039313 39032562 39027332 39022348 39030472 39031805 39032724 39033625 39032308 39023092 39028481 39025966 39024855 39041052 39033162 39028876 39028473 39043621 39026375 39029690 39010294 39026019 39029130 39042043 39033623 39046574 39029068 
46 39019890 38857247 39034904 39045826 39027967 39026275 39030481 39034666 39025298 39044039 39027921 39017590 39033159 39025700 39024871 39030983 39037970 39032552 39034180 39027565 39033957 39017723 39026260 39037450 39028764 39032255 39033210 39018951 39031492 39032690 39025282 39029163 
47 39009745 38847776 39023848 39033072 39025568 39023000 39026109 39012674 39041190 39032366 39032772 39025271 39039116 39037203 39029561 39020906 39016556 39037205 39037554 39021492 39030370 39029001 39037923 39036016 39019810 39041917 39034712 39036170 39030510 39024500 39037181 39016218 
48 39020555 38852193 39030414 39030438 39037187 39035015 39028448 39032603 39037173 39028477 39028338 39031140 39038000 39033139 39029549 39029748 39036195 39022687 39027752 39036231 39038909 39029582 39032655 39037684 39026289 39031068 39032495 39040277 39028627 39035822 39032354 39030298 
49 39006735 38851292 39029418 39039769 39023466 39030889 39028486 39041096 39037989 39032489 39035610 39027810 39028734 39031661 39024022 39025218 39031618 39029093 39029102 39035064 39029534 39030853 39030633 39025680 39023889 39028922 39041967 39038316 39034774 39031907 39042956 39028629 
50 39018573 38861906 39030436 39036026 39035915 39034713 39031338 39035365 39023432 39030866 39030618 39033191 39029727 39020344 39032093 39026709 39030043 39032061 39024022 39033494 39033985 39031057 39028790 39027686 39029790 39028646 39027414 39029208 39036628 39022533 39034529 39027061 
51 39013743 38865792 39042531 39026352 39030530 39021424 39041352 39030395 39034588 39030089 39025937 39033306 39032665 39041428 39028830 39024388 39035489 39040519 39033667 39046517 39027070 39026926 39030569 39035876 39033072 39031715 39036280 39032544 39018959 39031492 39032667 39025316 
52 39028101 38859033 39034734 39036856 39026333 39036691 39025686 39026792 39033490 39028845 39037348 39026984 39047711 39031102 39023200 39022950 39045076 39030034 39039716 39020844 39021540 39037733 39044806 39023905 39030991 39030474 39024977 39032166 39020550 39039789 39033327 39035977 
53 39022228 38860552 39027466 39036571 39024790 39025058 39025892 39029832 39030843 39030169 39029451 39032632 39033140 39034296 39035107 39022348 39028844 39038709 39039011 39024675 39040062 39025463 39039230 39036660 39025881 39028356 39030325 39033691 39029094 39043342 39038082 39033489 
54 39020726 38859942 39042849 39026523 39029447 39036992 39040366 39039483 39037307 39032539 39029576 39034556 39033626 39029814 39033682 39031663 39030756 39033742 39035428 39027880 39036587 39031297 39038230 39031785 39035774 39033139 39018015 39031948 39031894 39034130 39035387 39029302 
55 39005441 38871940 39028986 39035232 39035554 39040885 39015554 39043205 39029888 39035005 39029340 39035123 39029967 39019359 39044784 39028232 39038559 39020279 39023886 39024586 39022214 39040392 39026341 39032304 39033593 39038317 39029725 39029838 39031306 39027263 39041460 39020826 
56 39025494 38861807 39042968 39032198 39020992 39034561 39037516 39031056 39037175 39015693 39027486 39036341 39025947 39016328 39035060 39020726 39040571 39036531 39023391 39036267 39031433 39030441 39031910 39024400 39034054 39035011 39036330 39036672 39044900 39019087 39032672 39029433 
57 39020953 38861347 39028076 39022031 39027026 39037016 39036430 39027951 39043226 39032280 39036402 39039978 39027949 39034443 39032257 39024691 39037202 39026546 39045303 39046368 39023029 39030547 39034595 39031261 39038587 39031604 39027357 39026997 39029738 39038780 39051045 39026191 
58 39012390 38861550 39044860 39025769 39032736 39037590 39033298 39036505 39027281 39032008 39030565 39032048 39027335 39032946 39034447 39031017 39034482 39029215 39032586 39032980 39030980 39030495 39029003 39035372 39044971 39043877 39035510 39033423 39043171 39029499 39027357 39026223 
59 39018724 38870566 39032207 39024080 39027772 39025765 39021956 39023092 39033563 39037420 39027927 39028549 39037717 39035456 39038926 39027208 39037545 39031910 39024918 39034849 39032171 39028091 39031406 39032440 39034507 39020370 39031824 39034753 39035158 39039025 39052401 39032490 
60 38998020 38871601 39023709 39032631 39035061 39031406 39041797 39026243 39035323 39025654 39031401 39037689 39026114 39031207 39035778 39031011 39034875 39040085 39037708 39021361 39039790 39028538 39036623 39032253 39032087 39035907 39031141 39034206 39021394 39037705 39022272 39031010 
61 39018661 38881446 39046135 39036524 39034010 39036807 39034332 39024101 39031483 39025327 39034943 39041193 39027869 39019291 39043812 39025363 39035921 39028470 39026823 39033506 39042898 39040392 39033683 39027257 39030358 39030174 39042320 39030205 39032261 39032220 39045983 39035628 
62 39014464 38869223 39033476 39037340 39034360 39041560 39029683 39036451 39029629 39034282 39032425 39037644 39039801 39042908 39037145 39037200 39040110 39022881 39039541 39038800 39039594 39022332 39036768 39031120 39025071 39027619 39040947 39036306 39032498 39039893 39032960 39033958 
63 39015681 38860558 39031412 39040759 39040845 39033073 39030844 39036945 39034238 39033546 39037404 39032038 39033302 39031539 39042849 39028201 39031167 39038513 39029591 39024306 39025869 39035001 39031294 39048620 39027900 39043840 39042214 39034996 39032175 39038257 39049158 39019996 
64 39027627 38867308 39024750 39026358 39039406 39042721 39044296 39040625 39028636 39029938 39037312 39037748 39030319 39033423 39032545 39029626 39033597 39037673 39037695 39040680 39030726 39038133 39033708 39030603 39037897 39040105 39038609 39020480 39033750 39036754 39027727 39030288 
65 39016685 38876462 39044510 39037026 39034934 39022996 39030967 39034663 39027538 39035341 39037146 39038541 39039021 39040694 39033043 39022052 39046897 39040858 39040679 39038289 39045541 39042509 39034893 39030741 39030807 39042717 39051088 39042324 39047939 39033828 39046122 39020320 
66 39002358 38871166 39032986 39029162 39035052 39036692 39032996 39030341 39036995 39032116 39045787 39037721 39030190 39043204 39043276 39033125 39045501 39034711 39027567 39028264 39036399 39024945 39039473 39040126 39031794 39040073 39027639 39044905 39037379 39026217 39019452 39035860 
67 39022223 38872812 39038071 39036840 39033506 39025123 39036814 39045826 39038276 39042816 39033666 39042004 39024165 39043165 39026579 39033604 39032793 39040320 39048801 39031182 39031896 39044874 39041988 39034768 39025465 39029118 39038270 39043983 39035527 39028172 39040034 39025030 
68 39016104 38875779 39035470 39050497 39036528 39037863 39035470 39029147 39030134 39031937 39033405 39043428 39031761 39033055 39028964 39035179 39038358 39036902 39045557 39028241 39034347 39031553 39043010 39029893 39036551 39034689 39039479 39047868 39041683 39037900 39026271 39038382 
69 39016508 38873408 39033307 39031668 39029245 39042806 39034024 39029252 39023980 39033912 39035957 39035234 39032708 39037084 39045550 39026918 39042058 39029882 39033117 39036917 39040543 39030930 39034993 39038179 39036904 39031650 39031488 39045758 39036250 39040528 39042881 39019850 
70 39007929 38888739 39040500 39030625 39022776 39035634 39035513 39049466 39034513 39027093 39041634 39042772 39030627 39045502 39044099 39030993 39023746 39034973 39041347 39033674 39039935 39039684 39038827 39043776 39034813 39032526 39034344 39019535 39042156 39029945 39042677 39037198 
71 39023809 38873966 39036354 39035954 39041947 39034313 39040946 39033222 39039821 39043403 39023197 39036931 39038778 39035404 39039134 39023682 39039969 39028030 39045737 39034244 39038547 39028639 39035495 39037199 39027334 39037871 39043304 39037118 39036937 39045070 39059578 39026688 
72 39022070 38884439 39040806 39028235 39023376 39044305 39038316 39034257 39040905 39039846 39037889 39041366 39027933 39029997 39039293 39020878 39042684 39030662 39045807 39034306 39030219 39033828 39030276 39025502 39032408 39037140 39043487 39038378 39053685 39033433 39027244 39036354 
73 39012892 38875109 39035928 39045033 39041197 39036088 39037651 39040126 39032472 39045255 39040168 39037744 39029557 39036679 39041030 39032448 39045860 39040656 39035452 39032277 39027502 39038513 39042653 39036962 39041000 39049784 39039883 39044048 39026251 39031542 39047566 39017736 
74 39023840 38887614 39051170 39034796 39044293 39030025 39033863 39034838 39033584 39030756 39032442 39044479 39042825 39029284 39038922 39035392 39024137 39040484 39047594 39043568 39036960 39043535 39036684 39041661 39051029 39035183 39028809 39035788 39042151 39031201 39030944 39051778 
75 39010314 38887559 39041624 39040209 39035215 39030338 39041739 39032052 39048045 39030909 39045328 39033845 39028702 39029582 39043989 39026248 39048819 39041118 39028239 39038384 39039646 39042082 39034963 39033095 39050705 39028336 39041211 39033913 39039552 39044900 39035895 39026205 
76 39031236 38886020 39041831 39032984 39042707 39038821 39042198 39044690 39040401 39038622 39042040 39028620 39035257 39038116 39040169 39033145 39030587 39033340 39037693 39041462 39040293 39043528 39046725 39042336 39045636 39035681 39042499 39056646 39039129 39026536 39024419 39021831 
77 39022365 38893542 39032344 39038535 39051200 39036285 39042662 39041372 39035722 39042440 39054336 39038098 39038208 39050788 39043117 39028305 39035202 39046099 39032174 39046123 39035470 39043517 39037605 39033899 39029181 39035804 39038931 39045352 39040322 39033405 39046194 39041212 
78 39009642 38878641 39050595 39037682 39032155 39033196 39031927 39045683 39031351 39047923 39032420 39038118 39037070 39033138 39045247 39034217 39047977 39038013 39037437 39037506 39035258 39037264 39031620 39035843 39047861 39037754 39040787 39032846 39049719 39031263 39036785 39039368 
79 39018051 38882344 39027681 39044043 39046155 39035151 39033953 39046637 39054087 39032353 39040115 39038760 39036574 39029664 39042021 39041686 39040373 39039703 39041406 39036344 39034112 39023161 39042856 39042944 39046299 39036955 39044723 39030913 39037558 39038769 39039629 39035552 
80 39022556 38876084 39038085 39038268 39041511 39043267 39030008 39049227 39042322 39036776 39033068 39043743 39044497 39040615 39034316 39038842 39047133 39042022 39047997 39037881 39034671 39034438 39050314 39034066 39046150 39039970 39038801 39047364 39038318 39044822 39029262 39029656 
81 39026923 38889725 39034286 39044493 39042396 39033301 39045131 39032336 39047057 39047520 39045166 39033670 39035633 39043626 39034511 39033493 39050220 39030189 39045742 39036869 39047193 39050294 39029508 39043158 39038908 39042806 39041028 39036693 39037447 39043434 39049758 39036730 
82 39020095 38881176 39035914 39034796 39035593 39039746 39053165 39033092 39050225 39026585 39034838 39047868 39033871 39039572 39033956 39033839 39048753 39039112 39033863 39043941 39039380 39039456 39043667 39029894 39028888 39052148 39030897 39033043 39025708 39051566 39034620 39039257 
83 39005302 38889834 39047362 39045665 39046463 39034627 39041397 39032886 39038344 39046734 39046030 39038143 39052355 39032576 39037558 39025919 39034924 39038722 39043291 39046794 39049886 39040619 39044743 39033312 39044443 39048284 39045126 39043863 39039380 39040205 39036490 39035913 
84 39025825 38892237 39039604 39049223 39055751 39051150 39033227 39036137 39039521 39035631 39041827 39043856 39045030 39034063 39043006 39032974 39031226 39029603 39036634 39032494 39041289 39043404 39031714 39050238 39031626 39046644 39047828 39037734 39046051 39038623 39032269 39044057 
85 39035760 38899107 39041345 39052268 39048267 39036550 39043743 39037916 39033858 39024341 39039765 39039339 39041468 39035231 39053315 39040004 39045974 39040284 39036975 39039831 39044206 39031867 39033301 39045139 39041096 39043341 39047265 39046766 39042157 39041510 39059147 39030791 
86 39027449 38887035 39045832 39048632 39030812 39031081 39043197 39044988 39048018 39048201 39049242 39049916 39031716 39046616 39032618 39034845 39036340 39036304 39044392 39037231 39042482 39035184 39052284 39031748 39041440 39037811 39040958 39035490 39041844 39039714 39033142 39047409 
87 39030381 38888995 39041107 39037470 39029618 39037017 39044470 39035850 39035169 39048085 39048689 39034875 39035053 39039670 39043050 39036246 39052031 39029365 39054177 39037815 39051357 39048711 39038382 39030806 39037849 39043140 39039468 39042226 39036762 39031495 39046316 39033216 
88 39031239 38892857 39048325 39039948 39040192 39040553 39049700 39033426 39039457 39032104 39043091 39039021 39037684 39040229 39037404 39038820 39038164 39056780 39050946 39050185 39053439 39051984 39034210 39041289 39034215 39039784 39046062 39034942 39044066 39041971 39033200 39052124 
89 39031928 38906022 39039527 39034739 39031290 39035825 39035325 39039672 39035810 39046549 39034757 39044249 39034844 39030284 39044522 39027592 39037613 39030771 39031965 39038840 39041852 39037877 39036200 39030838 39048880 39035033 39052151 39048005 39056909 39041652 39051949 39028975 
90 39020770 38885072 39041292 39051467 39039516 39031948 39037428 39041484 39031857 39038525 39045649 39048077 39049721 39037696 39047113 39018850 39036262 39041480 39021078 39048517 39049422 39036472 39054177 39042671 39025679 39050165 39051533 39042314 39045282 39021552 39034270 39044082 
91 39034221 38884819 39036196 39049403 39047338 39041928 39037744 39048271 39028874 39030596 39044069 39036769 39043322 39052252 39029701 39034055 39039904 39048663 39055725 39049596 39039899 39051560 39053598 39044696 39048042 39038555 39036455 39042684 39043594 39047158 39053594 39035599 
92 39039049 38891081 39035245 39048981 39038142 39032983 39031999 39038747 39044189 39039151 39041675 39036193 39059865 39037284 39037792 39038882 39046832 39039817 39053642 39037411 39040781 39044785 39052202 39044884 39034430 39030225 39043375 39037830 39036579 39039551 39031144 39041967 
93 39029645 38889700 39042396 39039321 39059676 39040809 39045800 39027713 39044186 39036756 39043885 39046448 39045513 39046299 39044411 39038480 39029495 39035713 39045421 39047696 39043581 39038098 39041266 39051996 39044134 39028963 39047423 39044573 39045339 39043757 39040512 39037416 
94 39021739 38894088 39046298 39046295 39034668 39053775 39034790 39044793 39029241 39032136 39040983 39044708 39035579 39041570 39026183 39035145 39050257 39051324 39038138 39041805 39033831 39047626 39038713 39044497 39037476 39028222 39033897 39032613 39050358 39036115 39037027 39043959 
95 39032510 38895079 39043454 39046633 39043106 39046776 39043853 39037544 39040858 39042105 39038027 39044042 39036385 39043392 39045525 39032398 39030875 39044650 39037984 39035405 39043447 39045181 39036135 39038785 39035233 39044374 39056483 39040688 39039364 39034715 39057360 39041287 
96 39040593 38895818 39043940 39033735 39045590 39048574 39041619 39048316 39039307 39040118 39039846 39052335 39046045 39056510 39049443 39029841 39064520 39042044 39041967 39039961 39047883 39037332 39044296 39047039 39046453 39045695 39037194 39056178 39039708 39038565 39042377 39041686 
97 39025379 38909955 39036163 39051001 39035321 39049901 39044144 39043217 39031133 39050100 39034207 39037511 39050938 39041712 39047201 39036262 39039209 39044919 39036899 39047104 39031979 39045302 39045115 39041508 39051715 39047914 39034188 39043937 39039898 39046794 39046919 39039696 
98 39027769 38889984 39043420 39032319 39044642 39050611 39039747 39037883 39047199 39043685 39053583 39036663 39039412 39042773 39047310 39037025 39043110 39043622 39051413 39048006 39050121 39043249 39033795 39042407 39033869 39049744 39038998 39040708 39032493 39041260 39043098 39043597 
99 39066175 38892396 39042862 39045585 39033093 39056184 39038535 39052786 39047849 39038568 39037538 39039034 39049470 39044862 39046911 39038510 39040185 39043520 39039772 39033398 39045298 39039931 39039324 39047729 39041486 39041924 39051368 39055987 39047386 39042773 39055302 39038510 
100 39041525 38894059 39045925 39027270 39037337 39029174 39053174 39042687 39037703 39040186 39037557 39044898 39044002 39048865 39051409 39026040 39042821 39045677 39056935 39044786 39047471 39049484 39044824 39047307 39039519 39044868 39035020 39040433 39037608 39037742 39021283 39054782 
101 39041309 38889139 39039057 39035754 39030268 39046943 39043326 39044028 39058099 39041723 39050620 39040692 39048207 39050224 39037092 39034784 39047998 39052853 39049161 39040022 39036229 39042987 39041762 39043338 39039147 39051490 39038635 39050765 39042516 39035704 39041622 39037036 
102 39040490 38906010 39043144 39044907 39050312 39040267 39044797 39053600 39036570 39028546 39043551 39052533 39058888 39037998 39048218 39039400 39040010 39045725 39042502 39037016 39037343 39043081 39041846 39044433 39042203 39042786 39047109 39043457 39044890 39049109 39034879 39046515 
103 39038718 38907634 39056904 39043459 39052872 39033116 39052287 39043685 39046889 39047653 39043163 39046371 39037922 39048502 39043980 39045669 39047631 39044913 39035908 39038120 39047236 39053687 39045738 39052271 39047568 39049513 39041745 39036051 39047278 39035441 39050382 39029378 
104 39044326 38903915 39045758 39044410 39049824 39045000 39051079 39048533 39047674 39047036 39055324 39044048 39040538 39039393 39046710 39045205 39045619 39047631 39049412 39038130 39044378 39045532 39054732 39033637 39048162 39049573 39039809 39051190 39041702 39045894 39040169 39046188 
105 39032588 38894209 39048100 39037446 39047085 39052837 39049318 39056394 39044354 39037709 39063346 39041172 39046315 39044431 39042446 39041866 39047078 39054661 39039481 39033089 39041425 39048297 39045272 39042165 39044307 39046095 39051566 39056781 39044294 39046284 39052135 39044237 
106 39033266 38909118 39043193 39047634 39049877 39043013 39043800 39054197 39044550 39049236 39037594 39035293 39041678 39054184 39038482 39031495 39048499 39057942 39050680 39059362 39042744 39044039 39057317 39053657 39048142 39039983 39044722 39045359 39040179 39039980 39034677 39035957 
107 39036749 38897402 39043250 39045799 39056760 39031729 39035197 39057950 39041456 39049822 39055202 39046757 39049876 39045604 39049036 39045806 39053038 39046095 39044613 39061122 39037430 39048057 39055832 39039166 39047368 39035518 39045223 39053380 39042736 39045011 39061526 39035599 
108 39044303 38905572 39053447 39039570 39059789 39040030 39042540 39044078 39036952 39040164 39042367 39046184 39042709 39045676 39049026 39038383 39054493 39045401 39043851 39044366 39049091 39052445 39050804 39049266 39043316 39047267 39033335 39042962 39054951 39042306 39049801 39042702 
109 39050227 38900405 39054143 39039088 39044324 39050952 39048023 39046829 39051078 39043621 39048891 39047322 39049338 39050682 39046305 39032841 39039550 39044862 39049843 39044156 39047466 39049242 39048832 39048134 39048006 39042862 39040378 39048976 39046786 39051775 39050365 39038463 
110 39050834 38897629 39044826 39053010 39043452 39046200 39045928 39041177 39044979 39051127 39036182 39046180 39041862 39043301 39053299 39032908 39054189 39046195 39037216 39041568 39051024 39062628 39050232 39045805 39057499 39046519 39048689 39039535 39043938 39045390 39035461 39049739 
111 39061425 38907663 39041741 39057026 39046879 39036962 39041133 39043079 39038512 39042385 39039799 39047127 39050379 39049268 39055916 39041133 39047803 39044397 39044227 39049650 39052625 39040374 39049697 39048733 39055980 39046286 39037811 39051545 39045965 39050316 39050527 39037004 
112 39050661 38902226 39048978 39048824 39051842 39046409 39051015 39044537 39050328 39046203 39045452 39045520 39040242 39047642 39049692 39028795 39050412 39046351 39055797 39046762 39041080 39051491 39056463 39048053 39052903 39047552 39047753 39053072 39048398 39042258 39043136 39043196 
113 39040220 38910667 39049110 39056676 39039690 39051469 39035218 39045710 39045564 39037557 39038386 39045422 39051233 39045047 39058916 39047414 39042849 39038131 39040619 39051661 39049715 39051625 39049154 39059645 39057882 39053465 39039470 39048704 39050110 39051355 39069440 39039037 
114 39049385 38911515 39050707 39047674 39056084 39048688 39036273 39052808 39061887 39050064 39057973 39063025 39047061 39045769 39051950 39041017 39038359 39043589 39045778 39046763 39042400 39052978 39050520 39043260 39043387 39037523 39050426 39053922 39042939 39047057 39047973 39059971 
115 39050287 38897242 39054996 39050927 39055695 39044080 39051964 39052105 39061786 39049299 39050538 39049035 39048029 39049481 39051658 39049907 39050520 39038755 39041440 39056362 39050622 39054477 39052338 39044975 39040742 39047139 39042524 39048537 39053883 39048192 39055085 39046425 
116 39047168 38903376 39054288 39030944 39050632 39045611 39059929 39060932 39056756 39046007 39053849 39040317 39044471 39047302 39049166 39045958 39042121 39046885 39050400 39040535 39045995 39044260 39047331 39047315 39040041 39050971 39056881 39051852 39053584 39056827 39032140 39036361 
117 39052675 38907681 39052780 39045846 39061099 39033729 39051868 39047527 39049799 39044236 39055173 39050368 39050461 39042719 39039231 39043696 39043865 39048900 39048603 39050215 39046142 39053270 39044104 39038927 39036369 39042841 39040024 39055267 39047215 39052106 39064433 39046279 
118 39057026 38903508 39048754 39055579 39045426 39059464 39046019 39035741 39051935 39044492 39064422 39041101 39052215 39056178 39045261 39040037 39046767 39042831 39047581 39054999 39056910 39046453 39041736 39047109 39052918 39050446 39051811 39053383 39059359 39056064 39042712 39051114 
119 39061625 38887815 39050094 39060479 39042453 39046758 39055418 39060507 39057401 39043644 39045453 39043884 39055921 39048827 39055958 39037414 39052775 39049988 39044238 39035624 39057570 39056942 39038022 39044850 39064485 39051679 39043324 39046116 39052882 39055005 39060087 39039237 
120 39061897 38896780 39040472 39039591 39058406 39043636 39055141 39057524 39053337 39043545 39038334 39054795 39051219 39054492 39046088 39036810 39061381 39044261 39048093 39053329 39054056 39048076 39048584 39052368 39049442 39058433 39044497 39038767 39042682 39049108 39040906 39047229 
121 39051189 38903193 39048450 39052664 39050835 39061186 39057289 39053875 39044668 39053551 39041914 39051917 39053552 39044464 39053776 39047511 39045228 39044500 39047319 39049981 39041325 39054282 39043462 39056999 39055593 39048147 39055746 39055595 39048092 39045985 39048368 39042476 
122 39055081 38910400 39052492 39049145 39047932 39055988 39047131 39057525 39061431 39050241 39049229 39051883 39050196 39050959 39061025 39045292 39047154 39049790 39044904 39052378 39045152 39055114 39053262 39053509 39048807 39044183 39060498 39040597 39045678 39057612 39057011 39041102 
123 39058736 38909075 39047268 39055782 39049900 39049315 39056811 39035423 39054370 39057120 39053361 39058880 39055549 39049903 39041217 39053599 39049910 39045502 39053017 39053017 39049985 39045299 39039981 39051735 39042040 39057761 39061380 39047950 39046973 39053334 39054983 39044046 
124 39066995 38901173 39059788 39044433 39052534 39052292 39041379 39061196 39054430 39054229 39052486 39056962 39055738 39067023 39047742 39040944 39058722 39051664 39051699 39054010 39059898 39044419 39050501 39042061 39050341 39052251 39043132 39044752 39042511 39049103 39047632 39045668 
125 39065664 38904835 39061628 39052737 39050061 39046999 39053362 39049489 39063781 39060334 39051810 39038397 39057805 39068922 39044222 39046970 39054085 39063404 39061187 39058393 39059241 39057750 39047941 39050483 39055746 39062642 39043962 39059370 39052228 39049366 39061502 39045092 
126 39065668 38909300 39053572 39064267 39059645 39044307 39059908 39059911 39053694 39058534 39051442 39052692 39050006 39038739 39050774 39043357 39045381 39054399 39049060 39060296 39055548 39056279 39049654 39056454 39054117 39047921 39052110 39057496 39052740 39055491 39044937 39052062 
127 39027359 38899026 39052610 39048093 39055170 39045353 39051955 39052040 39055711 39053544 39053315 39051400 39044413 39040136 39052390 39047531 39059917 39059020 39054223 39052793 39057202 39063834 39062008 39060037 39060983 39052939 39053511 39051623 39042315 39065375 39061352 39043170 
128 39042440 38903951 39059917 39060712 39057695 39050452 39064524 39053588 39063317 39062643 39049995 39046410 39055166 39058035 39066299 39059604 39068319 39059421 39064040 39052234 39055264 39061500 39052356 39059558 39056269 39056497 39049075 39055261 39050877 39064363 39050868 39054444 
129 38799340 38784100 39047822 39049921 39051889 39057153 39052354 39046742 39058401 39043886 39062030 39057616 39063296 39050779 39054775 39049011 39056974 39050586 39056165 39061526 39054231 39057836 39055083 39045485 39048946 39044262 39049070 39049369 39055109 39048598 39059406 39051465 
130 39124544 38905410 39046183 39050531 39065829 39062100 39051392 39052429 39041085 39064775 39053071 39068644 39048511 39051999 39045003 39048539 39061219 39060148 39047537 39053944 39058698 39052788 39047365 39052557 39061323 39056879 39056731 39063845 39054163 39056393 39035204 39041073 
131 39125995 38910173 39206013 39056065 39060246 39057026 39052288 39050386 39056360 39048346 39046904 39071173 39050623 39051633 39043851 39055481 39053178 39053388 39051518 39053231 39048676 39051914 39052922 39044556 39044519 39049458 39053139 39042549 39054560 39063576 39049919 39045202 
132 39128580 38915171 39057106 39057556 39052169 39051790 39061306 39049564 39058596 39049905 39044320 39053466 39047772 39057831 39064545 39044898 39052171 39046916 39057451 39048197 39051070 39062231 39044482 39065524 39057571 39044979 39049959 39062473 39067637 39057406 39047997 39062670 
133 39116702 38905524 39060843 39048124 39061042 39068491 39055069 39050673 39054380 39063149 39043663 39063955 39052276 39053603 39050313 39033419 39043339 39058657 39057267 39045206 39057649 39059489 39046093 39066281 39066897 39050329 39050271 39048758 39044126 39056081 39062975 39043526 
134 39115749 38907907 39050482 39057292 39060870 39057826 39060842 39057704 39056876 39057488 39055341 39052284 39054230 39062362 39046231 39052154 39060563 39054409 39049598 39046724 39069233 39058001 39066544 39060595 39057926 39053544 39055149 39056810 39054671 39051976 39053909 39053668 
135 39109246 38914621 39058472 39062755 39054020 39063834 39052452 39065847 39061048 39061297 39062516 39046902 39056053 39064043 39042542 39040954 39054120 39042525 39055758 39055961 39064854 39050913 39063042 39059261 39051179 39061945 39061150 39056196 39050925 39050886 39065972 39045335 
136 39114025 38921458 39061463 39048300 39049922 39059093 39053601 39048277 39054799 39054760 39047957 39057830 39062260 39047634 39059616 39054123 39059121 39050843 39059292 39060837 39054306 39049789 39050583 39049050 39053047 39046319 39054480 39051563 39064224 39043855 39038910 39047184 
137 39114159 38920147 39060281 39064656 39044992 39059127 39065281 39057676 39059923 39058778 39049032 39053857 39055007 39056108 39046112 39056745 39053517 39055107 39048375 39058035 39047119 39049065 39060263 39048949 39054292 39062432 39067066 39063995 39059380 39059890 39070139 39043133 
138 39124623 38909569 39050593 39064684 39059213 39049747 39064915 39065859 39054840 39053616 39062712 39045129 39050794 39061551 39051521 39057135 39065153 39051705 39061516 39049174 39053384 39054926 39061701 39053715 39058832 39051089 39054313 39051540 39057152 39060044 39043299 39037893 
139 39120828 38914833 39054253 39051801 39055884 39055313 39070126 39048792 39055202 39061473 39047611 39070263 39065993 39054608 39057339 39064921 39066555 39059037 39048356 39049135 39050081 39045603 39058536 39055784 39049447 39062875 39069748 39057344 39043931 39066021 39059017 39048492 
140 39134718 38927587 39051538 39054396 39051073 39057429 39060065 39066168 39059344 39053316 39056035 39058982 39062238 39066138 39054710 39053350 39058492 39058708 39068962 39050821 39049888 39054554 39064608 39063498 39062745 39057029 39051281 39062828 39051887 39060097 39058125 39046544 
141 39126487 38919457 39067915 39056513 39067013 39064048 39057516 39058926 39073358 39068031 39061674 39052388 39051243 39059671 39049118 39045383 39059567 39059771 39050246 39056613 39057101 39057105 39058460 39058622 39063485 39071024 39055440 39053999 39067252 39059580 39065500 39047002 
142 39124836 38921886 39052359 39056543 39062299 39058078 39059251 39059256 39055074 39064275 39060296 39055529 39051547 39057204 39070024 39047000 39067225 39067666 39054415 39062260 39057556 39048538 39057535 39063819 39045536 39069152 39053268 39050145 39063871 39052787 39047661 39051748 
143 39130134 38924062 39059318 39061628 39066021 39066721 39058275 39060127 39063761 39055958 39060816 39058245 39055661 39054104 39056098 39055658 39070196 39061642 39064166 39063266 39057389 39059289 39063855 39057289 39048529 39055614 39065104 39052942 39063014 39063221 39067944 39049961 
144 39146857 38927670 39066623 39061665 39060273 39056266 39064389 39043664 39060518 39047980 39064748 39047274 39053744 39056797 39059756 39047417 39055617 39045272 39056435 39065987 39061302 39059302 39061111 39061349 39051748 39057631 39054898 39060832 39058033 39053351 39046030 39051368 
145 39115135 38932974 39058697 39057330 39068272 39058678 39058361 39070244 39062183 39055796 39063312 39061037 39058324 39055213 39061305 39048971 39056877 39062179 39049511 39059994 39052136 39062100 39063025 39061357 39060600 39057987 39063410 39062041 39067974 39049791 39072776 39056771 
146 39110441 38914137 39063083 39074299 39059652 39070793 39060037 39058951 39055121 39060388 39051316 39054583 39058238 39058919 39056425 39051141 39058565 39050992 39067068 39055452 39064351 39047186 39058239 39050704 39063748 39060689 39056977 39060504 39060095 39045301 39045817 39052565 
147 39126113 38926056 39061594 39057369 39063355 39051322 39065410 39058365 39053062 39055411 39051384 39060694 39068598 39055408 39057975 39048811 39057516 39065117 39054514 39065382 39058395 39060658 39056594 39055565 39058723 39062626 39054649 39057254 39072962 39057635 39078641 39047574 
148 39124933 38922161 39053678 39055205 39053345 39047595 39052831 39053652 39071714 39058800 39056958 39074561 39068847 39059677 39067042 39048008 39055180 39054114 39062915 39069159 39079484 39062857 39066906 39071438 39057260 39067955 39059853 39065956 39071050 39051325 39054474 39052844 
149 39125075 38927897 39063951 39060788 39061703 39070655 39064216 39059899 39057390 39068559 39068659 39065172 39054333 39070053 39071125 39054683 39055050 39061149 39072576 39062156 39051383 39059399 39053355 39069677 39072165 39062577 39059813 39052715 39057783 39048729 39061838 39050573 
150 39127526 38933355 39061866 39063980 39067365 39053553 39065509 39058165 39052901 39068767 39060858 39063353 39067495 39048258 39070162 39054617 39054045 39061202 39056449 39055779 39058510 39056489 39063497 39064379 39055405 39052121 39059459 39066527 39055430 39067187 39050366 39064806 
151 39124531 38922344 39064409 39063352 39060639 39072818 39054563 39055471 39066435 39072342 39051902 39059329 39074309 39063232 39056475 39052988 39067225 39054079 39062405 39069111 39062262 39061259 39048760 39060564 39061533 39054406 39072351 39067084 39053738 39062765 39077876 39049210 
152 39132429 38925121 39063339 39062609 39062077 39056621 39062675 39068203 39059983 39068014 39056619 39070174 39063703 39043462 39055932 39053926 39064843 39064206 39059171 39066279 39065826 39071332 39055790 39045105 39052764 39077167 39055770 39062531 39057058 39075786 39052622 39063226 
153 39129716 38937687 39067979 39054785 39066043 39060619 39065322 39065796 39065539 39065077 39067015 39061655 39051780 39062263 39058549 39052998 39065905 39053864 39059998 39057204 39061130 39053925 39059706 39062874 39051199 39065231 39060456 39056357 39054141 39054905 39072134 39049955 
154 39127838 38934265 39068922 39064788 39067238 39065864 39070093 39071000 39061572 39066091 39070223 39067951 39066862 39063496 39062081 39054214 39052893 39074420 39060668 39070666 39053634 39059042 39048608 39064948 39074779 39061512 39065615 39056119 39054146 39060555 39057436 39063461 
155 39123288 38936521 39062989 39061320 39072472 39075104 39069496 39065247 39071662 39061360 39070177 39069091 39053675 39065001 39062343 39050524 39063821 39065165 39059283 39067248 39074658 39056120 39073281 39051797 39075979 39062708 39047781 39059292 39056017 39067494 39067564 39062372 
156 39118381 38941672 39057365 39059779 39057746 39064222 39068693 39061023 39064004 39072846 39065540 39064640 39061379 39056781 39063066 39059151 39069272 39058259 39062749 39065237 39065805 39058719 39068359 39069402 39066312 39068227 39061757 39066935 39061402 39057376 39051679 39050233 
157 39140467 38929705 39077840 39065067 39074839 39066846 39068058 39060764 39063283 39063048 39068954 39063690 39061010 39060069 39071072 39053503 39061045 39074998 39058079 39055610 39075025 39073116 39068485 39069283 39061823 39076803 39069943 39060355 39048523 39058645 39070158 39060297 
158 39127639 38939522 39060416 39073597 39057542 39057974 39064728 39068889 39060502 39065219 39070130 39054814 39058740 39061906 39063887 39054825 39053543 39074068 39067785 39067241 39070806 39064633 39074757 39058917 39060714 39060152 39060611 39061176 39052045 39051967 39049537 39062616 
159 39125631 38947736 39068384 39071713 39059296 39053522 39059206 39058558 39061831 39076741 39064662 39066406 39044165 39066504 39052767 39059244 39067461 39072238 39074168 39065126 39063168 39065825 39065610 39063827 39058032 39062938 39061938 39076369 39062033 39060814 39057390 39067855 
160 39133386 38933340 39061782 39053874 39059897 39069907 39070491 39074394 39061308 39062425 39059996 39073733 39074608 39068841 39071445 39072655 39078372 39067225 39070770 39067725 39053502 39062979 39053463 39054388 39051807 39058508 39062169 39065563 39074310 39070017 39057715 39050892 
161 39126129 38933175 39061667 39054715 39064461 39069439 39073149 39067059 39065195 39066593 39054628 39068396 39064218 39061395 39064108 39066189 39068398 39068265 39061484 39057305 39058002 39068947 39066029 39061717 39062865 39055088 39053122 39066860 39060044 39053314 39072672 39068730 
162 39134019 38930519 39055612 39069248 39066466 39052758 39053718 39061484 39058761 39061731 39072793 39058977 39066836 39065388 39065502 39069392 39065019 39056629 39060918 39075710 39073433 39065808 39060581 39071475 39062520 39069752 39060444 39071312 39077923 39063791 39063760 39049702 
163 39140096 38944091 39071288 39077889 39073551 39061106 39066833 39067007 39068408 39062587 39065127 39062977 39066169 39065195 39062866 39067167 39069261 39056912 39074673 39053926 39069305 39076329 39061337 39063320 39070733 39073320 39071543 39066350 39064206 39062924 39058762 39047690 
164 39126593 38934608 39059705 39060509 39073175 39059723 39068733 39077371 39066161 39076054 39076708 39066349 39068315 39071381 39073048 39071580 39070450 39064345 39071765 39065707 39075044 39075098 39067765 39065848 39071133 39069408 39065019 39071758 39057442 39064206 39063002 39061776 
165 39115134 38947106 39069728 39073381 39053547 39064698 39060774 39070113 39057601 39062089 39068065 39074451 39073712 39065442 39053662 39066902 39063002 39072526 39059881 39059928 39069828 39079004 39071322 39069426 39065670 39084250 39069970 39070472 39060685 39068367 39063636 39056803 
166 39128009 38941524 39069857 39079993 39081759 39085195 39068730 39063085 39078159 39057843 39067999 39067688 39063692 39064381 39064002 39064764 39079573 39065285 39072100 39067215 39073317 39070912 39075823 39054750 39073508 39055740 39061320 39071872 39066039 39054939 39062665 39063183 
167 39131098 38951766 39072167 39075671 39071401 39078458 39075098 39063834 39065069 39069130 39071612 39068143 39077602 39065286 39063725 39065416 39075214 39064054 39078909 39074185 39081173 39075146 39072438 39073182 39079245 39071788 39066710 39070185 39067694 39058388 39064082 39064670 
168 39128267 38946889 39070326 39074062 39067234 39081870 39072821 39067476 39067428 39063132 39069472 39068966 39076939 39073933 39071129 39057697 39063749 39063442 39064182 39077463 39060533 39069281 39074273 39066228 39067155 39068728 39073842 39065122 39064770 39072295 39059723 39074918 
169 39138561 38946148 39077498 39065501 39068202 39068147 39067978 39074320 39065248 39053655 39074549 39070544 39073655 39065988 39071324 39063399 39062735 39065545 39069711 39075151 39076339 39069598 39074487 39069343 39058992 39067719 39067932 39056233 39078517 39067763 39073225 39057538 
170 39124784 38928204 39072220 39075411 39069370 39052134 39061685 39062893 39077369 39070200 39075180 39069624 39067585 39070816 39073986 39055094 39071133 39056553 39065936 39076077 39064915 39058067 39069379 39069076 39063148 39068664 39067973 39060966 39069946 39073342 39060479 39071135 
171 39134188 38950746 39079808 39063368 39071316 39077228 39065284 39075515 39076454 39074255 39068641 39059985 39079759 39074931 39079372 39066236 39069329 39076705 39060992 39075325 39067745 39072418 39060693 39070943 39071488 39059086 39067352 39077310 39070590 39074144 39071989 39068260 
172 39122161 39091745 39073859 39074401 39074673 39070917 39065427 39070665 39062341 39062028 39059520 39063290 39069147 39071823 39059419 39067088 39063081 39075466 39061672 39073616 39072996 39067704 39066668 39072201 39081483 39074091 39075231 39068537 39072252 39073372 39069283 39058123 
173 39124999 38955424 39066779 39073083 39073330 39076173 39071641 39065729 39065746 39079474 39075803 39074039 39081941 39067754 39072962 39073923 39064174 39070798 39063469 39066391 39074100 39053562 39066503 39081050 39071884 39067703 39071877 39073210 39071125 39068328 39077517 39056077 
174 39124849 38951430 39079145 39065671 39073692 39080994 39080971 39061142 39074525 39088256 39076124 39071739 39066212 39071916 39077204 39064695 39066128 39067647 39072852 39081357 39070004 39067957 39079329 39069058 39076551 39068430 39069875 39057893 39072683 39070619 39064828 39064353 
175 39122598 38950737 39075136 39082796 39079242 39076282 39079505 39064795 39072170 39079934 39067389 39085468 39081202 39071853 39077434 39075148 39067395 39065893 39070458 39079491 39061197 39057035 39078068 39071298 39053052 39067760 39070381 39078174 39067934 39072743 39081644 39071960 
176 39125579 38949665 39078464 39081242 39070293 39066715 39073484 39085071 39074496 39065227 39080205 39075189 39070916 39063139 39070279 39069501 39071835 39070692 39070418 39068467 39067969 39068206 39075699 39063374 39085151 39081502 39080707 39075162 39073441 39065566 39061866 39073216 
177 39110988 38963600 39072081 39079638 39074511 39083772 39068560 39058163 39068515 39082519 39078932 39074166 39059970 39083548 39073357 39066589 39068295 39073456 39064324 39071970 39069355 39069985 39078861 39070623 39075132 39070400 39076388 39063230 39065806 39064056 39077659 39062698 
178 39123179 38935458 39077080 39071712 39080662 39079071 39078243 39072235 39076815 39077335 39070395 39063097 39080965 39085704 39075507 39063276 39076001 39069093 39079899 39081056 39069528 39070091 39072836 39068937 39074429 39077960 39063173 39066076 39063374 39059032 39082691 39070799 
179 39120884 38958147 39068233 39071718 39070293 39073455 39076341 39074899 39077175 39065065 39074677 39076396 39074792 39072424 39079600 39071353 39074400 39080211 39076316 39065467 39073428 39077134 39064721 39078016 39071486 39068171 39075505 39072525 39078129 39071823 39080776 39080752 
180 39133642 38943515 39076680 39074994 39076269 39078419 39068321 39074021 39074652 39071916 39071693 39084836 39089739 39089987 39070960 39061876 39069948 39074640 39072093 39078225 39073537 39075863 39066725 39075645 39078726 39079227 39060914 39060196 39070506 39069438 39065521 39078480 
181 39122876 38949416 39083574 39084229 39063153 39081410 39065362 39075002 39084229 39089695 39065361 39067175 39063603 39066059 39077581 39064378 39072202 39072674 39062421 39076659 39076618 39076380 39067189 39065164 39076347 39068019 39059411 39076524 39069118 39076312 39073975 39068894 
182 39134971 38955925 39085302 39069396 39075586 39079740 39082109 39067382 39071776 39074031 39095748 39076529 39066799 39071392 39082456 39067883 39070800 39078671 39081083 39078197 39066874 39063349 39080858 39073480 39084139 39069606 39069600 39077848 39063963 39079116 39065145 39079397 
183 39125859 38951657 39082839 39078085 39083870 39080677 39079320 39077141 39068282 39069762 39077300 39079079 39081465 39076785 39075657 39067853 39078019 39074416 39081604 39069188 39071248 39074877 39053387 39082450 39070120 39079099 39072770 39069886 39078989 39067830 39074863 39077200 
184 39119720 38956842 39085403 39084135 39081663 39082508 39073468 39076537 39083278 39087017 39071801 39070442 39089234 39076199 39082936 39069757 39074472 39071944 39086654 39066016 39081764 39062645 39083533 39077337 39082924 39076190 39074699 39072844 39064320 39076558 39067473 39066981 
185 39125468 38956512 39074641 39074342 39072574 39085509 39077865 39081520 39079615 39070191 39077441 39072237 39086623 39071460 39074838 39079086 39069581 39082985 39071829 39073038 39069028 39078551 39065612 39078901 39084725 39075734 39075096 39071333 39081125 39083240 39081585 39076881 
186 39121294 38943528 39088280 39075110 39078017 39075620 39080108 39077617 39090526 39080875 39073511 39088211 39087023 39072187 39063695 39068256 39072469 39074257 39079336 39079612 39075180 39082997 39071441 39080178 39071577 39073466 39061849 39077660 39070833 39073337 39064749 39071135 
187 39119019 38955088 39078814 39078499 39074845 39075590 39087275 39073550 39072274 39083205 39077752 39084135 39079626 39079327 39085495 39075210 39068850 39079036 39072941 39071383 39078895 39067716 39085796 39079368 39063083 39071978 39090108 39083250 39087740 39075054 39082890 39063511 
188 39123185 38953945 39090131 39078873 39072475 39082209 39086240 39082934 39084128 39089679 39076279 39080576 39080028 39078856 39094074 39071797 39074568 39079191 39074512 39072021 39078375 39073073 39089714 39070367 39067091 39081079 39072607 39080864 39089552 39072402 39078464 39055914 
189 39123252 38961451 39093914 39082675 39076810 39088358 39082005 39090623 39077708 39068478 39086419 39070030 39086398 39073644 39094594 39072009 39079253 39085150 39073338 39085101 39078964 39087928 39078522 39076949 39078215 39081870 39075644 39082176 39076568 39084112 39085676 39081173 
190 39108767 38955996 39079076 39076438 39081610 39087239 39088308 39081091 39086828 39083644 39078772 39069954 39072385 39073560 39067978 39068151 39073677 39076318 39069939 39072351 39082743 39085584 39072557 39084735 39079000 39078282 39075163 39082112 39069342 39071313 39070880 39077830 
191 39092285 38942048 39075637 39081521 39086522 39089456 39084558 39066846 39086184 39082752 39068247 39074256 39095621 39080516 39073842 39067888 39092057 39085712 39086060 39079867 39081809 39085335 39076908 39076381 39080318 39071802 39091225 39080740 39083599 39081808 39088168 39074222 
192 39133964 38962379 39078817 39078609 39085161 39076323 39078623 39087903 39091806 39094365 39076526 39084673 39067700 39092547 39086582 39078497 39081123 39077406 39074231 39089191 39081130 39072096 39078836 39086576 39077454 39082237 39087483 39083707 39074915 39086272 39068347 39084030 
193 39094070 38966805 39104763 39079754 39081499 39085819 39076378 39074520 39100962 39081851 39087383 39088016 39083188 39082397 39080339 39081768 39074538 39077272 39087109 39085584 39069130 39088155 39064517 39079974 39072148 39083033 39071799 39081352 39086228 39080350 39092624 39067450 
194 39110470 38955019 39078771 39083766 39077923 39088654 39096225 39088312 39078149 39086847 39093592 39082594 39080190 39085537 39080377 39076034 39084207 39081896 39089313 39089010 39083091 39076830 39075905 39087597 39089279 39076488 39083089 39082256 39074470 39080172 39082952 39082515 
195 39113020 38964738 39068783 39079707 39081916 39090963 39089849 39080769 39074353 39087463 39080256 39085803 39079854 39091491 39079452 39072234 39072045 39081486 39088702 39078857 39083257 39083717 39079971 39080049 39077246 39074568 39084932 39083782 39078332 39074740 39079953 39085101 
196 39109219 38964905 39081736 39084964 39084881 39075250 39087703 39090261 39092814 39094494 39088735 39068719 39072786 39086572 39079940 39085944 39079480 39073404 39089700 39078076 39073763 39086900 39078028 39086704 39082599 39070845 39075365 39080881 39084674 39082834 39080889 39072655 
197 39103988 38967356 39085216 39088301 39089406 39088860 39073810 39079205 39080686 39082016 39082903 39093967 39082736 39083514 39080096 39072814 39087480 39092230 39074319 39093795 39092806 39078312 39086899 39087697 39078975 39085061 39074250 39088269 39080167 39074858 39098628 39072146 
198 39110715 38966698 39096126 39080292 39098935 39081487 39083072 39090264 39090059 39086381 39089472 39098622 39088432 39081473 39091070 39070264 39086320 39086757 39078086 39076973 39075199 39065981 39071383 39072730 39078357 39086649 39085008 39083165 39078794 39086064 39071000 39081331 
199 39105992 38968274 39085447 39079934 39093111 39092385 39083387 39074438 39085952 39087529 39079002 39093561 39080213 39101955 39082785 39083531 39078967 39098554 39082558 39082414 39080975 39094169 39077365 39082113 39090669 39073087 39081938 39083078 39078295 39082151 39086975 39074061 
200 39103896 38969064 39086936 39091683 39074509 39070525 39079218 39090301 39091694 39091402 39087424 39085164 39093371 39081129 39085668 39086290 39090720 39093092 39084687 39074670 39080837 39087324 39086387 39076587 39089546 39088996 39090958 39085632 39087471 39078509 39085890 39086098 
201 39102793 38965489 39084980 39093040 39087202 39088559 39097417 39086166 39092897 39087724 39088326 39083222 39076378 39072355 39094104 39085760 39082666 39088188 39088856 39081124 39078720 39080226 39081948 39077597 39085485 39085266 39084976 39083656 39088863 39078151 39081607 39079663 
202 39094151 38957838 39098692 39092075 39074656 39080539 39081236 39084357 39086098 39085173 39083735 39087092 39078340 39091364 39083806 39068915 39083951 39093091 39086397 39084974 39090093 39082996 39073308 39080274 39092240 39091318 39078603 39085214 39081494 39092152 39086873 39066719 
203 39094727 38963077 39092579 39091575 39089012 39095895 39081007 39087991 39090528 39087834 39098590 39086173 39089083 39078568 39083137 39075187 39081233 39081592 39088366 39078050 39083664 39083643 39093813 39084244 39097538 39075840 39090146 39080945 39092292 39078300 39084233 39091621 
204 39099456 38960312 39097954 39090536 39086208 39088884 39089669 39089605 39101017 39088378 39086198 39097467 39095697 39091997 39081526 39095137 39085817 39086502 39093366 39096969 39090841 39078649 39078444 39084312 39086050 39081148 39094874 39092022 39081947 39093874 39070239 39068641 
205 39091213 38963848 39094349 39090432 39089674 39101346 39091908 39090102 39089355 39095173 39093298 39089095 39095882 39087576 39086564 39085567 39079134 39081469 39096551 39087752 39084203 39082467 39086674 39097106 39085467 39080815 39083582 39080902 39092792 39083466 39088879 39081531 
206 39099420 38967466 39090303 39091028 39094051 39086675 39087555 39089883 39090036 39103945 39082811 39083422 39088289 39090259 39086194 39072242 39093658 39092848 39091391 39088045 39081516 39086221 39093640 39092823 39086163 39092646 39084294 39078707 39085361 39091355 39075405 39083113 
207 39096370 38962007 39089017 39092485 39092714 39100432 39094584 39088876 39096631 39079378 39096819 39084805 39088239 39093297 39091040 39078202 39096552 39100449 39097348 39097642 39086511 39086046 39091166 39085879 39081228 39095948 39099150 39074447 39073132 39089242 39095774 39076379 
208 39100473 38964633 39092752 39082155 39087943 39092395 39090676 39093909 39097866 39089289 39089183 39093520 39085106 39086870 39088772 39089649 39091191 39100276 39102393 39087172 39085802 39088204 39073124 39080730 39091704 39086761 39082926 39083093 39069747 39081505 39076713 39079442 
209 39083144 38984111 39096459 39096982 39086238 39101339 39103311 39093383 39091974 39093919 39097090 39101545 39088762 39094613 39086990 39075810 39089917 39096039 39090954 39091986 39104086 39090729 39088963 39093332 39084728 39094335 39099230 39085534 39078515 39089260 39098308 39083236 
210 39091073 38959907 39099388 39096604 39091097 39094568 39095465 39085036 39093276 39097092 39093082 39086359 39095647 39104770 39086644 39087913 39086354 39086187 39088624 39083141 39091132 39088135 39092615 39080020 39100137 39097165 39090890 39086642 39085984 39090892 39077954 39075153 
211 39085513 38982160 39106115 39083928 39096987 39092975 39098968 39084616 39079122 39088931 39088786 39094654 39087833 39100132 39093454 39081579 39098888 39093330 39085711 39093408 39099822 39093915 39090607 39090794 39096966 39090975 39090713 39098324 39089458 39097679 39093582 39091095 
212 39076619 38964210 39085182 39086235 39089517 39107155 39095041 39093901 39091753 39108997 39100309 39097811 39089213 39099905 39097088 39082048 39084057 39092677 39091417 39094129 39092500 39098527 39105078 39103220 39081924 39090780 39084350 39076977 39091801 39082809 39087087 39084103 
213 39086119 38968207 39106982 39091462 39095916 39111047 39097578 39096371 39090791 39094023 39095581 39088194 39097602 39093339 39094151 39090725 39085776 39087858 39088404 39085189 39096384 39088832 39093336 39094027 39098300 39089430 39087830 39082995 39089896 39093283 39097513 39077639 
214 39081022 38959524 39101172 39092184 39097835 39091648 39099945 39097629 39098789 39084060 39084408 39083046 39089629 39093449 39092003 39101622 39082963 39081704 39100734 39095858 39088018 39099832 39094055 39094202 39095770 39097353 39093597 39090398 39086351 39091613 39095569 39085955 
215 39080190 38966163 39108264 39083323 39106715 39099140 39085692 39100577 39095716 39095376 39099713 39091641 39099418 39097127 39097090 39100871 39099600 39094640 39085371 39095557 39091333 39105257 39088243 39098818 39093673 39086419 39097155 39092029 39105718 39096310 39091169 39087423 
216 39076293 38958888 39089559 39103704 39095611 39088755 39103702 39103770 39093432 39096262 39096445 39097916 39102745 39086883 39092803 39104705 39097530 39090371 39071759 39092796 39086803 39101677 39092879 39093430 39093645 39099902 39088756 39093935 39094732 39096096 39091283 39093136 
217 39076092 38973567 39102928 39092427 39095169 39100071 39093290 39104814 39088989 39088404 39099081 39090954 39093850 39093880 39093226 39085567 39085166 39097866 39084831 39079831 39086131 39093575 39092907 39107603 39092331 39098371 39095796 39086561 39095545 39101253 39090918 39088842 
218 39082295 38953529 39102844 39098597 39105177 39107083 39092700 39102479 39101433 39098495 39102122 39097660 39091143 39090978 39099868 39081919 39089805 39095016 39099598 39092512 39097171 39097935 39090697 39088500 39092091 39093116 39091612 39100527 39090387 39095274 39086825 39091495 
219 39062634 38979356 39091447 39102939 39095867 39096252 39101151 39097647 39096343 39103215 39101915 39089912 39105196 39096083 39104758 39082191 39096390 39085066 39094337 39097272 39097610 39088753 39090651 39095604 39097551 39091526 39089059 39105373 39085271 39096119 39088071 39078495 
220 39067352 38962964 39095734 39099328 39093178 39090157 39106910 39107627 39110529 39102811 39102173 39098153 39084972 39097766 39109681 39081968 39096000 39105629 39099213 39095460 39100132 39095244 39090239 39095269 39098021 39089627 39098124 39098232 39106947 39098417 39080755 39095502 
221 39083571 38972877 39099869 39091648 39105636 39106318 39108603 39100975 39105460 39086215 39081376 39106392 39106579 39096194 39091316 39085789 39100485 39091694 39087516 39114771 39099894 39098766 39092748 39097143 39104936 39089109 39106695 39095921 39099113 39094953 39088855 39086177 
222 39070853 38981772 39095281 39098897 39101174 39096694 39102952 39103013 39094608 39105721 39104235 39106001 39102845 39101658 39107707 39090472 39101491 39087154 39099947 39095172 39097927 39099265 39090468 39095593 39097140 39092520 39095598 39094226 39091278 39105119 39081590 39081049 
223 39065670 38967111 39100364 39109219 39115784 39100332 39090776 39094465 39099479 39106169 39115096 39091828 39105625 39090704 39093862 39105153 39099242 39102168 39095636 39091197 39096391 39105774 39104518 39104528 39104453 39101688 39102482 39098170 39099375 39100546 39105411 39095413 
224 39061400 38969404 39118302 39100803 39093463 39093902 39097388 39109751 39098533 39103724 39106736 39103919 39097233 39107390 39098877 39100207 39092713 39098891 39098455 39096250 39100450 39099128 39107263 39098458 39084835 39096316 39092569 39092995 39102307 39096390 39094170 39992120 
225 39036266 38987215 39103068 39108963 39111548 39108376 39101065 39105784 39095735 39103156 39092567 39095818 39094601 39098080 39095004 39103165 39103172 39089290 39094185 39094608 39100365 39105237 39109639 39092877 39103795 39090681 39090896 39089359 39096646 39102730 39080702 39079499 
226 39060971 38967564 39086647 39113599 39104262 39099024 39104813 39095737 39109924 39103583 39101342 39108163 39105394 39096957 39106205 39099717 39100886 39110860 39099609 39108371 39095914 39110841 39096749 39102939 39106232 39092270 39092812 39097544 39092730 39096902 39086862 39097301 
227 39065789 38982350 39108294 39101969 39113475 39119904 39104162 39103097 39105674 39096149 39107663 39108022 39096159 39108088 39107570 39094946 39096490 39080834 39109609 39102536 39100593 39111308 39110689 39108521 39096563 39105206 39098709 39092166 39108384 39094173 39111388 39092820 
228 39050623 38975697 39097714 39112613 39095284 39109308 39102583 39106086 39108906 39105389 39099724 39109492 39105328 39105186 39112737 39092549 39094077 39101635 39101425 39113209 39100340 39104856 39114363 39103604 39104255 39103373 39096460 39106624 39097458 39103542 39093752 39102641 
229 39044550 38969343 39103487 39118148 39104883 39100269 39107008 39104326 39103747 39113077 39099211 39096981 39095537 39110925 39102991 39101813 39098892 39094834 39104700 39104552 39089841 39098420 39109366 39099880 39113808 39097438 39108319 39107105 39111611 39107380 39089503 39101321 
230 39045252 38972507 39119378 39110795 39101181 39102774 39108163 39106290 39109111 39102363 39094145 39112005 39103885 39113352 39104628 39096769 39103707 39118310 39108545 39101747 39103867 39101958 39102783 39107431 39100064 39105779 39099669 39096741 39099800 39108869 39095671 39117692 
231 39053868 38969643 39118403 39108963 39110822 39123704 39098616 39117912 39103132 39111232 39106278 39104133 39113094 39100230 39103752 39100465 39104864 39115618 39108989 39101987 39104350 39111513 39109012 39106248 39102300 39110356 39101547 39103110 39110997 39112844 39093116 39099825 
232 39048185 38972347 39104166 39114710 39116848 39111139 39098000 39109458 39106753 39101274 39108631 39117906 39103575 39101586 39113506 39089676 39106498 39098396 39107688 39105996 39107277 39093368 39096308 39107435 39098675 39097683 39102805 39109724 39118264 39109437 39088593 39103566 
233 39038919 38970368 39109235 39108248 39105864 39117318 39103712 39127635 39105583 39109178 39107292 39104903 39109771 39109739 39100036 39097043 39104022 39104245 39100307 39098874 39108313 39098571 39112524 39107248 39103175 39109770 39106086 39087411 39111611 39096662 39094835 39108919 
234 39033104 38966644 39112295 39097491 39108822 39107396 39102647 39107417 39105972 39111399 39112791 39100426 39102608 39107163 39116495 39092667 39101890 39096765 39112064 39107593 39112095 39106452 39104033 39109040 39112005 39103931 39108339 39111898 39105600 39111993 39100116 39107712 
235 39029397 38975901 39099702 39119952 39107955 39112664 39109896 39105637 39110932 39118285 39107024 39112105 39109871 39099533 39102210 39101308 39107511 39108003 39109677 39112262 39113750 39103306 39104781 39110740 39104724 39099457 39112777 39099465 39106783 39100091 39100623 39095570 
236 39043170 38972764 39100271 39114221 39114822 39125869 39117317 39101001 39105142 39105101 39097933 39110671 39110149 39109154 39114244 39099813 39114981 39108451 39112859 39112393 39106734 39102069 39107166 39104821 39097080 39100303 39099907 39101830 39105813 39101422 39102645 39108160 
237 39031729 38973517 39112535 39120474 39110338 39116405 39113237 39114726 39105864 39106742 39112143 39117689 39107765 39107645 39102851 39108611 39114057 39111269 39104457 39107554 39103696 39097403 39099878 39106904 39106572 39099222 39102857 39116500 39109361 39112248 39093408 39101564 
238 39023709 38965046 39126435 39118125 39106013 39124619 39109655 39116552 39107480 39115298 39106548 39116841 39099600 39107648 39097307 39102221 39103837 39109874 39097593 39094527 39120033 39119438 39104937 39109538 39108323 39109803 39106431 39106947 39099412 39108798 39096910 39117284 
239 39025593 38980981 39120515 39111371 39109395 39110692 39116384 39117223 39114436 39127639 39109761 39114339 39102535 39121100 39102078 39114588 39094127 39097283 39109921 39115059 39092394 39112888 39119441 39102030 39100458 39103051 39115690 39112204 39104588 39106576 39101807 39113279 
240 39034348 38978360 39117927 39113827 39114239 39119428 39120036 39120932 39122360 39111954 39113401 39109122 39113352 39113008 39116676 40448479 39125307 39108408 39107667 39100416 39112231 39112585 39106667 39116590 39110399 39111780 39112107 39111828 39115978 39100627 39108288 39096670 
241 38996878 38982077 39108924 39121356 39115836 39113460 39113752 39104844 39122275 39124388 39113536 39111572 39111060 39111728 39117988 39117284 39100168 39119507 39118126 39116028 39103369 39098966 39101850 39112826 39114017 39115730 39113985 39112559 39115224 39110514 39112241 39114784 
242 39018587 38966011 39114790 39115755 39109586 39112260 39113314 39122211 39107915 39116278 39111122 39113333 39122946 39114280 39115758 39126598 39113998 39122978 39116369 39102946 39114820 39120261 39115392 39108737 39110105 39110592 39118096 39100013 39104077 39113150 39100980 39106837 
243 39020278 38973211 39109513 39116865 39114502 39108098 39118024 39115029 39124565 39113844 39120343 39116651 39129402 39112526 39114884 39127459 39108270 39122154 39114359 39119597 39109977 39108569 39120388 39114331 39102297 39112751 39114752 39113852 39114331 39103126 39112966 39108887 
244 38998283 38985609 39116704 39126466 39119996 39125687 39117832 39121389 39104811 39114940 39117253 39123029 39130884 39116572 39111873 39115452 39120244 39120339 39108782 39119987 39122727 39111130 39121183 39114394 39109039 39109815 39110578 39117384 39103903 39117801 39118236 39117750 
245 39010884 38975240 39126108 39117023 39115645 39124175 39096827 39117449 39122269 39117568 39121170 39111806 39117737 39119971 39099085 39121582 39113306 39115754 39116632 39118989 39116013 39111613 39110104 39108721 39114254 39121834 39110614 39100788 39115874 39111356 39113973 39104753 
246 39007195 38971129 39120974 39119781 39112012 39122541 39113518 39116267 39114228 39116340 39124433 39117247 39109845 39120734 39106596 39131865 39115388 39113366 39110788 39117689 39104750 39122286 39113749 39108700 39114131 39118004 39112790 39104945 39109902 39110039 39117096 39129960 
247 39003031 38978364 39112668 39118501 39126170 39107460 39123199 39122096 39115023 39126934 39111253 39115461 39111655 39112540 39120418 39120745 39118948 39113775 39118845 39115508 39108423 39126035 39110349 39117679 39110015 39109167 39115841 39106901 39103759 39112913 39119779 39101392 
248 38993963 38978006 39117628 39116296 39126594 39109344 39117087 39129012 39117060 39128223 39110978 39115696 39123234 39116974 39118908 39116886 39118905 39120105 39120621 39121934 39120185 39109399 39106152 39112821 39121188 39118880 39111189 39124011 39125588 39106427 39105158 39117055 
249 38992562 38982011 39116581 39104790 39122029 39117057 39120092 39115507 39119168 39126176 39129903 39125433 39119309 39121386 39113400 39118495 39117801 39122402 39113858 39131021 39121853 39122565 39118574 39124349 39106140 39104184 39125661 39116064 39120745 39119725 39108568 39113380 
250 38989671 38985196 39120337 39124058 39126588 39129623 39117497 39106001 39113235 39115258 39113876 39115269 39120941 39119449 39112673 39129708 39115795 39105507 39116488 39122051 39127534 39117355 39107556 39117706 39116230 39113796 39115039 39125942 39118451 39115903 39110531 39115097 
251 38989498 38976186 39121291 39121050 39127136 39128657 39120790 39134563 39126145 39120503 39117736 39121658 39104682 39133862 39129528 39125756 39122768 39125404 39124803 39117966 39123876 39109319 39126483 39114460 39113462 39118792 39120378 39116147 39119113 39114516 39116672 39109894 
252 38978990 38973821 39137356 39133153 39122989 39126835 39120147 39129692 39126421 39132746 39130893 39124348 39127919 39116919 39116740 39115629 39117660 39111263 39127723 39116743 39117912 39111622 39111691 39116952 39115749 39118041 39115655 39108592 39115798 39128893 39123785 39127684 
253 38976125 38980163 39130992 39122626 39134746 39132692 39123122 39118976 39121084 39140263 39117799 39132338 39142245 39130116 39128944 39129683 39120216 39131760 39120006 39118849 39118797 39111162 39118209 39128426 39119422 39122106 39120672 39127122 39120936 39114340 39126606 39118870 
254 38981280 39003596 39138071 39114976 39128658 39124210 39127671 39125038 39125373 39131019 39111287 39129810 39126431 39123821 39118239 39132301 39117923 39121102 39126977 39123907 39119039 39118440 39135058 39124183 39118280 39118363 39121052 39119371 39135388 39119880 39120867 39126039 
255 38957851 38981105 39125519 39130289 39132071 39133063 39128427 39127060 39130638 39129928 39136739 39121583 39120274 39124543 39116302 39116459 39122842 39125784 39127772 39130660 39115733 39129819 39116129 39117440 39119053 39125257 39125792 39125995 39128985 39127092 39117710 39116143 