n P1 P2 P3 P4 P5 P6 P7 P8 P9 P10 P11 P12 P13 P14 P15 P16 P17 P18 P19 P20 P21 P22 P23 P24 P25 P26 P27 P28 P29 P30 P31 P32 
0 38944364 78185202 39123604 39270354 39263625 39257374 39267077 39261916 39254764 39252448 39268225 39246846 39247921 39257615 39262424 39258527 39245606 39244650 39248412 39245599 39235954 39243311 39253399 39242490 39226072 39226846 39237677 39221341 39229457 39235573 39216356 39225322 
1 39040108 38747164 39063729 39034027 39043869 39042292 39053045 39050014 39041819 39048292 39043837 39036518 39045457 39062125 39046668 39052257 39042578 39041682 39046654 39027759 39050684 39045801 39038648 39045802 39042302 39048814 39040535 39031915 39048601 39044742 39051179 39039401 
2 39078227 38556630 39035555 39187235 39032123 39029078 39043879 39044179 39030518 39038649 39046922 39041084 39048607 39028998 39037311 39030583 39049398 39048741 39039486 39031287 39039436 39035118 39051955 39043007 39043201 39046142 39050077 39034481 39041695 39046050 39042619 39051365 
3 39106754 38804042 39098323 39032298 39049365 39048861 39035585 39049314 39051317 39040016 39041243 39034289 39036821 39053830 39044095 39043590 39034600 39048811 39044495 39043056 39043036 39044657 39046514 39049335 39035787 39054686 39040907 39052390 39039527 39040232 39044401 39036342 
4 39104250 38803051 39017435 39247362 39040177 39060771 39046087 39047926 39036859 39044479 39049325 39049323 39046088 39047809 39050650 39049855 39056330 39046700 39046043 39044751 39047860 39056475 39050945 39045004 39055172 39035905 39053275 39047087 39057234 39053094 39039835 39042177 
5 39097308 38799744 39019849 39011527 39293958 39043415 39047559 39056988 39043409 39041024 39054263 39044214 39036921 39043056 39050088 39051704 39052448 39051021 39043163 39057390 39041941 39039542 39041064 39047231 39047108 39043224 39046760 39042023 39035056 39034396 39032886 39037405 
6 39083917 38805818 39026583 39030506 39023163 39308865 39039633 39041180 39053016 39032445 39041973 39035268 39040112 39035690 39042135 39050987 39040097 39054570 39042699 39032739 39045856 39035889 39044637 39044700 39045647 39043968 39046524 39041939 39048443 39045918 39035851 39050875 
7 39086423 38817872 39023224 39007265 39022298 39009222 39305572 39037550 39059069 39048616 39031201 39036570 39044043 39038929 39041073 39041077 39048765 39040443 39043165 39039280 39045323 39054372 39041709 39040465 39038372 39046973 39048933 39052339 39050127 39048369 39060412 39053352 
8 39094522 38814377 39021266 39029884 39023582 39034636 39016287 39298866 39053916 39047541 39055136 39049717 39042323 39051702 39047250 39057817 39054698 39040358 39050440 39042565 39047095 39048097 39038468 39042839 39059667 39039592 39039174 39038671 39043355 39037784 39056413 39036157 
9 39084901 38817815 39022809 39019085 39016622 39015652 39016922 39020189 39302320 39038196 39045476 39041757 39046075 39041907 39052598 39042304 39051056 39049255 39044717 39035315 39049499 39042563 39041608 39033167 39047099 39049284 39060448 39053038 39049200 39051916 39046804 39052242 
10 39074178 38818907 39020175 39029884 39039338 39022252 39020909 39021063 39031160 39280359 39029266 39053598 39043790 39050375 39041441 39049267 39041023 39042454 39046013 39027365 39048818 39043554 39050116 39052099 39042447 39030788 39034696 39052711 39050883 39040641 39050723 39039949 
11 39089353 38815066 39022154 39024210 39018563 39018275 39016296 39019816 39027414 39025955 39295424 39034006 39045614 39044497 39048502 39056046 39049975 39065343 39036290 39055574 39038662 39053764 39048394 39046084 39054905 39057873 39036732 39040224 39043586 39053503 39048047 39047197 
12 39077645 38810767 39019080 39021126 39007186 39020238 39027194 39024688 39027431 39016878 39016801 39295556 39043953 39056174 39044790 39046122 39040706 39040478 39049528 39040068 39037857 39041169 39047542 39046954 39050351 39055459 39048229 39047913 39048977 39053369 39053611 39041892 
13 39066462 38817777 39024721 39017620 39038194 39013587 39024670 39028630 39025734 39016807 39011576 39009007 39278917 39027922 39050793 39056567 39044802 39047803 39046888 39052895 39029299 39052093 39041860 39039559 39039323 39044913 39039261 39053062 39049796 39041659 39058661 39036523 
14 39073737 38813128 39021864 39013694 39021641 39021261 39019503 39042146 39008477 39025599 39019020 39020384 39027019 39283375 39036519 39049355 39048099 39044857 39047147 39061161 39054843 39054495 39043657 39046021 39051578 39045993 39039327 39055754 39044943 39052303 39050724 39032275 
15 39070654 38821512 39019361 39027520 39024275 39027739 39020638 39038146 39022975 39016386 39010689 39034320 39022817 39020051 39268022 39027184 39045236 39056025 39056295 39056719 39058762 39046070 39056397 39052575 39053535 39043735 39057346 39057855 39057387 39036741 39039949 39039261 
16 39074292 38824208 39025377 39011227 39030890 39019741 39018600 39027848 39022137 39017450 39025249 39030957 39010186 39026353 39021459 39247722 39045302 39059595 39046590 39036473 39046256 39042942 39048842 39054362 39043420 39048966 39030249 39040372 39038766 39033610 39046115 39061433 
17 39062092 38828273 39025122 39031272 39020233 39027165 39019045 39016865 39027207 39023025 39012153 39019011 39023933 39030756 39025821 39013990 39261761 39042473 39046304 39045867 39055223 39044999 39057827 39049178 39054421 39047399 39049164 39032317 39053940 39047605 39042395 39049883 
18 39054543 38827931 39032876 39009860 39028647 39026623 39020113 39029988 39015088 39018873 39023230 39015231 39013350 39020891 39023011 39017945 39017284 39281337 39030160 39065037 39057465 39048418 39046975 39052549 39049839 39054920 39046869 39042600 39046172 39048935 39038685 39052331 
19 39061364 38819638 39036537 39025919 39027498 39026320 39023459 39023024 39026291 39018826 39021233 39022306 39019655 39030064 39025138 39008507 39027473 39018511 39270021 39052003 39043019 39041135 39047851 39054413 39053445 39046070 39052953 39045677 39042895 39047012 39050365 39053951 
20 39048096 38824085 39033384 39022337 39022239 39022965 39032300 39033763 39022121 39029942 39014558 39023227 39023380 39022462 39032411 39019203 39020411 39025645 39024914 39264864 39037219 39048401 39050743 39043687 39049061 39042604 39047428 39052577 39045593 39045979 39051560 39049603 
21 39051314 38830284 39026955 39022044 39033261 39023401 39019886 39035873 39024415 39025550 39023665 39020832 39027732 39027836 39022201 39018808 39024943 39031337 39015411 39028706 39256997 39032897 39055465 39043308 39053688 39043225 39053366 39052336 39046805 39057887 39057342 39037048 
22 39050303 38831427 39038892 39027488 39019377 39025666 39016298 39016837 39018773 39018104 39037928 39013320 39024637 39027285 39030885 39015344 39021853 39018962 39025849 39022842 39027701 39262933 39043601 39053013 39049932 39046940 39044482 39050176 39052552 39053990 39050018 39047606 
23 39039768 38842171 39035151 39010736 39023488 39019079 39034569 39023802 39027996 39020357 39037239 39032048 39018671 39028271 39021049 39032661 39027458 39031810 39036694 39031072 39021952 39033588 39255666 39031035 39053228 39047187 39045694 39044206 39050184 39032696 39047356 39049691 
24 39057312 38834592 39023315 39022440 39017388 39025885 39029909 39025219 39037901 39021681 39026691 39029180 39013129 39020767 39029522 39018098 39021678 39025906 39025861 39028519 39028967 39021077 39029687 39243682 39045011 39056735 39053020 39047242 39042822 39046808 39054315 39053847 
25 39044006 38833248 39018461 39029984 39035507 39013734 39027159 39020900 39015324 39027068 39033702 39022986 39026643 39026017 39028412 39019216 39026627 39034761 39037048 39026719 39032307 39022166 39023081 39016099 39236361 39048606 39034533 39056944 39045767 39046375 39036289 39044431 
26 39041473 38843100 39028008 39027038 39012973 39021150 39030689 39021940 39012162 39025721 39032925 39023430 39020850 39028685 39025920 39012578 39018725 39020606 39032127 39023590 39025375 39036431 39031281 39028417 39023894 39245374 39029966 39054079 39049710 39051027 39037961 39048813 
27 39043074 38837493 39024597 39034582 39021634 39027428 39019056 39026054 39027396 39035926 39022913 39021085 39020407 39021432 39027838 39014081 39024004 39040336 39021830 39027721 39026245 39027383 39020721 39011474 39017118 39024321 39240097 39041471 39045643 39042420 39047008 39041717 
28 39047247 38847773 39020684 39025304 39038720 39032157 39022334 39027461 39023790 39023820 39022200 39023277 39016100 39017467 39013043 39028858 39033163 39025976 39022681 39024882 39022454 39012809 39019950 39016742 39018241 39023387 39020377 39240066 39029840 39053047 39041286 39049561 
29 39026608 38841185 39028968 39026483 39033262 39021811 39042035 39022805 39022177 39030053 39030034 39025518 39027293 39026996 39027378 39013877 39027584 39026333 39032872 39019478 39031295 39032672 39030568 39025870 39030175 39030977 39023790 39023094 39237447 39040825 39059016 39042753 
30 39038007 38842511 39027323 39035179 39025699 39017646 39032169 39030573 39033426 39017890 39022670 39029222 39031032 39031555 39033020 39028520 39018201 39024996 39023640 39029155 39021050 39023335 39027468 39033591 39035819 39033456 39024314 39022988 39015158 39242359 39037931 39053746 
31 39029783 38824365 39030255 39023799 39031138 39025823 39023970 39017085 39026777 39030715 39025275 39029724 39044789 39025789 39032911 39019873 39023916 39032130 39028376 39017711 39038289 39026012 39028125 39030135 39029588 39022680 39023764 39025318 39035627 39023242 39247985 39051925 
32 39046559 38837909 39034350 39028002 39009510 39023990 39032914 39017689 39016832 39031245 39026727 39022023 39034491 39028673 39032596 39014907 39038528 39024676 39025936 39019814 39027874 39028044 39024808 39030988 39015811 39031830 39021608 39022036 39018440 39023280 39026148 39215825 
33 39017361 38856120 39030175 39036430 39027140 39025893 39020414 39027180 39026948 39025462 39030408 39034923 39038880 39003424 39031600 39019429 39034800 39027273 39021995 39029638 39024763 39031242 39037852 39028926 39017273 39024335 39022788 39034734 39041159 39035429 39039675 39022849 
34 39038332 38851134 39023863 39031736 39033393 39023635 39026406 39029350 39034389 39028721 39028617 39025987 39029949 39032153 39026100 39022438 39020756 39023771 39032187 39018961 39028349 39026207 39027882 39030764 39033194 39032610 39033756 39017087 39020394 39033948 39030434 39020662 
35 39033604 38836500 39025512 39027964 39013180 39027280 39033294 39025580 39021965 39032474 39030984 39023997 39039214 39035497 39032573 39021622 39035429 39037150 39025644 39031106 39027372 39025084 39030584 39028638 39025958 39035783 39029206 39031970 39020695 39027457 39047994 39025529 
36 39037013 38850314 39031724 39034740 39033295 39023072 39034131 39025320 39022013 39031930 39031502 39033893 39045552 39037599 39031287 39021937 39022735 39034726 39028372 39017411 39033693 39028504 39025533 39028702 39036875 39037859 39034366 39020410 39024354 39031106 39021880 39027086 
37 39028579 38847389 39024718 39036424 39025468 39031549 39033070 39023316 39026356 39022102 39024166 39039576 39021964 39033837 39028948 39022341 39030618 39023069 39025394 39040313 39027991 39023887 39023597 39027605 39028872 39030933 39036372 39022208 39026860 39026890 39037166 39020547 
38 39018900 38850639 39027183 39043211 39021504 39033249 39018704 39024493 39016627 39034513 39031643 39022133 39032304 39015008 39028620 39030515 39039192 39024585 39027018 39027605 39028163 39020748 39030884 39037756 39042783 39025320 39031323 39032573 39032087 39026358 39021138 39014543 
39 39022373 38849069 39039983 39024329 39029092 39027878 39040141 39026339 39024014 39027891 39039539 39023233 39038748 39027442 39037862 39018077 39035058 39037625 39019569 39032020 39026645 39032984 39010920 39034457 39027830 39028324 39031067 39033371 39025181 39027964 39038564 39027005 
40 39019279 38839413 39025170 39033371 39037004 39034934 39028302 39029378 39021655 39022508 39028548 39025539 39031736 39033447 39038696 39024085 39029216 39032789 39033051 39023666 39031562 39032412 39027602 39026969 39017635 39029423 39026904 39024413 39026749 39036406 39017543 39029175 
41 39023753 38842862 39029031 39021012 39014382 39026923 39030137 39030525 39019959 39027910 39032150 39036614 39032698 39026325 39025364 39018805 39025091 39034255 39035736 39032467 39031136 39026141 39032992 39021960 39032693 39022357 39032008 39024139 39025981 39032234 39042464 39034253 
42 39032818 38846599 39031047 39024776 39037393 39026964 39030370 39027679 39034189 39029216 39033390 39027077 39037417 39026216 39034125 39021045 39031525 39025578 39030270 39023323 39021574 39037171 39015763 39015142 39027980 39017928 39023603 39034635 39034850 39032379 39020683 39031100 
43 39007585 38852275 39043444 39028630 39025744 39029738 39023456 39020723 39029857 39021281 39025181 39022325 39027542 39023308 39037547 39014150 39022473 39035730 39027727 39029293 39030810 39030344 39022711 39028697 39026852 39027946 39029730 39017601 39027347 39034092 39033197 39029412 
44 39019647 38852508 39031681 39030144 39029233 39024971 39027913 39032967 39029101 39037805 39031050 39019636 39028710 39041325 39020870 39012019 39034755 39028670 39021779 39034819 39026121 39034078 39031971 39035592 39033195 39033534 39032703 39029251 39044087 39027804 39008131 39033919 
45 39020484 38857082 39027822 39029866 39030828 39029562 39038612 39036133 39024967 39024179 39030414 39027112 39033317 39021298 39018955 39025446 39029351 39037521 39037138 39030152 39036753 39030205 39039923 39025451 39030213 39027332 39024177 39025488 39038491 39033558 39044977 39029927 
46 39025624 38857900 39039099 39039376 39024922 39022074 39027381 39033678 39034235 39034317 39029178 39029354 39033856 39038552 39029930 39035671 39030355 39015823 39029029 39027425 39022960 39019725 39029346 39031643 39035652 39033640 39027400 39025407 39033719 39030317 39028512 39033697 
47 39007016 38851260 39026815 39027453 39030783 39029521 39029803 39030932 39038305 39026061 39033638 39032386 39042546 39036995 39028874 39017292 39029278 39030229 39037326 39033117 39041482 39028052 39044914 39025506 39026367 39038732 39033983 39033607 39037564 39029667 39046449 39015206 
48 39016969 38851766 39032066 39022026 39024573 39038184 39029652 39038807 39034357 39033420 39033985 39029976 39028954 39028765 39037178 39033119 39041845 39027965 39018788 39035517 39028677 39037059 39036877 39028941 39023407 39031216 39022696 39041925 39027804 39032059 39025395 39043305 
49 39007924 38858365 39032481 39026285 39026590 39038865 39034942 39027882 39041447 39029008 39028323 39031516 39035914 39023117 39030439 39022771 39026111 39028072 39031165 39041793 39031096 39032626 39030404 39028235 39016885 39026787 39040130 39040738 39034821 39030340 39040358 39022654 
50 39016960 38853147 39033145 39038177 39034699 39023963 39035138 39041889 39037594 39035458 39030636 39036112 39040880 39025575 39033455 39025360 39029211 39034985 39030019 39039284 39034882 39040203 39036681 39025428 39035667 39028053 39032816 39019300 39022110 39037850 39028226 39019960 
51 39008146 38870953 39044981 39031790 39038284 39022396 39033505 39033312 39021009 39018327 39028166 39036901 39035525 39039660 39041194 39031646 39025669 39039396 39034277 39036422 39036758 39029044 39042226 39027133 39028989 39022549 39023431 39035807 39032101 39033274 39024013 39027157 
52 39031832 38863239 39034376 39024880 39028476 39035296 39037077 39025730 39033546 39028969 39032478 39030497 39036287 39029344 39030650 39023000 39025367 39022204 39045043 39018789 39027953 39030806 39040737 39027454 39028308 39025564 39022148 39035660 39023753 39036047 39017839 39040725 
53 39016965 38866707 39030743 39040326 39033867 39019133 39028834 39026876 39033892 39030260 39030127 39030476 39032885 39030895 39030902 39018449 39043417 39041717 39040809 39032727 39034786 39034686 39041709 39038499 39034804 39030939 39035410 39025240 39032733 39041952 39042563 39024293 
54 39009160 38867453 39031006 39020888 39028172 39025263 39032374 39028964 39041300 39024806 39028884 39029067 39032714 39025133 39039776 39034624 39030461 39021467 39034772 39036465 39035948 39031229 39030590 39039033 39033100 39034297 39026595 39033981 39033645 39028166 39035514 39019254 
55 39012842 38867296 39034165 39037772 39037612 39041770 39026978 39045416 39036061 39029266 39039784 39037431 39029540 39024632 39033432 39033932 39031391 39039411 39031522 39026933 39032263 39040736 39018980 39037235 39029356 39038433 39034931 39035963 39023338 39023835 39050064 39021951 
56 39024390 38868406 39030488 39023527 39014143 39026798 39037093 39036479 39033875 39019491 39023761 39041264 39028383 39031857 39029759 39022064 39042035 39040059 39012737 39031604 39042242 39032332 39023421 39026017 39037916 39040359 39034491 39035209 39037442 39016990 39044275 39030767 
57 39020676 38868700 39023928 39028645 39023656 39033263 39020122 39027972 39043972 39036039 39032307 39034780 39022560 39042454 39030235 39026535 39028361 39023849 39039637 39040942 39033497 39033857 39031225 39015238 39040320 39025170 39028266 39028642 39037300 39031104 39053087 39019435 
58 39010303 38864290 39033148 39029200 39040992 39033805 39032862 39038051 39021438 39039211 39030541 39028580 39023749 39038849 39027732 39033878 39025120 39025638 39026624 39035922 39027847 39028533 39025568 39038277 39040025 39030123 39031183 39034556 39036497 39038743 39024966 39033128 
59 39025812 38869258 39037728 39026508 39032432 39026659 39029331 39032705 39028265 39038237 39035615 39031451 39043521 39030926 39030259 39024978 39038013 39025192 39030232 39026673 39035627 39031678 39025572 39023752 39031762 39020287 39032829 39032699 39034181 39028880 39046827 39025843 
60 39001404 38873527 39041057 39032142 39038170 39036452 39047764 39031454 39031872 39022164 39032346 39038989 39032123 39025951 39042201 39035539 39027664 39039696 39041814 39021150 39041542 39030542 39032712 39034979 39014797 39023883 39034769 39036669 39038260 39032931 39021494 39017975 
61 39016699 38869397 39032954 39035344 39035422 39035785 39039481 39030211 39035228 39028413 39032501 39041326 39035503 39019119 39039590 39020661 39037061 39035034 39022790 39036119 39039992 39040411 39031197 39027754 39028903 39036810 39049001 39029864 39029551 39036895 39042069 39037540 
62 39001042 38873463 39035694 39036348 39035060 39034035 39033086 39033789 39028818 39026624 39038382 39033566 39035861 39041437 39035543 39034161 39043945 39026355 39036985 39040734 39035531 39020314 39045650 39036059 39034434 39035318 39039889 39038618 39034727 39025294 39036732 39033491 
63 39011679 38881619 39031932 39027578 39032985 39027969 39040094 39040527 39036891 39034099 39027078 39037763 39031631 39033600 39029505 39031642 39027210 39042211 39027180 39030143 39040703 39031916 39032989 39036529 39030128 39038598 39037719 39033564 39035802 39026979 39047977 39024906 
64 39036256 38866945 39020553 39036002 39040768 39037555 39046272 39042874 39028751 39039585 39039856 39041744 39025428 39031886 39030479 39033860 39039707 39029346 39031128 39041312 39033571 39044900 39041744 39034076 39038305 39043307 39041610 39033198 39032869 39043663 39020998 39039195 
65 39007611 38878310 39037929 39031425 39035316 39031362 39036424 39035611 39033326 39028651 39039021 39043348 39039384 39037361 39030249 39015916 39038169 39035243 39038802 39042987 39043392 39050519 39036358 39036605 39026829 39037274 39049121 39038060 39049410 39031860 39038543 39022167 
66 39009201 38864731 39038041 39033223 39033574 39045108 39033589 39029080 39043755 39034312 39043391 39045234 39030674 39043798 39028426 39017346 39044981 39034145 39029905 39038410 39029424 39037593 39047422 39031516 39036483 39034909 39036025 39047041 39049774 39032600 39030858 39037090 
67 39012880 38876659 39035601 39034789 39042471 39032256 39041323 39043078 39035836 39036215 39031270 39048787 39035368 39035069 39035302 39028732 39043280 39040615 39038925 39033089 39040854 39040576 39028296 39037848 39033088 39043783 39033464 39033840 39034780 39025370 39040673 39022150 
68 39017234 38875013 39041093 39046105 39030505 39041131 39053145 39015000 39032335 39024747 39030160 39040630 39038371 39034174 39034783 39028320 39038077 39036898 39030387 39033090 39048423 39036016 39035601 39028014 39035739 39039783 39036742 39044865 39039205 39038121 39021895 39026472 
69 39015922 38871547 39042782 39024867 39030761 39038643 39033067 39028572 39034088 39035021 39039589 39025401 39034918 39044796 39034369 39026533 39044581 39027950 39028119 39048796 39035759 39038439 39037241 39037752 39039524 39031581 39032888 39043316 39038694 39033861 39036753 39023632 
70 39003144 38885659 39033607 39026967 39018634 39043834 39035015 39032951 39033732 39030030 39044943 39043605 39030914 39031547 39037281 39029800 39034857 39041795 39040756 39028314 39044828 39040118 39040416 39040820 39028051 39030510 39038056 39034255 39032645 39034556 39040071 39035262 
71 39023740 38874302 39039186 39045005 39049380 39043839 39038167 39037925 39038293 39041491 39027371 39030201 39039523 39038243 39031332 39026754 39033994 39027468 39035357 39034653 39038451 39027540 39027806 39032723 39036928 39037848 39035178 39031897 39031766 39055253 39050865 39034019 
72 39014703 38887852 39035772 39033527 39028543 39039014 39041823 39029262 39040516 39037157 39035356 39041171 39031259 39035864 39044278 39031041 39035117 39036674 39038155 39042099 39032068 39038895 39030587 39028169 39030673 39032538 39042900 39046362 39041759 39029082 39026574 39040593 
73 39014666 38880424 39029336 39038924 39045654 39043936 39035631 39031562 39027338 39028058 39033788 39032809 39028600 39042346 39035776 39027874 39043700 39039190 39028183 39026875 39033382 39035760 39040052 39042320 39048559 39033291 39038187 39036969 39031976 39032804 39040865 39023922 
74 39028609 38885092 39041274 39030649 39043791 39031223 39043740 39037707 39036703 39042554 39034539 39031053 39033030 39029393 39035507 39038291 39032666 39040767 39047840 39030535 39039685 39041675 39041512 39038247 39044716 39021921 39030254 39040442 39041166 39033532 39034832 39056130 
75 39014659 38878223 39038390 39039753 39041153 39041433 39038847 39026276 39045527 39038355 39043473 39042949 39034794 39038113 39039388 39027396 39044096 39040868 39025433 39032110 39043410 39036323 39037158 39042052 39046978 39024322 39040961 39039024 39039575 39045791 39044166 39019133 
76 39026560 38884845 39038577 39036485 39033538 39043560 39041521 39050069 39040282 39041832 39031594 39025956 39034221 39044147 39040029 39031079 39039392 39040049 39042552 39045082 39027553 39036066 39048740 39050310 39042634 39030609 39042484 39049301 39040440 39025698 39027677 39030411 
77 39016488 38888860 39032887 39040441 39046481 39028072 39042052 39030992 39026318 39041575 39044014 39037367 39040774 39040603 39041191 39034538 39035916 39034158 39033292 39052156 39038603 39038848 39045454 39041126 39034275 39042414 39045609 39042237 39040660 39025649 39053423 39030458 
78 39017586 38876116 39042665 39036613 39035951 39049550 39037941 39042662 39033477 39044103 39033016 39035630 39040579 39046220 39041206 39037811 39035523 39045142 39031621 39037696 39043084 39040433 39023259 39039660 39046961 39036602 39042947 39030821 39046355 39026114 39038956 39035769 
79 39016804 38884485 39026714 39038777 39046258 39049576 39040938 39036923 39046741 39037325 39039700 39035976 39041627 39024569 39043714 39038218 39040216 39044198 39035523 39043701 39038808 39035318 39038264 39054433 39044783 39047635 39052328 39034642 39029559 39038064 39039042 39034761 
80 39030124 38870489 39043695 39036056 39042260 39040973 39035217 39036231 39031231 39043091 39026290 39035396 39035747 39034797 39036427 39032489 39030326 39043498 39048116 39047862 39033439 39040480 39044693 39041439 39041362 39035024 39038380 39047500 39043284 39037939 39032636 39042890 
81 39031929 38882615 39026823 39035659 39041050 39032028 39037057 39041715 39057389 39045044 39038136 39035123 39033182 39047644 39028710 39038549 39042725 39039380 39046777 39042385 39030901 39035540 39034411 39045494 39035301 39040810 39038446 39031653 39046335 39044309 39049218 39029942 
82 39024623 38872265 39032202 39033716 39043192 39042744 39057246 39043532 39051660 39044950 39038508 39051588 39048084 39042038 39036118 39041171 39043867 39037230 39037828 39038405 39025860 39038031 39036660 39031925 39034920 39055110 39024991 39023119 39036020 39048432 39035604 39032548 
83 39023441 38887763 39045486 39046297 39040515 39044371 39039229 39040967 39040275 39042758 39040311 39045009 39042089 39036887 39036575 39033867 39036296 39034747 39042877 39042901 39050930 39041068 39041762 39025982 39036712 39044168 39034924 39040210 39041438 39047094 39045667 39041632 
84 39030528 38893910 39035946 39035888 39045872 39039503 39032896 39034590 39043185 39033897 39042781 39043094 39041408 39037921 39032471 39031656 39035356 39032656 39040758 39027315 39042677 39029540 39034479 39039395 39043322 39047130 39046891 39034685 39049778 39041816 39030193 39044459 
85 39022973 38892612 39048380 39036680 39041695 39051046 39036687 39043906 39043698 39025557 39038191 39044277 39044373 39045036 39047115 39034039 39044375 39031005 39040106 39040485 39040088 39033505 39038810 39050663 39037298 39034880 39051250 39043061 39040582 39040385 39046902 39034561 
86 39030331 38890074 39039353 39046722 39027573 39035933 39044109 39047102 39049495 39040772 39039547 39043387 39032770 39036636 39034088 39041599 39043423 39034377 39042279 39038838 39038816 39032779 39047780 39037541 39040752 39043014 39040764 39040957 39037964 39035611 39029958 39047223 
87 39017517 38878342 39041574 39048705 39036633 39040846 39036444 39033167 39031452 39047487 39044422 39038400 39040922 39037965 39040773 39038066 39041656 39030459 39047738 39042967 39045093 39043069 39039924 39041384 39045743 39027938 39041546 39033870 39027590 39040372 39055597 39041257 
88 39031656 38888120 39046738 39043841 39022789 39049942 39049402 39035434 39036876 39035740 39041185 39037301 39042368 39041231 39043913 39039922 39046169 39049329 39049861 39039067 39041914 39054910 39045007 39049642 39029581 39030201 39038233 39031906 39042256 39035264 39041110 39045619 
89 39024282 38913168 39045687 39035585 39039301 39033623 39034336 39028329 39030208 39060260 39043385 39034617 39042251 39032980 39040080 39031065 39034059 39038591 39034492 39037270 39039230 39037792 39035664 39043840 39047147 39042192 39050192 39041208 39054790 39039884 39050455 39032186 
90 39020455 38888831 39052454 39033106 39037132 39031119 39037643 39043509 39033702 39034629 39044198 39043671 39059592 39036311 39041466 39037412 39051299 39029696 39035701 39039301 39041643 39033859 39039968 39047308 39039675 39043024 39053481 39044302 39030594 39037266 39030128 39044586 
91 39029801 38895695 39046693 39056613 39044194 39038809 39037736 39041342 39033495 39047031 39049636 39039046 39043990 39047276 39031360 39034015 39039460 39045747 39054217 39041773 39038546 39053064 39049210 39048776 39045337 39035035 39040167 39041410 39043145 39043910 39048780 39030467 
92 39037447 38891809 39042244 39043916 39043912 39037985 39035549 39046899 39052124 39042017 39038301 39042644 39049700 39049882 39045167 39040836 39045931 39034933 39043231 39034211 39043182 39037486 39050476 39047740 39040483 39026624 39044580 39038218 39050953 39042010 39030820 39044541 
93 39032850 38889973 39048149 39034533 39055826 39046404 39051572 39033570 39044894 39036071 39044481 39048378 39046842 39046373 39042328 39028198 39035728 39040127 39042723 39046569 39046937 39040932 39034529 39050895 39032185 39040172 39052746 39045198 39048268 39050172 39043498 39039002 
94 39037801 38894212 39047668 39041905 39047708 39045086 39038137 39039487 39025009 39031026 39050092 39039196 39035722 39048511 39038579 39029638 39048002 39052914 39039970 39037954 39040002 39048605 39037013 39051134 39038289 39031852 39019888 39034618 39054367 39047483 39037989 39042846 
95 39033238 38891859 39045585 39041309 39029302 39043740 39045474 39044734 39035820 39046932 39055407 39046899 39035442 39043824 39049403 39038114 39033480 39037399 39038569 39032863 39039048 39041334 39038424 39043165 39034892 39057065 39047115 39036895 39034679 39034339 39052479 39044635 
96 39034081 38891168 39047113 39042601 39046127 39035091 39051229 39055780 39042698 39044340 39027809 39053576 39037404 39050076 39054341 39032206 39056978 39044478 39051384 39041123 39051854 39048535 39033563 39048904 39047552 39046316 39033805 39046448 39043982 39047325 39038501 39043603 
97 39016413 38904733 39037253 39044832 39039562 39047097 39040442 39043267 39039963 39043462 39043086 39039216 39036856 39046087 39036977 39036470 39038512 39037446 39039892 39046274 39041797 39049312 39037026 39041570 39036993 39040891 39037318 39045742 39046571 39038112 39052620 39038892 
98 39032350 38890092 39041333 39038916 39043087 39055617 39044362 39033206 39039547 39042864 39054366 39032986 39032231 39043485 39038860 39036303 39052920 39043197 39047450 39044360 39051358 39035220 39038605 39047421 39034053 39036031 39045365 39041787 39046972 39038962 39037635 39045356 
99 39060818 38894732 39048023 39048309 39029002 39050173 39035601 39039030 39046768 39037235 39023413 39045044 39047533 39039471 39046381 39037863 39036011 39048693 39038792 39041783 39044739 39040078 39038564 39042986 39050229 39037686 39039577 39047140 39038402 39047277 39061218 39038938 
100 39040167 38893777 39045957 39036572 39042258 39038435 39045323 39050472 39041916 39042117 39045093 39038557 39040246 39050325 39055151 39030751 39051694 39044425 39049070 39034403 39037876 39037492 39029157 39035815 39042863 39032473 39040769 39038471 39043143 39029266 39021003 39045484 
101 39041426 38891386 39042091 39030451 39030962 39043706 39036271 39053803 39054742 39043692 39039580 39035157 39041770 39044504 39044653 39034373 39044000 39052124 39046375 39037260 39044724 39030570 39041601 39047075 39033490 39037933 39040363 39052949 39045212 39038264 39044942 39033241 
102 39036319 38891168 39034751 39045949 39043316 39040501 39041933 39053430 39044718 39035609 39050753 39061106 39044363 39041591 39045856 39044661 39030252 39048866 39047462 39047179 39044270 39051562 39050208 39040803 39045379 39044975 39048634 39055404 39043388 39043115 39034272 39046145 
103 39042669 38904045 39052114 39043011 39043239 39026977 39039676 39040016 39043744 39038952 39039240 39045280 39049177 39047205 39052732 39050210 39046172 39049467 39038004 39050769 39045175 39043615 39043357 39052616 39040745 39052932 39032012 39043693 39043591 39047413 39048519 39029272 
104 39045383 38894151 39046858 39044646 39042623 39044254 39061948 39046666 39041955 39050155 39042154 39048533 39044412 39035809 39040201 39032587 39048780 39048975 39047257 39036675 39041294 39049940 39055459 39032448 39050758 39045476 39043073 39049803 39042992 39048106 39048288 39048872 
105 39046383 38894179 39045666 39047928 39040579 39056296 39047846 39048477 39037386 39038796 39058296 39041420 39041784 39046761 39045435 39039546 39047196 39045605 39035919 39042386 39045609 39049748 39048248 39042508 39043208 39050309 39044310 39040718 39045744 39047255 39049058 39040377 
106 39030016 38900832 39042694 39042888 39044562 39039918 39040311 39047333 39046305 39053014 39039713 39047445 39048466 39040695 39041775 39042201 39048481 39053221 39061080 39050140 39037415 39049663 39048990 39049325 39045022 39042190 39033185 39049491 39047164 39050745 39039581 39037425 
107 39050632 38898525 39047080 39051240 39046072 39022838 39043682 39042377 39041738 39040066 39059022 39053408 39045966 39042836 39045957 39055137 39052086 39052130 39047266 39050593 39032724 39048449 39042313 39039573 39047104 39038490 39049080 39055605 39051314 39045926 39060469 39035325 
108 39055918 38898518 39057234 39046965 39050785 39040684 39044961 39039273 39043429 39051310 39039713 39036769 39050309 39046362 39050110 39031513 39053869 39044503 39042371 39047648 39051932 39045637 39045659 39049183 39041840 39041998 39035576 39047187 39050810 39040010 39041952 39032326 
109 39034107 38907014 39054824 39044216 39048350 39044313 39051081 39049060 39044987 39042457 39045988 39053222 39051516 39039877 39050358 39046309 39043880 39050251 39047819 39042721 39052205 39046026 39053284 39052963 39061165 39047284 39033354 39052706 39049197 39052055 39041225 39030811 
110 39053046 38899477 39050766 39046946 39045954 39048178 39053346 39044755 39048788 39051883 39039646 39052037 39043339 39033792 39049454 39036047 39041778 39040105 39041158 39046815 39056404 39047645 39061239 39044537 39046316 39046453 39036398 39035694 39046605 39039544 39040989 39046206 
111 39046714 38904381 39038276 39060089 39051921 39037331 39045222 39043349 39042010 39049119 39037257 39049581 39047629 39047239 39060629 39043125 39048003 39047853 39046911 39046850 39054726 39040899 39041364 39043346 39057272 39043200 39049410 39052002 39053938 39054078 39059679 39046222 
112 39052074 38904499 39045941 39043834 39053515 39052018 39053406 39049510 39057304 39043405 39045011 39044984 39042005 39046534 39054897 39032372 39047359 39053519 39049619 39037070 39043759 39049228 39055617 39050727 39060860 39040094 39046063 39048213 39057053 39043724 39041176 39042938 
113 39046217 38908113 39051533 39053975 39046506 39064181 39043912 39048442 39044663 39045966 39046286 39041066 39057440 39044051 39058220 39045971 39050372 39048989 39042734 39045823 39048236 39050142 39050827 39054360 39053105 39047845 39043531 39049800 39054079 39044419 39054309 39049726 
114 39040170 38912339 39044750 39055907 39049144 39044794 39030172 39049233 39053881 39053554 39057484 39060020 39045764 39048580 39051064 39041345 39045774 39052023 39043347 39047408 39061607 39046522 39057816 39044967 39046141 39046854 39050098 39047554 39058493 39041014 39047021 39056770 
115 39052793 38899181 39058819 39060693 39057475 39055340 39046604 39041835 39050913 39054433 39046892 39051199 39049734 39043075 39043300 39050391 39047167 39048622 39043710 39057050 39048149 39052108 39050784 39047234 39049416 39051855 39044412 39046620 39056661 39044512 39044597 39046652 
116 39052717 38893745 39057503 39039231 39045752 39048321 39062108 39068872 39054944 39046592 39060871 39035035 39042494 39056564 39050478 39046962 39048125 39048838 39053857 39053611 39041476 39045641 39053222 39047508 39053237 39045352 39054683 39055889 39053865 39064080 39032800 39041368 
117 39050548 38905966 39049383 39046856 39064177 39050667 39053324 39046085 39034502 39042770 39050535 39051445 39047045 39049649 39043954 39039632 39045061 39056533 39048658 39050907 39042320 39049856 39039873 39039510 39033818 39059193 39041326 39060862 39050951 39053793 39057788 39048354 
118 39053360 38912874 39060772 39045946 39051474 39057093 39041199 39046146 39049101 39056336 39049911 39033051 39055157 39047137 39043559 39041216 39036208 39036225 39051126 39055069 39052223 39053532 39054212 39043416 39047452 39054279 39055408 39045286 39048017 39056370 39037224 39049975 
119 39055824 38895149 39044297 39058981 39052979 39041254 39053085 39067622 39055155 39042129 39060673 39052851 39047436 39052109 39047975 39034676 39053107 39041153 39045466 39042359 39055493 39049835 39049371 39047894 39064979 39043672 39044238 39051178 39051422 39056571 39060826 39045103 
120 39055964 38907627 39046891 39044450 39049040 39040109 39056066 39049443 39054070 39046528 39041850 39052775 39062638 39047573 39046058 39039399 39049490 39046286 39045414 39069487 39029736 39051151 39055067 39052898 39050181 39050649 39035376 39043721 39041473 39049721 39036190 39045057 
121 39063277 38900360 39054919 39053588 39049741 39052947 39052339 39051004 39056224 39047213 39044022 39067835 39049920 39044706 39049832 39052772 39050255 39041447 39051930 39053816 39048893 39053670 39041672 39050032 39051548 39057305 39053027 39060478 39051084 39048754 39055332 39047608 
122 39045012 38907569 39047569 39059824 39052159 39049840 39053384 39052200 39040770 39045103 39040984 39047259 39053281 39052772 39065214 39039201 39050283 39055854 39051645 39051966 39046787 39059968 39054411 39048280 39047915 39050015 39050302 39036971 39045080 39055802 39050862 39046028 
123 39058681 38902201 39047215 39051184 39044598 39048464 39056679 39045879 39048535 39054931 39049145 39048286 39055820 39055287 39052934 39045134 39050003 39044987 39043467 39049699 39049868 39042979 39047575 39051092 39047022 39054824 39058716 39045286 39051405 39057603 39053646 39048429 
124 39060605 38900512 39054261 39042715 39055041 39052801 39041401 39057411 39051461 39058624 39046741 39050156 39054935 39059299 39049734 39036941 39057178 39046091 39048525 39058284 39057393 39056966 39050439 39048448 39055789 39054360 39052453 39047261 39048959 39048828 39050070 39053492 
125 39059896 38899593 39056313 39047080 39050101 39051374 39054067 39048428 39063295 39051595 39048364 39044005 39058588 39066648 39039291 39054948 39048183 39058788 39058134 39049486 39055520 39056476 39049461 39055064 39047374 39059057 39052100 39055903 39049520 39059036 39055629 39034722 
126 39069193 38908709 39048618 39052960 39051558 39041219 39057758 39062022 39048321 39051416 39057888 39051874 39050746 39036423 39058900 39035393 39063690 39045745 39053944 39063794 39043723 39048812 39050127 39046680 39050959 39043785 39061436 39045841 39045470 39056796 39046818 39050309 
127 39034067 38897844 39050632 39043299 39065464 39057517 39049390 39050564 39053564 39064359 39058816 39051183 39033944 39059085 39043286 39047234 39048379 39051542 39047858 39051808 39060440 39054485 39058003 39053116 39057226 39062424 39056127 39052407 39052873 39055132 39067572 39042200 
128 39039126 38911680 39058149 39055804 39055197 39052714 39055735 39057529 39059459 39061577 39046874 39047718 39054957 39055956 39057684 39045700 39056018 39056304 39060635 39057238 39055637 39059147 39059432 39048721 39052162 39067253 39046005 39048022 39049737 39058547 39050686 39057018 
129 38802349 38783490 39043598 39055275 39051407 39066102 39052585 39063055 39056130 39052926 39058099 39049892 39063603 39057094 39049006 39050290 39058344 39043875 39060631 39060786 39055240 39057612 39056955 39048181 39050678 39043108 39034956 39060712 39048622 39053039 39055250 39053158 
130 39122288 38908645 39043542 39049746 39060554 39060088 39057233 39051193 39057161 39049043 39057515 39061060 39053780 39055616 39052466 39043316 39056325 39056597 39058664 39049659 39044522 39041150 39033269 39051333 39055911 39052942 39058639 39052980 39055123 39051714 39043574 39043750 
131 39139432 38914891 39215603 39054021 39057737 39055098 39051326 39052009 39053355 39050299 39046234 39061471 39045311 39046828 39045173 39051881 39060192 39051323 39053886 39052663 39051380 39054406 39057290 39043404 39055832 39047714 39069788 39037253 39042692 39059447 39057566 39045645 
132 39123135 38909511 39042240 39060787 39046735 39053109 39054771 39045453 39059916 39055259 39051750 39055653 39044156 39052958 39067054 39061407 39050290 39050212 39057334 39050357 39051867 39057078 39043837 39062361 39061565 39049944 39052092 39053647 39054811 39045831 39057693 39056747 
133 39131002 38922246 39055978 39050070 39048984 39065126 39050435 39052278 39068508 39061766 39056768 39067466 39058683 39044533 39045792 39039837 39047327 39057075 39057907 39052202 39053210 39049952 39060480 39057285 39061218 39050978 39052257 39045245 39056243 39046879 39070781 39042115 
134 39122158 38907108 39057992 39050856 39060224 39050283 39050893 39057705 39055329 39058928 39054543 39056640 39061857 39063462 39050762 39041239 39062302 39072356 39050384 39047348 39056579 39059179 39062861 39063479 39063083 39061344 39058957 39052432 39051373 39067019 39058714 39041573 
135 39116869 38921047 39062279 39058444 39060892 39056672 39059552 39060111 39065517 39063423 39066159 39056099 39055191 39056714 39047889 39033306 39054053 39052163 39057350 39052590 39056526 39050137 39064018 39063175 39046378 39065152 39061300 39065570 39053743 39054506 39069422 39055088 
136 39127078 38917829 39062038 39052981 39063417 39061366 39062538 39054155 39058026 39055170 39039976 39061175 39057506 39056054 39063166 39040257 39061481 39053917 39061825 39060561 39050739 39044047 39059012 39057284 39052304 39046385 39049906 39055065 39056872 39056661 39043597 39044350 
137 39115957 38922133 39056358 39058156 39046765 39050899 39058429 39060671 39062032 39054932 39057909 39054268 39057050 39060484 39050577 39059935 39059641 39053237 39049667 39050656 39050664 39055079 39057921 39047707 39057903 39049657 39063031 39055867 39057117 39066983 39063639 39047321 
138 39121431 38914167 39058446 39067136 39065518 39047098 39058506 39058853 39051358 39059540 39058403 39046380 39058135 39055275 39044291 39046847 39058366 39051161 39067031 39041534 39058095 39042620 39066307 39045269 39057458 39059698 39050130 39057161 39057948 39055614 39055441 39047580 
139 39112212 38926196 39048333 39055377 39061559 39054515 39065390 39057607 39057963 39066042 39055966 39069106 39057757 39061214 39063005 39056643 39057992 39055351 39055224 39053264 39048205 39057983 39051145 39058189 39058296 39067037 39049709 39064113 39053120 39053328 39059087 39052053 
140 39124418 38924997 39061530 39055218 39047593 39062774 39055625 39065773 39063593 39050273 39059953 39062961 39066684 39064574 39055174 39050366 39057969 39051801 39062565 39054187 39057228 39045683 39060638 39062638 39065512 39060687 39058530 39069664 39051484 39044587 39054589 39047320 
141 39123361 38922723 39057479 39059891 39058549 39061005 39062581 39060699 39059683 39060624 39057915 39061653 39055983 39063035 39057212 39049379 39052710 39053599 39043352 39061695 39062722 39053231 39062574 39053206 39060336 39058049 39057344 39054848 39059375 39042874 39056600 39043277 
142 39132052 38927906 39060940 39061015 39048836 39058057 39057397 39066437 39058938 39067177 39063541 39058759 39065020 39058196 39056009 39053982 39069848 39076500 39052773 39064820 39056121 39047235 39055127 39054727 39053197 39066381 39054639 39050621 39069667 39050661 39053720 39047546 
143 39129353 38928302 39052433 39060954 39072654 39061717 39063740 39059663 39056125 39050676 39050338 39067302 39055262 39046400 39056028 39056916 39062136 39065063 39056913 39060092 39057301 39053937 39057762 39059963 39061224 39060120 39058867 39042454 39055673 39062489 39070039 39055625 
144 39149200 38926497 39063170 39050978 39056614 39067146 39065103 39054983 39059855 39048157 39059471 39057187 39069581 39051829 39067300 39047415 39061981 39048120 39054461 39060023 39056331 39060143 39053228 39056131 39055529 39059286 39055971 39066537 39052643 39048735 39059943 39052856 
145 39105560 38934813 39054818 39064697 39062887 39062051 39059549 39065571 39065758 39063624 39055529 39057197 39058035 39055427 39068340 39058066 39061080 39060292 39051645 39059697 39054727 39073214 39058416 39052751 39054507 39064034 39057881 39065954 39070863 39059337 39064520 39054063 
146 39118522 38920534 39061783 39063777 39062704 39072484 39056576 39073097 39055702 39063779 39061314 39061751 39056001 39063387 39049399 39052717 39057468 39044637 39050872 39050984 39054811 39054142 39062376 39060989 39057685 39066513 39060141 39055684 39054190 39048795 39054722 39048958 
147 39134283 38920421 39066671 39063231 39070506 39056903 39066147 39055676 39052727 39066426 39053968 39055590 39062673 39054742 39065756 39057703 39057978 39052697 39057735 39065176 39065005 39072001 39054769 39056809 39060917 39060175 39054178 39067230 39067459 39062080 39065506 39046652 
148 39124044 38919531 39059669 39057053 39058728 39050455 39056478 39059199 39071081 39051285 39060892 39063572 39066653 39059377 39064413 39049394 39053185 39055473 39053641 39068451 39068524 39061471 39065742 39070022 39072396 39071877 39060142 39061744 39062867 39048631 39056865 39052658 
149 39128728 38927799 39072123 39069231 39059590 39068738 39064778 39069078 39057585 39063633 39071571 39064709 39056230 39075566 39072332 39053171 39045010 39070752 39068711 39062382 39054156 39062692 39055826 39068640 39057614 39067955 39064235 39060299 39052338 39048735 39063650 39055052 
150 39116474 38936708 39068977 39072685 39056811 39056316 39067445 39049193 39056008 39064161 39060607 39059216 39063325 39060750 39068768 39052286 39056433 39054030 39068856 39058540 39057165 39070396 39054361 39061664 39067231 39063402 39047979 39062482 39063250 39069088 39068171 39061972 
151 39132373 38925291 39065088 39074453 39064435 39066172 39059615 39050715 39069668 39068799 39054661 39055243 39058443 39050363 39058185 39049134 39073134 39058810 39062031 39068589 39055785 39061093 39059767 39051702 39063121 39054285 39069601 39061365 39058027 39068685 39061316 39052788 
152 39129168 38929829 39061978 39066094 39065459 39057430 39066755 39061215 39061453 39064733 39064840 39069606 39063020 39053201 39053446 39058789 39066367 39075251 39058728 39065385 39061534 39073526 39059221 39055460 39061583 39072494 39066852 39071790 39051756 39070353 39040958 39050493 
153 39129865 38935468 39072740 39063996 39052033 39074781 39070808 39058101 39069368 39075914 39073087 39059289 39053496 39059436 39058580 39047927 39059237 39055927 39046693 39052135 39051596 39057003 39064498 39062160 39060411 39057338 39058501 39066333 39050604 39064746 39071542 39050351 
154 39128674 38928394 39064905 39061020 39066752 39068172 39068183 39071821 39056076 39063166 39063193 39061966 39068446 39063317 39062752 39060770 39058128 39068161 39067245 39060781 39056481 39061650 39056015 39061587 39071587 39060375 39064219 39055963 39065443 39067806 39056618 39055905 
155 39127438 38939445 39068599 39054622 39064757 39068637 39065911 39063244 39071885 39065539 39070958 39073264 39063795 39059624 39060356 39059733 39059434 39067586 39066445 39065152 39064797 39056528 39064122 39060086 39073820 39061361 39047499 39058011 39063640 39062994 39063849 39060456 
156 39123124 38936699 39060818 39057574 39069486 39066388 39070899 39062264 39056533 39066954 39068623 39055384 39057241 39052731 39066344 39051261 39068676 39073943 39049019 39064541 39059364 39066165 39065304 39054741 39061661 39074035 39064017 39070686 39057651 39056161 39057384 39060910 
157 39137477 38935510 39078290 39071483 39074153 39060815 39067554 39062141 39064695 39063624 39063519 39065191 39075754 39062791 39070677 39063409 39068719 39071667 39061772 39048827 39071851 39069157 39064419 39070298 39059043 39075237 39063350 39069159 39053578 39068937 39072054 39057569 
158 39137835 38942562 39071588 39067526 39063315 39067977 39065005 39076312 39061434 39067306 39065289 39060353 39066267 39065949 39065512 39056560 39052337 39068932 39067193 39066266 39059905 39059015 39065511 39063715 39066797 39060726 39058314 39079269 39061187 39060922 39056828 39063273 
159 39128080 38933663 39070736 39063807 39059546 39060253 39064383 39068617 39063467 39070289 39064707 39063946 39056880 39068107 39065084 39060387 39066107 39068184 39070768 39071443 39054585 39063405 39066019 39055828 39065508 39068815 39067119 39071145 39058009 39066010 39065039 39051283 
160 39139943 38939420 39056558 39060973 39066209 39059720 39064088 39076297 39058421 39057045 39049376 39062911 39076748 39073395 39064678 39058380 39075026 39069568 39063402 39072200 39054152 39064887 39062919 39056773 39057501 39063762 39062204 39067557 39070502 39069809 39059156 39046895 
161 39122845 38943235 39059220 39056246 39069294 39074290 39078828 39065380 39073670 39064495 39061047 39070138 39060802 39059387 39064855 39064293 39062524 39066222 39061676 39069725 39069294 39060172 39063949 39057506 39068970 39060040 39060391 39071421 39056122 39059405 39073948 39064609 
162 39130689 38927942 39060132 39066801 39056872 39059925 39065836 39062701 39065951 39062087 39075624 39053253 39070872 39059695 39061244 39056006 39064973 39070603 39066552 39056145 39070692 39068374 39057697 39065841 39075917 39059288 39065989 39060765 39078330 39064932 39062952 39050796 
163 39137599 38938846 39072020 39073272 39066260 39060470 39069256 39069508 39074259 39062437 39068938 39070969 39064697 39070421 39063138 39065271 39059538 39067425 39065361 39061355 39066838 39076838 39059306 39060204 39075939 39062650 39075756 39058962 39064881 39063485 39075220 39053083 
164 39132432 38934637 39046648 39076233 39072095 39059125 39065098 39068198 39070737 39064971 39064911 39069094 39069999 39069607 39077587 39070244 39066618 39063229 39068751 39067031 39065922 39075161 39064437 39069997 39060489 39056171 39071260 39066940 39067057 39069560 39060510 39053406 
165 39129786 38937547 39071533 39072793 39064876 39067701 39066366 39071527 39065206 39060802 39071309 39071407 39067083 39065116 39051920 39070372 39065780 39069998 39064341 39064666 39070214 39077221 39062403 39070552 39065397 39084767 39063939 39076533 39079096 39063424 39070459 39059134 
166 39130136 38946445 39075809 39074262 39077403 39084521 39063564 39074403 39073135 39060569 39070682 39062229 39066971 39065166 39067954 39075630 39078802 39066172 39066135 39067704 39062693 39063566 39068025 39050124 39076012 39056894 39069993 39062132 39067417 39068329 39061566 39065815 
167 39118480 38946574 39060282 39075995 39066798 39076390 39064406 39069815 39073025 39074125 39068194 39066236 39075007 39072419 39061868 39067369 39080912 39054585 39073023 39072699 39079403 39079853 39064845 39072415 39077739 39068441 39059347 39073064 39072219 39062169 39078195 39067204 
168 39126427 38945513 39078286 39076125 39069202 39076398 39068871 39069360 39063417 39070248 39067253 39069149 39075027 39069613 39065540 39059911 39060513 39075033 39067512 39069483 39059078 39072087 39069461 39061937 39072664 39076190 39070130 39078968 39064774 39071690 39067299 39060138 
169 39137902 38947590 39078578 39063515 39072300 39056857 39083188 39078952 39064888 39058379 39073488 39075190 39073826 39078508 39068642 39061033 39064500 39066045 39080529 39076871 39068458 39066090 39074408 39074043 39058051 39074705 39068860 39054210 39067662 39054323 39067816 39068865 
170 39122159 38931709 39071171 39066849 39071689 39059005 39063697 39062340 39076594 39069212 39065230 39067228 39067833 39070438 39076382 39057809 39074034 39060440 39060446 39066889 39073863 39055203 39069129 39078409 39070395 39072147 39079279 39058120 39078044 39073135 39064411 39070379 
171 39138671 38951808 39073555 39065431 39076978 39069796 39063192 39074119 39068315 39081364 39069119 39062060 39079810 39083456 39085616 39068383 39077109 39058309 39068768 39071840 39069895 39072090 39064788 39074589 39071789 39070262 39068184 39063124 39060842 39074041 39067097 39065247 
172 39119020 39089349 39073173 39066815 39068175 39067675 39069639 39068142 39060765 39067561 39060221 39075003 39073347 39076555 39064948 39074281 39064535 39071196 39070974 39072676 39069209 39075940 39072368 39072295 39075428 39077555 39067599 39063369 39074349 39068105 39065964 39064841 
173 39125886 38955122 39073710 39069839 39078552 39067685 39073636 39071251 39083208 39082196 39073148 39072693 39075534 39078579 39071548 39072967 39059921 39065125 39067379 39063252 39073463 39067298 39074478 39077765 39076145 39072452 39079689 39061236 39069770 39074360 39074556 39052830 
174 39126104 38953853 39081363 39065321 39066889 39081420 39074009 39069770 39082512 39083011 39075939 39066369 39062675 39072431 39083595 39052270 39068478 39064165 39075906 39075860 39078671 39067690 39076438 39065422 39074862 39074287 39067953 39068009 39067122 39062320 39062559 39053968 
175 39128571 38940629 39076149 39077737 39075910 39070230 39081137 39065839 39071207 39074735 39067545 39081295 39079629 39074338 39070107 39069886 39073594 39061795 39070955 39073713 39063661 39055339 39070310 39075901 39062139 39066896 39075981 39070349 39073597 39063354 39087749 39068437 
176 39125641 38952802 39077143 39072517 39075213 39065356 39074475 39073912 39074249 39072201 39076111 39074161 39070364 39069466 39074685 39069349 39080724 39071707 39079042 39065698 39062245 39069985 39069878 39065634 39078264 39072274 39077667 39078902 39069905 39058338 39063048 39067443 
177 39115873 38958843 39075118 39083550 39075258 39069246 39073578 39063156 39074456 39066043 39080374 39073591 39066785 39069893 39076493 39068410 39078410 39070466 39073811 39084511 39067741 39072358 39084236 39074992 39075338 39066159 39073469 39076472 39051411 39057288 39071477 39064402 
178 39117761 38938037 39073902 39076835 39082057 39080688 39081015 39071324 39070566 39080562 39071997 39066878 39083052 39076915 39071160 39071741 39070287 39071541 39083587 39076167 39076248 39063462 39084069 39070568 39072159 39073798 39070117 39065650 39062572 39074410 39075860 39070732 
179 39119693 38956851 39077834 39075405 39072974 39075916 39073145 39075564 39080500 39071344 39091114 39081019 39073826 39071186 39074783 39063087 39071984 39082824 39086108 39072812 39077617 39071606 39073677 39071427 39077922 39069273 39080094 39070297 39082192 39065746 39073669 39073734 
180 39139092 38950519 39080323 39080528 39076700 39080599 39067633 39069021 39072666 39070911 39075311 39074343 39078093 39078100 39080232 39066004 39077535 39072850 39081318 39075798 39078884 39070637 39074001 39077425 39074424 39083718 39070330 39062731 39061221 39070093 39062000 39078989 
181 39122456 38952545 39077901 39082095 39070292 39072702 39066224 39066686 39080006 39081822 39069801 39077049 39069399 39069210 39077423 39064288 39077110 39072958 39059339 39074406 39077034 39070782 39071840 39067051 39066038 39077999 39061542 39074304 39078566 39078268 39077838 39068067 
182 39129174 38957651 39082837 39076481 39067494 39074950 39074563 39081098 39068329 39072224 39091675 39076711 39072726 39064940 39072050 39067697 39071438 39072138 39067608 39074372 39077116 39061277 39081335 39081735 39081550 39068744 39078113 39071222 39076099 39079910 39067448 39074165 
183 39129215 38956891 39076207 39087179 39074983 39083047 39084963 39085173 39080868 39076543 39075728 39086478 39085553 39072499 39071622 39070642 39079953 39072705 39079590 39070406 39069550 39075861 39067883 39081140 39069733 39074501 39079399 39066113 39081409 39078490 39073646 39072694 
184 39118136 38961408 39079582 39077917 39086704 39080764 39066240 39077488 39088726 39092662 39061702 39067339 39080310 39077058 39082564 39076270 39080236 39080648 39086975 39069390 39080945 39071313 39080379 39084898 39067392 39088765 39072542 39073168 39071101 39074058 39060793 39072966 
185 39121791 38956721 39075269 39071886 39072567 39081265 39078619 39072954 39087700 39075547 39074184 39072536 39079205 39082885 39074405 39076313 39074495 39080069 39077097 39076218 39072268 39081151 39062702 39074948 39079996 39067433 39074189 39077355 39076471 39078882 39082021 39084237 
186 39111157 38947642 39085361 39082826 39076644 39072044 39082219 39072288 39082378 39077542 39083880 39084460 39078923 39072968 39072135 39071714 39074328 39079971 39080367 39070243 39071745 39083959 39076433 39082583 39068364 39071509 39072330 39086534 39073209 39067294 39067663 39072112 
187 39108136 38947724 39083401 39087925 39076981 39076911 39081030 39076138 39079679 39075297 39074576 39073620 39071270 39077032 39075442 39077787 39077963 39079239 39069271 39064760 39086160 39077718 39086562 39082066 39070623 39065883 39089376 39080379 39086766 39073579 39080340 39072651 
188 39117884 38949007 39081258 39089061 39086810 39087744 39074774 39087330 39084137 39084869 39082119 39067390 39077641 39082328 39084772 39072409 39079258 39075531 39082128 39083032 39077702 39072220 39080632 39066884 39073813 39082226 39078940 39088623 39074301 39070104 39072639 39071371 
189 39121306 38949692 39083134 39081712 39086472 39086945 39084154 39079808 39078937 39075685 39078129 39080398 39080358 39073210 39090405 39079676 39088278 39089739 39066188 39084604 39076164 39078864 39079665 39074668 39065403 39070585 39074597 39067427 39075245 39080725 39085666 39090024 
190 39114206 38965203 39082074 39081587 39077917 39075973 39085565 39066317 39086739 39091842 39087597 39074621 39065831 39080409 39067584 39075642 39079901 39078976 39071484 39065833 39086341 39080831 39080291 39085603 39085535 39074975 39074125 39075687 39070254 39072247 39063863 39070442 
191 39100286 38950014 39076281 39089124 39084963 39081536 39077009 39072528 39086249 39083261 39075836 39077119 39080652 39083005 39077065 39078080 39081775 39088654 39082220 39075495 39075894 39071462 39071576 39075381 39072611 39074377 39094942 39081574 39083638 39072759 39095463 39069906 
192 39126836 38970628 39082785 39081022 39085351 39078807 39076583 39085595 39082841 39093069 39073705 39078472 39068205 39085411 39085355 39077795 39077549 39076731 39075820 39084465 39083058 39071951 39087349 39080029 39087051 39075284 39083391 39074135 39075779 39077447 39059554 39074443 
193 39089304 38961526 39090933 39088422 39079102 39087305 39084407 39078770 39092142 39086356 39087047 39088848 39082471 39079892 39091738 39079407 39082564 39083452 39087355 39094128 39077154 39080133 39071673 39078548 39076797 39085962 39081185 39088329 39088844 39081137 39077573 39068104 
194 39118510 38955885 39077010 39075983 39083830 39084461 39101621 39083319 39085209 39080095 39095191 39085785 39081239 39074551 39077416 39078331 39081156 39077569 39085079 39086015 39082362 39077795 39069024 39076999 39082733 39083204 39079170 39078614 39080840 39085827 39074515 39075105 
195 39116145 38962759 39082688 39078285 39093250 39087980 39081958 39079495 39078758 39089402 39085551 39083740 39082718 39094953 39075054 39089458 39083653 39078197 39082848 39082730 39078182 39074766 39086822 39080361 39073690 39088951 39079280 39082594 39073027 39081354 39089694 39083584 
196 39111352 38960878 39080387 39091955 39084537 39078012 39079705 39078698 39093260 39081011 39082749 39074420 39079057 39088838 39092523 39082314 39083610 39082090 39085762 39078323 39070048 39089884 39073174 39085147 39081201 39073845 39080177 39093234 39080416 39087432 39077345 39074221 
197 39114620 38965921 39085712 39089537 39093972 39086953 39077370 39079089 39080658 39085334 39089337 39091191 39076647 39073518 39077956 39060437 39084425 39077810 39084501 39091401 39092344 39087021 39089475 39081980 39075399 39084167 39081697 39083903 39084955 39082068 39086012 39074294 
198 39109612 38956601 39088218 39083895 39095289 39084732 39086307 39088480 39090109 39090186 39090608 39093484 39078396 39086654 39077912 39080234 39094400 39086952 39077482 39087101 39079355 39079566 39083391 39075381 39074928 39079585 39082763 39077319 39083016 39094615 39074548 39079322 
199 39098694 38960516 39093293 39078783 39085302 39083637 39095249 39079409 39089995 39089879 39082492 39085357 39088709 39092304 39088898 39090315 39069680 39086516 39092574 39079531 39085989 39086548 39082770 39086107 39078029 39089657 39075127 39083427 39073121 39075899 39090618 39073201 
200 39104851 38968244 39091310 39083831 39077441 39085765 39088758 39088707 39098505 39092665 39083231 39084825 39090976 39092761 39096558 39084537 39078763 39094368 39087106 39077092 39082104 39082143 39079350 39084666 39081240 39078014 39078423 39076545 39080513 39082448 39075825 39080925 
201 39103842 38957397 39081259 39096402 39085191 39081809 39084410 39082446 39096222 39081519 39079036 39079121 39075154 39084026 39093528 39086525 39088219 39091177 39083490 39069774 39089548 39085847 39087484 39094643 39087357 39092276 39083858 39082162 39085626 39077209 39086220 39081545 
202 39096732 38960267 39100889 39094350 39089676 39088923 39092188 39073954 39081201 39091601 39090281 39084455 39081571 39093910 39073460 39071767 39074253 39088741 39090353 39091355 39087162 39083872 39079281 39075200 39093286 39078964 39082784 39094453 39087357 39082349 39076157 39067107 
203 39092198 38966926 39087055 39084181 39094527 39093820 39086606 39085525 39082733 39083741 39091981 39080505 39078083 39073220 39076358 39082351 39080696 39088566 39096859 39088722 39084977 39085592 39086004 39087082 39095754 39076672 39091089 39081411 39084063 39074678 39082049 39089773 
204 39105429 38956742 39086093 39091605 39077984 39088649 39089768 39081974 39089950 39088730 39085975 39099013 39097948 39086790 39085411 39095263 39085522 39092940 39081932 39093632 39079734 39082578 39078470 39090370 39083263 39089675 39083813 39079124 39076838 39098017 39067628 39067444 
205 39097913 38960694 39087184 39093633 39088036 39103664 39084025 39089183 39078750 39098270 39089855 39091237 39094169 39095330 39084504 39077444 39078196 39089254 39089625 39094640 39083213 39085734 39085029 39092379 39087764 39078719 39084669 39086979 39086427 39086195 39090514 39092874 
206 39095038 38964975 39087312 39101405 39098224 39093771 39086714 39081806 39091081 39091141 39094400 39087105 39089341 39092434 39088316 39082074 39087828 39095751 39086884 39078274 39080575 39086370 39088257 39092891 39086284 39092209 39094171 39086941 39087510 39096147 39086107 39082181 
207 39091294 38962653 39096922 39081940 39094884 39088927 39090358 39087249 39086179 39086719 39098802 39084234 39091143 39087377 39088220 39079517 39098252 39090298 39093154 39089989 39086125 39088000 39085364 39084493 39086628 39097728 39082562 39084950 39078283 39086247 39097260 39079602 
208 39101780 38965298 39087875 39091855 39098763 39085441 39081067 39091328 39097365 39097828 39084369 39089569 39094663 39093503 39088753 39078060 39094843 39087786 39089852 39088118 39084673 39092921 39075602 39082071 39090158 39091250 39083473 39087774 39081297 39083679 39083653 39078611 
209 39076361 38982745 39097418 39089952 39090326 39091110 39094606 39092837 39097101 39090729 39099162 39096868 39088955 39093810 39091334 39077087 39089189 39084252 39100461 39090467 39107919 39092052 39085925 39083015 39093202 39095588 39091930 39081393 39082861 39087311 39093713 39074448 
210 39092094 38960379 39085819 39101741 39081731 39094127 39085835 39077220 39094220 39095809 39094467 39099423 39100204 39101170 39091634 39082030 39089086 39077225 39093498 39085602 39091136 39087194 39090287 39087805 39097101 39092803 39100287 39086936 39087222 39083861 39090074 39077714 
211 39084991 38979884 39096488 39091691 39100884 39094475 39106992 39088665 39083555 39100156 39096671 39102094 39088514 39105018 39090898 39088605 39085748 39087877 39090877 39091759 39103442 39091755 39076668 39086035 39091303 39086735 39091379 39084086 39095572 39092151 39096578 39084284 
212 39080072 38967219 39099268 39089586 39097096 39092581 39096196 39097655 39087336 39101512 39087242 39096328 39083076 39103868 39092838 39088612 39083045 39096449 39090140 39086474 39092079 39104705 39095335 39096750 39085738 39086718 39087386 39082648 39094633 39087726 39092266 39082618 
213 39073056 38974092 39100107 39091907 39094369 39098786 39096624 39099516 39090410 39096086 39098404 39074551 39092668 39097649 39095983 39087544 39078972 39092306 39090917 39082655 39097626 39091239 39094809 39097575 39100316 39086808 39095809 39088902 39096956 39095110 39100826 39077035 
214 39076956 38955858 39099269 39090503 39096967 39100031 39097493 39104892 39097024 39100072 39088724 39082615 39093465 39097039 39086943 39094391 39089371 39079241 39094345 39095281 39087322 39105647 39092571 39096052 39090387 39084112 39093637 39093838 39087686 39092026 39102958 39086670 
215 39076812 38973156 39103194 39090529 39096594 39098187 39092060 39098212 39102866 39104707 39096701 39102807 39096538 39102425 39086038 39099161 39086075 39094054 39094075 39091265 39096297 39105506 39085003 39096945 39087276 39091694 39102531 39088415 39094177 39104606 39091640 39089876 
216 39068434 38963692 39094809 39101436 39101586 39086316 39106762 39110609 39096409 39091525 39092492 39103932 39097799 39091362 39087987 39099293 39093246 39091708 39084400 39101207 39083247 39091810 39100014 39101049 39100587 39102241 39096424 39092439 39084812 39091430 39090286 39088754 
217 39073130 38974562 39105632 39103846 39101461 39100318 39089138 39112012 39090749 39096171 39100700 39098117 39090661 39091540 39090569 39090074 39076473 39103303 39083013 39089965 39095655 39098802 39103360 39099139 39084497 39098309 39085429 39098075 39101046 39104181 39086095 39085625 
218 39076622 38954048 39110166 39088658 39105352 39102549 39080073 39096810 39098452 39091266 39110136 39102768 39091549 39098248 39089409 39080161 39100252 39101381 39096804 39094942 39095584 39098013 39093669 39094789 39086658 39094971 39091056 39098400 39089582 39086785 39088256 39081465 
219 39074191 38967275 39103647 39091904 39106777 39089389 39106823 39099725 39096624 39103310 39098367 39101225 39096281 39103281 39103048 39084870 39102583 39099142 39102838 39098115 39100416 39091738 39088144 39096630 39095946 39097452 39099757 39110083 39093236 39093310 39090822 39082257 
220 39075893 38967490 39104167 39100507 39097481 39077307 39112836 39106238 39104026 39107807 39094680 39101425 39084357 39088638 39105016 39088156 39097603 39098489 39098453 39096684 39103827 39101692 39088699 39101439 39092295 39096919 39092576 39100431 39101745 39090591 39082376 39090569 
221 39085249 38975636 39098798 39082703 39101528 39108536 39105337 39102208 39099822 39092405 39085364 39100155 39102900 39102892 39100131 39079827 39106906 39092884 39099644 39103509 39094847 39100336 39092717 39094945 39096980 39089516 39103579 39094355 39097289 39089694 39088361 39091312 
222 39068616 38981480 39089788 39098830 39102198 39111868 39093965 39099967 39099205 39093753 39106606 39092307 39099351 39100439 39101039 39083604 39101009 39098927 39097680 39098060 39093353 39101982 39084093 39098806 39090324 39103069 39100999 39093416 39097976 39104827 39087734 39084938 
223 39073197 38958826 39100251 39108653 39104070 39101096 39099539 39099462 39103648 39098949 39094661 39100179 39098225 39091649 39107421 39099631 39105509 39101760 39098142 39099957 39102805 39107697 39101329 39100089 39098396 39096073 39093514 39100876 39105944 39093072 39099565 39088930 
224 39063927 38969003 39114238 39106009 39098234 39094439 39101865 39108334 39099495 39110489 39111266 39104189 39101115 39105150 39106775 39096486 39103210 39105458 39100480 39091653 39108715 39100302 39105114 39095122 39092915 39097935 39099536 39093515 39092283 39104472 39075096 39988000 
225 39029302 38993892 39105867 39103582 39111933 39103721 39099466 39108382 39103042 39105520 39095178 39092051 39093770 39102733 39098172 39094335 39107964 39091795 39097627 39107233 39100340 39106066 39105297 39103151 39099773 39089254 39094991 39085295 39093669 39103797 39088954 39093119 
226 39054618 38954441 39093276 39114997 39102668 39105975 39095931 39098153 39104840 39108108 39105268 39111850 39109581 39087589 39105756 39094856 39101209 39113022 39101299 39088316 39100627 39112070 39099047 39089109 39107904 39089526 39090697 39102228 39101441 39100450 39095705 39096279 
227 39065903 38984177 39112363 39104273 39117553 39108827 39098877 39113711 39100542 39092597 39105854 39099766 39098297 39102522 39109561 39086348 39099042 39087749 39109140 39106079 39113025 39107094 39111233 39097228 39089503 39115981 39105226 39089175 39098637 39090772 39106393 39109534 
228 39064770 38965300 39097586 39107124 39096621 39099274 39100062 39102463 39095241 39103456 39102750 39111581 39104362 39098475 39106895 39088051 39102790 39102751 39107649 39113122 39107589 39115918 39109658 39108318 39106162 39101034 39104188 39095116 39094675 39098000 39091767 39099626 
229 39046334 38964235 39092817 39113132 39102802 39106556 39104016 39096846 39110550 39114610 39095625 39105012 39099808 39111872 39109290 39097670 39093986 39094212 39104165 39104150 39092083 39100853 39112177 39103161 39106278 39105357 39107372 39092565 39101083 39107715 39100541 39101132 
230 39056607 38966630 39121281 39110881 39098145 39104851 39101079 39112719 39104835 39101720 39092537 39100760 39107568 39110816 39102694 39096211 39104562 39106472 39098810 39100936 39098903 39104410 39096929 39106695 39092576 39108932 39094442 39104244 39112944 39114506 39092149 39114221 
231 39037186 38969847 39111022 39098718 39124983 39131339 39095866 39113979 39099677 39113775 39110613 39107402 39102127 39110884 39105653 39096343 39105773 39111073 39103093 39104393 39102109 39105164 39097167 39108382 39106882 39107413 39116192 39101870 39094101 39110472 39088997 39100351 
232 39048747 38971188 39099379 39105696 39106191 39097853 39100825 39098868 39108941 39106457 39109068 39111800 39106612 39096819 39108903 39087152 39110055 39108304 39114015 39104714 39106505 39092339 39095281 39106770 39100296 39092874 39102075 39097052 39100346 39101179 39088818 39101025 
233 39046832 38968534 39112930 39111786 39115896 39116608 39101375 39126112 39110310 39103395 39104249 39108449 39114559 39098680 39092902 39109421 39101431 39106561 39109734 39101014 39113064 39104445 39102600 39103760 39106223 39114686 39100616 39095241 39095263 39100969 39087374 39097526 
234 39042317 38971978 39111445 39102872 39108019 39117489 39099069 39110201 39094174 39103600 39113951 39098090 39107206 39108238 39110773 39108943 39101545 39100022 39123948 39109532 39100150 39109139 39107530 39113286 39103614 39106080 39113296 39107231 39112420 39109164 39090383 39107354 
235 39030204 38975656 39104414 39125193 39121043 39110535 39114655 39112031 39104940 39113901 39104271 39110731 39117556 39103686 39102681 39093219 39104320 39103354 39119608 39116309 39109676 39096445 39100579 39107437 39108517 39103630 39106595 39107572 39099210 39096223 39100693 39093884 
236 39028323 38975580 39097808 39108478 39109815 39122547 39116964 39104261 39114448 39100848 39110121 39112310 39106046 39111764 39114770 39093851 39113058 39106766 39114831 39110814 39105502 39105940 39116639 39100666 39099934 39095120 39099601 39120043 39115674 39101642 39104237 39103261 
237 39024327 38973411 39111909 39107454 39106913 39109869 39109081 39112291 39109653 39113605 39123510 39131724 39107774 39102020 39104885 39101660 39106055 39113496 39099064 39107558 39108482 39098179 39100718 39110144 39111028 39101650 39108309 39111788 39108471 39113478 39103762 39097133 
238 39031509 38967208 39115168 39125240 39113826 39129655 39109435 39115798 39103162 39121070 39109409 39107974 39112450 39109614 39109256 39101266 39105061 39106057 39097386 39112802 39115345 39108514 39105153 39109191 39106292 39105522 39107974 39101705 39106480 39106983 39090350 39106638 
239 39029548 38984389 39117404 39098083 39122364 39112482 39108922 39115759 39108195 39115756 39118023 39102786 39110096 39117533 39107287 39109894 39110894 39109995 39113679 39114848 39094357 39117446 39120560 39097064 39106674 39108580 39107883 39111912 39096753 39099522 39097644 39109910 
240 39035458 38974411 39111231 39117072 39108485 39118155 39110503 39105620 39112635 39111835 39117609 39104988 39113837 39112807 39108819 40444480 39122007 39109316 39113720 39109160 39116117 39104487 39112319 39111841 39118771 39102504 39111630 39114623 39106636 39105206 39103617 39106627 
241 38992066 38983086 39117450 39114368 39118137 39123263 39115145 39111714 39130220 39121491 39117183 39115335 39114340 39102835 39106624 39129524 39115903 39117258 39108588 39110871 39101016 39103357 39097510 39108066 39105688 39110521 39106083 39114099 39106281 39110449 39111831 39108134 
242 39019256 38965449 39115130 39119378 39115042 39117971 39116369 39120112 39116824 39117926 39110931 39118082 39116912 39112663 39112420 39127738 39108904 39118433 39112615 39115411 39119106 39117789 39111793 39114296 39107872 39111534 39121337 39106613 39101777 39109789 39109829 39108993 
243 39018217 38973014 39115869 39124456 39120714 39115879 39102626 39108748 39117229 39118794 39121153 39112714 39125607 39120270 39113637 39121708 39104293 39122119 39115965 39120952 39109122 39106672 39116720 39115635 39118246 39109074 39106378 39110189 39105842 39108267 39114798 39108849 
244 39009532 38977621 39116626 39111759 39116118 39120772 39112402 39110251 39096871 39114655 39121788 39127652 39127220 39124486 39111745 39111690 39122925 39104356 39099790 39115621 39120660 39105139 39117499 39109103 39105396 39116111 39113563 39117993 39100698 39112453 39113700 39121172 
245 39011542 38972658 39115574 39110595 39111402 39124166 39111611 39117655 39123475 39127467 39120289 39115228 39109467 39110050 39112416 39113216 39108637 39118888 39106186 39132162 39109379 39116131 39102679 39114498 39105600 39112137 39111765 39108802 39110671 39110777 39116716 39102122 
246 38998228 38980054 39120271 39115041 39106075 39125702 39120441 39119020 39122896 39113685 39120178 39127787 39109930 39120433 39110436 39128605 39119935 39112203 39115300 39122414 39105275 39117942 39115068 39108629 39119105 39118326 39107632 39112429 39106744 39110898 39113959 39128981 
247 39002063 38976157 39119273 39118399 39122857 39117732 39119254 39130875 39109584 39127267 39120191 39116798 39117682 39114202 39113198 39114088 39115229 39111708 39106346 39114136 39110159 39133052 39115184 39118434 39120650 39109527 39119436 39118829 39114688 39114637 39119034 39113397 
248 38995240 38978410 39121434 39112993 39123113 39113537 39111360 39133615 39113907 39129854 39112370 39123742 39122786 39118578 39121189 39115983 39112086 39117767 39129674 39120643 39120901 39103014 39102952 39114088 39112395 39124617 39116803 39120624 39119239 39117634 39112563 39118901 
249 38982832 38986891 39108340 39126277 39118355 39117630 39125478 39111913 39127413 39118311 39123511 39123560 39121012 39119852 39114564 39118987 39118628 39115093 39108101 39123996 39119656 39113610 39117903 39128141 39105299 39109831 39126225 39116606 39126534 39128837 39112771 39119747 
250 38992288 38980003 39136689 39109530 39127396 39123728 39120636 39105529 39112773 39112184 39117884 39124327 39124756 39119786 39125377 39115298 39109630 39101381 39116293 39118332 39118336 39112428 39113650 39125858 39111590 39115152 39121506 39123140 39121491 39128364 39106501 39116269 
251 38979218 38983609 39126816 39122140 39127053 39127437 39119535 39125025 39124033 39120600 39123336 39116949 39113770 39124525 39131178 39121280 39133939 39127536 39127349 39122745 39129038 39115407 39128247 39125482 39114653 39126130 39124165 39115853 39110490 39107251 39116578 39112531 
252 38977782 38982964 39131290 39140904 39115578 39125172 39126875 39125244 39128535 39124524 39120036 39125734 39138548 39121671 39122402 39116025 39120102 39116148 39123976 39111200 39128826 39116643 39122250 39116778 39117275 39117639 39117776 39116220 39122540 39128296 39115070 39128756 
253 38986494 38982304 39132663 39121253 39134464 39129278 39117789 39121447 39119557 39130983 39121018 39121508 39127866 39127424 39121040 39127124 39122561 39123935 39119950 39116708 39124381 39124615 39126930 39127286 39123706 39121908 39116626 39131737 39112494 39128651 39130730 39116772 
254 38975186 39007425 39133346 39118004 39120089 39128767 39122182 39135466 39121350 39120065 39116250 39124836 39127436 39129856 39122951 39121464 39125977 39117994 39126846 39115395 39121012 39121316 39137689 39128183 39122766 39119182 39118698 39117363 39123155 39123167 39122947 39130341 
255 38957083 38985445 39126963 39123636 39119617 39126651 39124806 39119956 39127281 39124617 39128618 39118564 39117135 39124307 39116905 39123277 39123302 39121459 39125768 39125475 39113916 39120070 39122023 39115968 39110453 39117900 39121846 39116878 39118055 39127478 39127929 39115620 