n P1 P2 P3 P4 P5 P6 P7 P8 P9 P10 P11 P12 P13 P14 P15 P16 P17 P18 P19 P20 P21 P22 P23 P24 P25 P26 P27 P28 P29 P30 P31 P32 
0 38948345 78172617 39104718 39251788 39261462 39272479 39257966 39264836 39266636 39255192 39252583 39255864 39244641 39244766 39258927 39250592 39249577 39241282 39245383 39252668 39252269 39245551 39235585 39238388 39228827 39234824 39241789 39240060 39227085 39239835 39223249 39230210 
1 39044379 38751197 39050046 39041701 39050142 39038662 39051253 39042084 39035641 39037603 39036827 39032004 39036755 39038534 39042760 39040078 39045804 39032649 39031718 39044944 39043250 39053180 39041452 39030112 39034626 39044532 39045216 39035062 39057995 39043565 39050684 39047603 
2 39074509 38552058 39038207 39193217 39035790 39042063 39043391 39044054 39046504 39043765 39041066 39046591 39045313 39039329 39048383 39050797 39031980 39051622 39042336 39042398 39043948 39050487 39035742 39037861 39043060 39040954 39034948 39045378 39047574 39032216 39040596 39038644 
3 39109771 38808666 39096578 39031356 39047061 39049860 39053021 39040027 39033840 39040781 39044381 39040773 39046077 39034709 39033903 39034157 39047451 39042748 39036601 39040868 39045438 39040924 39037719 39040869 39045254 39037425 39046399 39044982 39050033 39044237 39039173 39041543 
4 39102041 38803555 39016556 39261850 39040822 39053679 39049848 39052162 39038209 39043789 39032464 39065204 39049834 39044120 39049333 39033215 39046485 39045931 39044973 39037104 39046081 39045338 39046683 39047252 39037614 39049980 39041888 39039303 39053740 39046656 39038317 39038779 
5 39097250 38813671 39023641 39024225 39309600 39037105 39049567 39042821 39051188 39026621 39049294 39046231 39043397 39045433 39042247 39035660 39043837 39045660 39049483 39046427 39044906 39040745 39049038 39040292 39049409 39043063 39053784 39051027 39046387 39042672 39038969 39052905 
6 39102567 38799157 39016063 39018579 39035802 39306052 39042757 39047152 39048388 39042691 39031760 39056868 39033200 39033788 39042804 39046046 39050382 39048954 39041400 39053040 39028043 39051059 39047730 39046027 39049405 39038700 39043534 39031718 39048978 39041947 39047323 39046478 
7 39091881 38803078 39018150 39020231 39024013 39032490 39292156 39041894 39052345 39037641 39039371 39037313 39039216 39046973 39034273 39039998 39045634 39046536 39052618 39056106 39037326 39046499 39045538 39047055 39038275 39050618 39030435 39052515 39044405 39046775 39056890 39041029 
8 39087959 38810350 39033099 39008316 39032063 39018117 39020679 39287970 39036733 39058498 39051775 39043439 39048951 39055236 39048277 39045642 39057485 39051545 39044966 39044362 39044453 39040309 39048371 39039451 39045080 39039218 39043738 39035036 39048422 39040883 39048529 39045834 
9 39084666 38821092 39031307 39024285 39031950 39023658 39014681 39028927 39284083 39044231 39042412 39051526 39035086 39050621 39056375 39056925 39048221 39042216 39051219 39052426 39046656 39034551 39046539 39047402 39038454 39042269 39050095 39042275 39038278 39062791 39054451 39048652 
10 39079517 38810441 39022425 39012377 39016353 39012154 39012436 39024131 39024728 39298054 39035277 39042822 39043569 39050759 39059379 39038786 39035781 39043620 39037830 39034751 39053686 39049365 39047572 39047893 39054750 39043339 39039729 39041374 39049592 39045429 39050418 39046346 
11 39071932 38813835 39019323 39016488 39017643 39021428 39018231 39023204 39024897 39021953 39272354 39033214 39042337 39044966 39057868 39056219 39048333 39047719 39053913 39046118 39039066 39039375 39046477 39044128 39046434 39051426 39048348 39037428 39044643 39045062 39047676 39041248 
12 39076660 38817475 39029280 39018595 39029932 39014669 39017545 39026821 39014417 39022994 39021782 39288530 39038799 39055255 39046883 39047436 39044747 39043211 39061132 39053923 39043920 39043136 39056572 39047110 39053128 39042558 39041072 39034284 39055580 39058602 39047829 39047299 
13 39062572 38821970 39030995 39023394 39015981 39030477 39020662 39007655 39026485 39031215 39016048 39032254 39287213 39030426 39048482 39042764 39039312 39047275 39045045 39044006 39053091 39041656 39040180 39050243 39049017 39033359 39044367 39041559 39047481 39045845 39054868 39047259 
14 39068709 38834578 39027461 39017987 39017465 39027590 39021963 39026379 39023094 39035747 39023428 39026700 39011697 39274385 39040882 39044798 39049720 39041884 39057764 39042563 39046587 39051920 39048090 39036153 39037213 39055087 39057265 39043107 39054204 39045803 39049301 39043734 
15 39073586 38812828 39017452 39022760 39018023 39022241 39008653 39015159 39022226 39015828 39027822 39032976 39025638 39019989 39266278 39032718 39048473 39036967 39043957 39054193 39044944 39036573 39056432 39057798 39042992 39045144 39039039 39047347 39047529 39031661 39047115 39043084 
16 39075602 38823244 39028020 39024600 39023092 39024880 39025401 39026274 39020268 39025736 39021294 39022076 39013365 39013737 39027356 39244897 39038571 39052496 39056381 39046310 39052282 39054470 39047918 39043425 39047002 39050034 39046513 39058744 39047938 39036346 39056566 39068448 
17 39064781 38834486 39021955 39022382 39010269 39012791 39016419 39027014 39021109 39029999 39029108 39029438 39017480 39027779 39028785 39008096 39265365 39042293 39046602 39037172 39046824 39043955 39035104 39049848 39047592 39044403 39041422 39050238 39046344 39052469 39046116 39051912 
18 39073567 38833587 39026238 39022573 39024368 39018571 39030808 39011825 39030518 39018404 39011340 39018886 39014181 39025039 39018433 39030242 39027150 39272432 39046677 39040812 39045634 39046369 39050121 39052238 39052653 39064874 39042562 39054348 39049091 39055238 39047107 39037866 
19 39055424 38833907 39017609 39014354 39022962 39019486 39027885 39032758 39023477 39022867 39023786 39021895 39026679 39038849 39038195 39026662 39020943 39034705 39264217 39038351 39047053 39044636 39052242 39050838 39042697 39051083 39044277 39057553 39038538 39039665 39039033 39044266 
20 39061216 38822747 39025358 39021582 39016133 39026825 39031715 39018768 39023981 39021835 39031217 39022792 39013431 39023379 39029098 39012002 39023762 39030223 39028211 39259435 39046034 39048301 39046820 39043329 39059116 39044104 39055320 39048875 39040196 39031510 39057073 39045568 
21 39043490 38833738 39031560 39027828 39023014 39017418 39026775 39029438 39023418 39023683 39025870 39030213 39038397 39023022 39026616 39019530 39022259 39023798 39020900 39036198 39250797 39038176 39051432 39054808 39053099 39050891 39047563 39055469 39047725 39046192 39044291 39050003 
22 39053721 38829126 39016075 39016765 39031584 39017245 39013272 39021227 39020899 39029292 39017711 39029417 39028672 39033149 39030874 39021569 39012663 39021973 39022038 39014234 39028038 39245770 39036874 39058173 39045269 39047016 39038875 39036761 39047874 39052661 39046482 39051324 
23 39043834 38834989 39021692 39030440 39025471 39017206 39021908 39023815 39019306 39027142 39030963 39029646 39011975 39034608 39035880 39026703 39032294 39025804 39026616 39022369 39022586 39026122 39255621 39037433 39042827 39052440 39046844 39054206 39038351 39051509 39050001 39049219 
24 39049521 38846023 39037673 39021600 39026227 39024028 39024691 39018926 39019172 39025900 39019419 39028039 39029978 39025707 39024228 39020751 39021142 39014431 39024420 39026863 39020604 39024924 39027088 39244269 39039945 39060451 39043924 39047185 39042360 39041219 39038191 39050728 
25 39050933 38836699 39019606 39026219 39016831 39020991 39018914 39025585 39030533 39021982 39026706 39021147 39023757 39032967 39019406 39010552 39025088 39039061 39022631 39027334 39034152 39024009 39026554 39028426 39235453 39036326 39052531 39049952 39042834 39051250 39058096 39046940 
26 39036583 38835972 39029137 39025392 39014542 39021897 39018731 39019857 39042468 39023796 39018150 39023411 39020439 39016150 39025558 39017409 39029408 39030617 39022966 39035372 39037189 39025755 39020136 39024045 39021434 39240819 39038453 39051479 39041005 39048129 39047227 39063750 
27 39041549 38842321 39031850 39026464 39032504 39035315 39014528 39018869 39026203 39026646 39021035 39025284 39033689 39029095 39029781 39020893 39027965 39014047 39013529 39016047 39028827 39030297 39041699 39018298 39034503 39029789 39237780 39040734 39053344 39049633 39060652 39040567 
28 39040113 38831680 39036627 39030766 39029574 39034147 39030050 39022488 39027920 39020511 39029865 39021731 39030107 39025551 39034771 39024565 39025446 39015441 39018429 39029357 39032641 39031735 39023574 39020259 39024513 39029269 39029553 39234182 39041837 39058062 39051191 39043545 
29 39041280 38856057 39028298 39035052 39023130 39023515 39025975 39022708 39033105 39027490 39021612 39031644 39033694 39028773 39038928 39016947 39018620 39029222 39019522 39025388 39016956 39018051 39023091 39031761 39030864 39016177 39017975 39026852 39233752 39048186 39040354 39058408 
30 39033351 38844562 39032289 39029943 39023092 39031825 39037270 39018915 39016883 39026499 39030688 39020308 39024682 39032130 39021507 39006055 39028896 39019670 39021287 39028303 39035975 39023232 39025798 39023718 39029840 39021070 39022157 39038845 39025142 39230264 39060613 39049652 
31 39038030 38825908 39043098 39022417 39030292 39014979 39035892 39016815 39038869 39025708 39033982 39015886 39028921 39029159 39029268 39021465 39034179 39026396 39033181 39023422 39024826 39036598 39035382 39029779 39040999 39027500 39021245 39022161 39025461 39044973 39246640 39037019 
32 39049703 38828592 39023302 39032683 39023978 39019367 39027485 39029479 39030366 39029948 39023611 39028238 39022791 39026163 39032756 39016244 39034107 39028715 39026940 39028873 39029362 39031510 39017008 39017990 39020171 39030580 39025062 39026130 39026740 39041537 39017328 39212242 
33 39029837 38845195 39028530 39027279 39022549 39021417 39021146 39026382 39029091 39026256 39015354 39033908 39025710 39025828 39027348 39015423 39020406 39031957 39026674 39030344 39024284 39039229 39030548 39021256 39025160 39038184 39027101 39030031 39031559 39035019 39031754 39026348 
34 39041633 38842235 39020446 39023021 39035800 39022175 39034270 39025405 39025126 39018696 39022632 39033515 39025711 39034637 39020638 39031380 39036101 39037761 39020436 39019121 39026361 39029279 39030616 39030811 39029616 39026736 39041328 39029003 39018680 39039834 39025864 39033017 
35 39035985 38839466 39027032 39020340 39030950 39026355 39018596 39033287 39036736 39030293 39020296 39041033 39034499 39023440 39029208 39022014 39021389 39019630 39024734 39032326 39040794 39032867 39029855 39035443 39029333 39028052 39035174 39034972 39030094 39035922 39021035 39017609 
36 39028313 38857846 39029338 39018111 39028299 39025854 39022005 39031667 39025378 39038551 39024727 39013776 39039266 39015321 39024039 39032527 39019502 39021590 39033779 39029033 39020264 39040792 39031891 39019306 39033851 39031250 39027202 39030631 39032780 39016070 39015319 39032329 
37 39026340 38846317 39029227 39031296 39022748 39031098 39024754 39021586 39028000 39032046 39027797 39023550 39034424 39026403 39032294 39023030 39030147 39029454 39031192 39014998 39031127 39025403 39021337 39025181 39032009 39022078 39023732 39030282 39021257 39020169 39039117 39023499 
38 39024831 38864690 39030000 39039205 39030932 39017613 39019109 39030931 39022114 39035497 39022683 39032979 39021711 39026881 39025968 39019213 39032002 39033783 39031581 39028310 39031909 39034986 39027895 39029003 39023765 39018863 39025623 39025712 39020651 39036959 39027199 39026441 
39 39023795 38863051 39043282 39033741 39042689 39026755 39022263 39025799 39027851 39023957 39035540 39029836 39022008 39023088 39034701 39045217 39029963 39032290 39035951 39028383 39028021 39040901 39040803 39028465 39030110 39031574 39039616 39015944 39041072 39029985 39046461 39025146 
40 39013751 38851324 39026246 39034861 39029169 39034008 39029181 39023168 39028123 39008125 39031065 39029335 39017015 39029485 39019786 39027308 39034490 39031457 39024661 39030841 39032852 39015481 39026081 39022827 39029327 39026551 39018399 39025429 39032260 39033736 39020039 39025357 
41 39020328 38858262 39027461 39020732 39038308 39032193 39039879 39024476 39014464 39042533 39026887 39014003 39025866 39037205 39043425 39022852 39027033 39026539 39029846 39027740 39030667 39027996 39035332 39022241 39032373 39031211 39034123 39035340 39025489 39032593 39032478 39017842 
42 39020596 38857407 39033555 39034304 39030491 39032678 39032800 39032442 39037065 39018213 39031938 39021471 39022245 39024211 39030003 39043181 39037155 39038370 39030825 39036154 39017188 39024706 39020283 39026951 39035188 39025358 39031298 39037629 39032213 39043356 39028976 39025789 
43 39006195 38859932 39040168 39020452 39033651 39029645 39020613 39041506 39027515 39025918 39032405 39026872 39030783 39019239 39027813 39027002 39033316 39032169 39029820 39031132 39035326 39030661 39033372 39029254 39035446 39033162 39029865 39033047 39025663 39023775 39037906 39024173 
44 39019124 38848838 39026762 39025697 39033213 39022981 39038749 39041533 39026437 39030055 39031146 39028137 39030577 39028298 39022280 39021875 39032335 39020033 39026791 39037672 39036383 39021001 39027127 39031915 39042098 39031737 39032266 39031308 39026289 39015899 39035372 39026108 
45 39010664 38851990 39036045 39035674 39025681 39030044 39028711 39036511 39034865 39034474 39032755 39030067 39033752 39034100 39027016 39032598 39033089 39026918 39015311 39026221 39032211 39033753 39026108 39023713 39033507 39024613 39042646 39023641 39036129 39024513 39039908 39031092 
46 39019419 38850867 39024291 39031807 39034666 39027305 39027790 39028775 39037123 39036010 39030359 39030213 39037087 39031636 39033096 39025413 39034618 39030147 39028910 39024877 39031627 39022984 39030292 39028100 39025045 39030894 39029390 39032036 39038539 39030593 39032593 39032277 
47 39026173 38852860 39030992 39031364 39026049 39042881 39032764 39030905 39041867 39031731 39025382 39036579 39027998 39036321 39023156 39027542 39032437 39032553 39035315 39036664 39025763 39038495 39049049 39038872 39020483 39016320 39023798 39030801 39027443 39033289 39031798 39012511 
48 39037771 38847742 39026545 39042874 39025587 39033689 39034093 39024067 39034020 39026150 39031803 39038531 39028867 39031159 39036062 39028076 39033512 39036887 39031216 39031680 39046948 39027126 39031596 39032756 39038367 39032947 39040217 39024414 39032949 39032497 39027032 39026699 
49 38993475 38871084 39032188 39030759 39032803 39030565 39030050 39031911 39034860 39025265 39031125 39042620 39034264 39032474 39032569 39024090 39028791 39041167 39036913 39032806 39033978 39030057 39032509 39032493 39035649 39037884 39032690 39044973 39045296 39038270 39040036 39020907 
50 39019678 38855913 39037460 39042427 39025723 39025133 39040115 39028466 39027965 39032218 39027096 39030146 39036161 39028446 39039690 39022887 39038829 39032660 39031022 39042881 39031573 39028146 39032250 39028094 39025573 39035569 39024087 39021423 39023746 39032790 39013818 39027513 
51 39016745 38867447 39037767 39030867 39027397 39024353 39023813 39034933 39035819 39033141 39039327 39026899 39029881 39022206 39034410 39022306 39034667 39036304 39026587 39038272 39040318 39037385 39023495 39030624 39034007 39024317 39036296 39041233 39027440 39031327 39041197 39018786 
52 39024620 38863329 39035697 39032789 39030709 39029006 39034826 39031163 39029985 39028227 39034542 39033643 39030994 39031521 39030802 39019942 39037813 39039361 39033294 39024694 39038535 39028359 39028629 39035069 39027794 39030213 39029410 39025444 39032090 39032450 39028550 39018598 
53 39011296 38854481 39039243 39035836 39046782 39035200 39027951 39030300 39037043 39039958 39030145 39038985 39037710 39027793 39036681 39045070 39031597 39027115 39027558 39038139 39030075 39034170 39021174 39035346 39028975 39028555 39036016 39038384 39031966 39025675 39043089 39019396 
54 39021801 38868875 39037515 39029933 39031496 39034428 39026984 39024305 39034152 39041585 39031733 39027887 39030804 39039822 39024629 39018733 39045897 39034732 39035911 39028037 39034047 39037343 39033685 39032092 39024619 39034076 39038261 39021255 39034952 39035124 39023602 39029941 
55 39021834 38873033 39037119 39023559 39024451 39026340 39039650 39034252 39039389 39028508 39031460 39039107 39016455 39031087 39031704 39026021 39034940 39039117 39031170 39033497 39034716 39024367 39035711 39033129 39030675 39043519 39028950 39042715 39030325 39038251 39035716 39030907 
56 39015713 38869784 39037320 39033993 39021179 39029472 39021881 39038380 39036681 39034054 39029857 39035242 39041968 39029289 39030276 39029830 39038244 39028512 39030024 39032505 39042989 39034538 39030276 39032807 39036162 39029528 39039464 39031967 39023323 39037124 39020315 39025789 
57 39009711 38865399 39033671 39024255 39026396 39029344 39032525 39028307 39031591 39033079 39030875 39041895 39032400 39028895 39039246 39022215 39026425 39033966 39021090 39041029 39034691 39032243 39037370 39028228 39032084 39033146 39033855 39032305 39018499 39032692 39039339 39021476 
58 39016553 38855561 39034266 39040174 39032614 39026898 39037481 39036756 39028194 39033615 39022308 39033676 39029873 39044057 39041978 39031800 39023974 39032302 39038644 39037276 39037915 39042284 39039088 39025856 39029308 39023895 39036356 39034469 39031727 39032849 39027480 39023463 
59 39025028 38865728 39029770 39023705 39033044 39031458 39028851 39033054 39040529 39032994 39030407 39025531 39039184 39028269 39040747 39026838 39040352 39037424 39037659 39032207 39027935 39036705 39042936 39028612 39030992 39038866 39038026 39042603 39038925 39035157 39036248 39026732 
60 39009657 38870978 39042525 39036345 39036940 39039019 39028990 39032826 39023286 39034338 39030906 39037965 39034028 39027677 39037045 39021897 39028491 39035074 39039077 39031400 39031504 39034711 39040924 39035503 39031273 39042062 39034231 39017715 39030516 39043425 39020637 39033070 
61 39015458 38872265 39038685 39032923 39032024 39038789 39028838 39039952 39045850 39025720 39026396 39030742 39024776 39026638 39023143 39025438 39036299 39030842 39042860 39026274 39027539 39038770 39031139 39041582 39048248 39038518 39041608 39026305 39033978 39029889 39046645 39031227 
62 39020750 38876640 39033224 39026643 39031363 39034830 39026501 39025550 39029712 39033856 39041482 39028263 39037739 39036101 39032837 39030708 39034196 39029182 39033769 39026626 39029130 39036902 39038094 39029552 39039011 39022096 39030626 39040495 39039753 39018786 39023461 39033062 
63 39009524 38872567 39034544 39029263 39036504 39030755 39030095 39031180 39037916 39035237 39027561 39040282 39038274 39035215 39029798 39025991 39036227 39033616 39037946 39029451 39046852 39042302 39018543 39029892 39037852 39037955 39031169 39030731 39050558 39039959 39038855 39035439 
64 39024507 38868060 39031141 39025708 39035756 39027296 39043602 39037739 39033563 39042333 39036840 39030250 39036591 39042265 39024317 39036363 39040580 39043603 39036245 39040910 39021241 39041512 39040334 39045263 39037461 39039204 39039673 39035704 39029241 39034900 39026230 39029114 
65 39000459 38877938 39038476 39025496 39041412 39040662 39024619 39026901 39037411 39029309 39040124 39042050 39035870 39045266 39040879 39039518 39040587 39036201 39036086 39033289 39031329 39030039 39030223 39038474 39037008 39042277 39043419 39042720 39036941 39034572 39040013 39035116 
66 39018978 38864054 39028490 39043321 39039500 39032123 39037548 39040968 39038322 39027034 39037418 39025515 39035497 39036481 39035742 39030353 39028830 39033781 39032904 39027242 39036610 39036179 39023183 39026343 39034763 39039439 39028307 39040406 39038157 39045578 39035772 39032885 
67 39015394 38874494 39036001 39045360 39040831 39035984 39022826 39041193 39047761 39039088 39022540 39025156 39035000 39019536 39036969 39029020 39048593 39027121 39024286 39041515 39022142 39039860 39034345 39035932 39036208 39039392 39031733 39025213 39038361 39023181 39034294 39028798 
68 39017929 38868445 39034226 39046622 39049339 39045789 39040960 39032564 39029705 39036338 39031737 39038703 39039484 39035084 39045146 39021943 39036341 39035340 39031749 39030939 39040009 39024087 39030658 39029854 39028969 39037513 39036111 39041287 39038700 39029390 39024942 39022914 
69 39008890 38877451 39038182 39030472 39038044 39032604 39034785 39036338 39046865 39030889 39042503 39037070 39023600 39031147 39039082 39014042 39035063 39034652 39041687 39026689 39033439 39041119 39041280 39034289 39029739 39032506 39037815 39039966 39040152 39032001 39050763 39034433 
70 39019607 38882049 39038579 39028289 39030165 39033498 39042956 39041512 39041116 39032617 39043846 39039641 39037603 39028971 39042028 39029199 39032167 39042426 39033483 39040407 39029157 39042340 39038249 39037744 39025939 39041637 39029399 39030937 39050108 39036993 39028500 39040520 
71 39011040 38881696 39038391 39033556 39032022 39026899 39033481 39040203 39027197 39039528 39036837 39042555 39033967 39042173 39028363 39041337 39031589 39036764 39025669 39035621 39038458 39039918 39041933 39038302 39036064 39042435 39040570 39034663 39029577 39039199 39036266 39033195 
72 39021366 38883432 39027873 39043886 39044463 39042205 39046175 39047575 39022491 39026607 39031847 39036605 39030251 39034994 39039802 39036606 39042016 39036971 39028189 39037278 39043993 39033546 39037569 39036986 39034467 39033959 39035629 39034186 39037209 39042576 39038045 39034953 
73 39013246 38887780 39030167 39022870 39033294 39037688 39030374 39046868 39036552 39038422 39037270 39030201 39033966 39031456 39040913 39036570 39040348 39052413 39030538 39039875 39035658 39028532 39036875 39038090 39036552 39032221 39038073 39039246 39026354 39042397 39045241 39025404 
74 39016824 38880220 39040597 39032556 39041649 39032462 39032426 39016947 39041722 39026785 39037494 39037446 39035171 39037390 39036753 39021721 39045604 39040743 39051209 39035000 39045544 39042663 39030849 39032867 39044953 39029931 39037511 39037110 39025417 39030633 39029519 39042027 
75 39016784 38875876 39035458 39035991 39035096 39036459 39036499 39040703 39030434 39042627 39042027 39041612 39041948 39050421 39031903 39024861 39044443 39035041 39047249 39040750 39028136 39029111 39041879 39039275 39035242 39042927 39033488 39043229 39047180 39041019 39045349 39035929 
76 39021921 38881604 39044483 39043190 39037222 39040399 39030053 39030859 39050853 39032940 39039839 39040054 39032065 39037783 39040460 39043562 39039059 39044557 39037763 39026645 39031430 39045368 39034806 39038239 39042778 39048826 39035862 39024543 39039841 39036532 39025016 39034251 
77 39011367 38877976 39039991 39032142 39042380 39041121 39037763 39035843 39038931 39040711 39027805 39040712 39038214 39043987 39029879 39041283 39034104 39043518 39032932 39035993 39033575 39039993 39037432 39040209 39040449 39031586 39040283 39048941 39043238 39031725 39044235 39044135 
78 39018853 38883766 39040168 39040172 39025326 39024467 39038307 39041192 39034027 39033841 39036526 39034324 39046272 39045833 39037753 39023548 39020081 39038287 39032415 39044596 39038422 39041376 39034615 39041773 39038615 39038120 39043892 39036207 39038957 39040300 39031754 39036018 
79 39007145 38873557 39041529 39048373 39039427 39042757 39037935 39035150 39036844 39028061 39041145 39037442 39034470 39044054 39033637 39031689 39045989 39028715 39045715 39042830 39041606 39033493 39046156 39033725 39026630 39037424 39045204 39047951 39049842 39035875 39054448 39017710 
80 39028364 38882254 39043167 39043508 39034371 39046854 39042230 39046789 39028313 39050051 39042708 39046290 39033411 39045542 39025503 39032261 39049151 39036664 39036184 39042456 39038425 39035478 39034010 39034284 39041064 39040318 39046700 39038377 39038422 39045483 39031229 39039060 
81 39009748 38896079 39044913 39042559 39024605 39037088 39040550 39024829 39041639 39037642 39038359 39039950 39035729 39037477 39036350 39037778 39038932 39049593 39031690 39027760 39041636 39039404 39042482 39045695 39052361 39043582 39036958 39042310 39042357 39033563 39040768 39022627 
82 39017699 38895753 39041320 39031433 39043492 39049606 39030098 39042184 39038097 39045371 39030044 39047962 39044359 39037719 39033327 39036918 39038890 39031139 39028110 39051204 39039999 39037227 39033489 39032087 39030366 39031763 39036150 39032127 39039537 39050327 39032745 39041709 
83 39025901 38889486 39033475 39022130 39036948 39036989 39030823 39032949 39033147 39047786 39031895 39039281 39045358 39051436 39046169 39038483 39037964 39042834 39043489 39048327 39041072 39038042 39041411 39036565 39040235 39038367 39044402 39038034 39024847 39040505 39059834 39035138 
84 39015767 38883030 39047081 39047286 39044426 39047120 39025525 39042743 39049737 39037232 39039371 39030222 39047407 39040939 39035788 39031900 39027517 39043803 39039649 39038571 39046402 39028931 39045691 39040175 39045581 39045775 39030712 39045965 39038874 39040043 39035758 39033208 
85 39031791 38887537 39049518 39040924 39052304 39034118 39038512 39043106 39032429 39046771 39033467 39046303 39042393 39032938 39046285 39038504 39035547 39055345 39045675 39024917 39036681 39030980 39047066 39044307 39039931 39038937 39024574 39037284 39038437 39042924 39045500 39043467 
86 39019299 38889686 39027544 39040677 39036956 39033863 39036757 39044343 39044774 39029670 39029827 39038753 39035409 39056077 39038491 39032466 39039549 39035172 39050299 39036200 39037426 39044194 39034991 39039332 39038435 39042042 39036486 39051215 39033824 39034313 39029996 39041210 
87 39029661 38890461 39022919 39033791 39040829 39042450 39025374 39041011 39036084 39045979 39046333 39037660 39043515 39032408 39037328 39040509 39038597 39050409 39044811 39036180 39038977 39050025 39049867 39051677 39029489 39047262 39043553 39049530 39031822 39030519 39050459 39029740 
88 39016710 38882314 39045390 39046750 39026761 39026936 39042172 39032556 39040061 39040926 39039758 39048669 39042020 39045445 39051981 39039574 39039962 39047208 39047950 39033118 39040674 39037495 39039343 39038041 39039608 39045666 39049551 39042711 39046231 39051779 39029796 39035977 
89 39025844 38894203 39038067 39036262 39044990 39039966 39042871 39034765 39036772 39038190 39042391 39039737 39034298 39036861 39037368 39028518 39033915 39042487 39046761 39045111 39042658 39036899 39037184 39049733 39040822 39035194 39035881 39046236 39036301 39037895 39057924 39032704 
90 39022318 38879635 39044861 39036154 39048018 39032535 39048272 39041852 39047828 39039140 39032185 39041743 39041015 39041982 39040905 39029965 39044617 39037376 39048045 39049809 39053000 39044892 39043436 39029205 39040902 39036826 39034244 39045322 39044412 39049747 39037093 39043230 
91 39020984 38895592 39042743 39040563 39046755 39044729 39038219 39032716 39042094 39038439 39033848 39043251 39047123 39040670 39041580 39044979 39043425 39046472 39050188 39047822 39034267 39041090 39027127 39042382 39036987 39042995 39043667 39049954 39057385 39039538 39049069 39037283 
92 39038815 38891915 39039538 39046025 39051636 39035037 39036903 39044013 39054623 39048754 39047893 39040211 39043468 39052071 39046236 39035580 39044435 39039013 39041606 39050119 39053462 39044210 39048138 39033790 39039785 39036315 39042130 39032623 39039087 39040720 39039823 39039959 
93 39041706 38891603 39044666 39051544 39047381 39039219 39040436 39045535 39035398 39046235 39034711 39047465 39047991 39030432 39044205 39046258 39039974 39050455 39053893 39040629 39041589 39045257 39038613 39041720 39044604 39044677 39034921 39046510 39046219 39030836 39055808 39017995 
94 39044515 38894909 39035236 39044309 39050317 39045144 39031641 39044573 39035746 39037818 39046614 39035262 39045017 39058708 39051357 39047474 39042488 39050911 39041190 39038647 39049521 39040477 39048924 39051014 39040264 39042024 39056163 39041793 39052763 39032755 39032731 39046193 
95 39030415 38894607 39041816 39045766 39044903 39028216 39045970 39043990 39048616 39043059 39038956 39048932 39049089 39041809 39038657 39040528 39052548 39038335 39038547 39054842 39041284 39039043 39050361 39047855 39046343 39037234 39044707 39044404 39042055 39044342 39048732 39041054 
96 39032674 38896620 39046655 39029477 39048562 39045802 39039328 39044237 39037942 39039423 39042090 39046097 39039220 39043882 39048692 39042924 39051607 39046440 39051660 39045330 39043476 39048964 39037260 39041175 39042133 39044853 39049148 39046529 39042496 39046003 39028474 39042849 
97 39027545 38901087 39040104 39050650 39041166 39050957 39048026 39047502 39042911 39050219 39048538 39037907 39045957 39058670 39038709 39027775 39043774 39040837 39046677 39037007 39039402 39045736 39053677 39038622 39056129 39040171 39043458 39042585 39040683 39045251 39057811 39029447 
98 39040887 38886382 39033483 39048125 39042671 39054406 39038252 39056092 39033747 39047008 39039030 39038962 39050723 39042998 39048865 39033842 39041956 39030550 39050069 39038742 39044790 39056841 39035034 39044832 39048128 39047545 39043915 39049007 39031338 39044009 39029761 39044836 
99 39044089 38897815 39050623 39050479 39041539 39048142 39038682 39039942 39045237 39046101 39049170 39041530 39043299 39047691 39038416 39041109 39039298 39039970 39034265 39046069 39038330 39043266 39043123 39042751 39041185 39050316 39050973 39048916 39059182 39041212 39049926 39029462 
100 39047891 38897473 39055992 39034917 39042946 39041366 39045496 39046219 39049236 39036032 39037017 39038360 39043209 39045346 39046292 39039937 39045940 39043458 39042719 39042899 39036280 39040198 39049311 39055760 39045725 39045645 39039868 39042871 39045127 39038874 39032993 39048979 
101 39042507 38901974 39047649 39048716 39049588 39046413 39049451 39054769 39032576 39039979 39039465 39048699 39039547 39059995 39047757 39028667 39051351 39043332 39049192 39044665 39041049 39038016 39051305 39059557 39041225 39053155 39048229 39058486 39048745 39037296 39049972 39042804 
102 39041327 38903119 39052204 39042525 39056737 39051025 39037244 39053911 39040391 39047459 39043356 39040677 39038116 39050160 39042541 39040209 39040775 39042856 39046125 39047958 39053762 39038003 39047126 39058168 39034921 39034086 39043465 39029881 39053684 39042205 39037924 39036065 
103 39035776 38897203 39053778 39036555 39041699 39039724 39044409 39047886 39037339 39051046 39053930 39057150 39037298 39050036 39046850 39038609 39047080 39042965 39047503 39044355 39037776 39044581 39038366 39050836 39044341 39038752 39046628 39033622 39042648 39047332 39067865 39035315 
104 39046394 38888950 39048086 39045051 39059706 39041346 39049941 39031116 39048371 39039819 39053618 39043848 39061593 39054887 39051787 39031822 39045977 39045390 39044372 39045021 39052883 39045172 39036882 39041543 39051901 39044042 39053531 39056685 39039142 39048757 39044889 39051801 
105 39027641 38899821 39044486 39038875 39043365 39053007 39054454 39043658 39043136 39040269 39047744 39044268 39042874 39054910 39060385 39038527 39041236 39044034 39044322 39037675 39034283 39045766 39044433 39039802 39039117 39053435 39047745 39045836 39042254 39051120 39053879 39036444 
106 39039677 38899746 39043987 39040209 39044047 39039546 39038286 39047326 39042839 39046987 39037448 39048643 39046773 39040529 39037831 39046487 39039150 39045671 39055340 39040742 39045192 39043867 39048306 39057163 39049248 39050127 39047904 39043061 39041840 39051397 39041060 39052739 
107 39038864 38905745 39037803 39048038 39045157 39044034 39059475 39048297 39051949 39050933 39046623 39043705 39050676 39051572 39038330 39045480 39041268 39045449 39041368 39038494 39037701 39045248 39046828 39041540 39046748 39051457 39036528 39055590 39040965 39035749 39046906 39038320 
108 39047373 38895352 39051942 39043403 39051190 39039189 39040829 39055389 39049667 39044300 39054219 39035277 39050587 39030842 39052931 39034009 39049956 39042220 39050517 39050856 39047785 39051300 39044767 39043013 39043459 39049156 39039123 39053830 39040656 39043206 39032707 39026112 
109 39044284 38898940 39049766 39046011 39043121 39049492 39041636 39037548 39055002 39050542 39053243 39038417 39035988 39047642 39049448 39035062 39042611 39047392 39044631 39057279 39058086 39047640 39039813 39047450 39033308 39048309 39043959 39051250 39044642 39049846 39060325 39041610 
110 39048252 38906187 39051591 39054898 39050697 39047137 39042278 39051043 39055797 39042599 39043098 39042340 39040183 39044223 39052263 39030437 39048453 39049664 39043810 39058018 39054350 39048121 39058589 39042892 39039303 39041676 39048690 39054987 39050861 39034022 39042286 39042237 
111 39052517 38901603 39047968 39034342 39062328 39051430 39051082 39048302 39042257 39052579 39048322 39039897 39041444 39050755 39036266 39030176 39044916 39043502 39042493 39046426 39042851 39049321 39041408 39038999 39044772 39057635 39051871 39042736 39052165 39041791 39058656 39036408 
112 39055965 38897595 39048033 39051662 39052061 39042584 39032681 39049525 39043343 39041373 39053809 39024699 39047749 39052058 39041011 39034487 39038869 39043183 39045822 39052335 39050089 39047801 39039525 39040978 39047968 39044981 39042349 39041810 39044517 39038274 39054300 39047588 
113 39040812 38910325 39050035 39046673 39048075 39049066 39045486 39040705 39056419 39039407 39045176 39042190 39043270 39037485 39041363 39043602 39046368 39054595 39053113 39050674 39036167 39040202 39055893 39050013 39048173 39048032 39045171 39054189 39053045 39052831 39049337 39036492 
114 39063875 38891683 39044752 39049400 39044900 39043170 39052000 39043534 39045110 39045141 39048704 39048152 39045803 39058656 39042375 39047950 39053603 39050518 39047518 39038250 39057419 39058870 39038149 39054000 39053159 39040266 39039403 39051089 39055267 39048058 39035770 39051420 
115 39039036 38903967 39044849 39056834 39048687 39055210 39049675 39058886 39044094 39047129 39049696 39047456 39049212 39055670 39045755 39041887 39044240 39052722 39062272 39054472 39046334 39045676 39049628 39047465 39042774 39043182 39050121 39054077 39056576 39059740 39046516 39038392 
116 39054900 38883857 39044279 39037022 39049808 39061161 39050861 39043736 39048771 39051868 39044454 39055142 39054325 39039827 39064375 39054159 39043454 39041050 39044028 39035887 39046039 39056531 39044458 39050017 39054437 39044127 39060543 39050958 39044411 39044254 39045253 39044723 
117 39054001 38904986 39049038 39045682 39047138 39042850 39046700 39043276 39051263 39051915 39059811 39052292 39055099 39038993 39049117 39044842 39049897 39051123 39052366 39054907 39054486 39047804 39045708 39067148 39052722 39045000 39045953 39050703 39046827 39060166 39058470 39034530 
118 39065331 38902564 39048711 39043662 39051404 39050606 39056565 39048009 39061164 39051098 39060321 39043639 39046564 39051537 39050717 39041264 39053438 39042075 39042880 39042435 39042942 39048978 39062043 39048894 39059697 39049795 39050264 39041136 39053707 39051932 39042715 39046719 
119 39052500 38900314 39053340 39056182 39049327 39049971 39063601 39059545 39060806 39044264 39051919 39044449 39047213 39053677 39051078 39040793 39046868 39060817 39047091 39059210 39055516 39049921 39051731 39049280 39056487 39047080 39047115 39053195 39059125 39037981 39060914 39031856 
120 39058470 38902945 39048777 39051667 39049836 39049431 39044762 39045679 39051386 39057342 39044096 39059132 39050646 39060094 39052624 39046539 39047666 39054271 39052172 39050610 39052966 39041242 39050526 39055729 39041865 39044193 39044764 39055760 39047985 39052695 39026934 39047715 
121 39052562 38899167 39040289 39048596 39043044 39044388 39048634 39052714 39050391 39047123 39067345 39053924 39050784 39044527 39056938 39038556 39044787 39066369 39049985 39036989 39057656 39054405 39053677 39047661 39043277 39046872 39048679 39044743 39045617 39050013 39051824 39050354 
122 39055034 38910329 39054922 39043540 39053725 39049948 39056127 39052170 39041780 39059730 39050339 39055333 39057529 39054711 39044427 39045511 39051866 39052892 39043130 39051859 39055201 39042753 39047933 39049683 39044050 39055034 39055809 39059762 39042429 39048483 39036790 39040755 
123 39051153 38905346 39064538 39050835 39051616 39046457 39048806 39050334 39056932 39057632 39056397 39053375 39061253 39044256 39049313 39048121 39050106 39054057 39062863 39042923 39051889 39046115 39051688 39052039 39056878 39048433 39043213 39040438 39055387 39044739 39060856 39041739 
124 39058626 38900407 39064443 39053135 39057766 39051723 39045894 39043045 39054755 39053091 39055430 39054948 39066732 39039703 39066155 39037121 39051322 39046391 39044298 39045250 39047720 39042193 39046643 39053385 39056944 39053920 39050787 39061852 39052512 39047977 39056361 39046953 
125 39069014 38900080 39064091 39050337 39061391 39039587 39052806 39048354 39057134 39053992 39049202 39044683 39045581 39061907 39036899 39054488 39053317 39059196 39063304 39054762 39059547 39057639 39049493 39063847 39044501 39054816 39050839 39057153 39052824 39051634 39058168 39041840 
126 39072352 38904390 39061093 39046404 39046326 39046564 39052866 39044493 39048301 39055736 39039941 39052572 39049870 39054325 39049950 39047371 39059087 39051423 39055790 39046161 39049681 39047803 39054416 39046073 39052526 39045685 39067573 39049921 39060078 39062034 39035467 39057299 
127 39043587 38894528 39049065 39059846 39056442 39052036 39050619 39058779 39050594 39056654 39055547 39059739 39057378 39042209 39052271 39040771 39047493 39060950 39051809 39059207 39054763 39044861 39055751 39048832 39052865 39065133 39048466 39052671 39050994 39049520 39062843 39043272 
128 39034346 38921913 39070550 39058267 39053747 39053536 39054437 39042110 39056994 39060062 39061840 39050997 39069511 39060742 39060782 39045624 39052237 39059151 39058018 39054209 39057831 39059362 39059752 39048525 39042764 39055150 39073575 39054986 39055717 39060475 39054302 39048530 
129 38798156 38794882 39052691 39059025 39055483 39061146 39045107 39057012 39059803 39057091 39056074 39046404 39056173 39049011 39047337 39049653 39068109 39048862 39061337 39066259 39055233 39047261 39059609 39053270 39042329 39046097 39052875 39051292 39053257 39050026 39057603 39038509 
130 39118341 38892694 39063042 39052522 39057644 39059139 39053725 39049029 39048352 39045999 39049668 39047738 39060715 39069290 39047940 39053058 39054700 39058223 39052240 39055177 39043896 39054283 39062642 39059998 39056560 39057584 39048919 39049130 39057280 39051799 39047863 39050727 
131 39131811 38906568 39203727 39053190 39051302 39055547 39053977 39055269 39054468 39055477 39048966 39056905 39053601 39045137 39035915 39045499 39049404 39052831 39046669 39047366 39050743 39052019 39042694 39053748 39053278 39058013 39057638 39065680 39053381 39051386 39055977 39059016 
132 39125432 38914958 39057432 39052018 39067954 39063856 39039300 39050789 39062699 39057199 39053222 39043402 39053253 39058782 39056289 39035851 39051009 39046440 39050999 39053841 39043690 39055768 39047732 39055976 39054020 39059740 39061168 39060763 39053912 39039966 39053846 39059741 
133 39113127 38918449 39064375 39059471 39053387 39046987 39058937 39053637 39067275 39050674 39058039 39057364 39063969 39055124 39036872 39049257 39051407 39057148 39051647 39056210 39064872 39065735 39066943 39045628 39049515 39050662 39065399 39053130 39049437 39059359 39049989 39050078 
134 39114082 38920683 39061668 39060770 39056333 39052720 39048828 39054053 39060006 39066351 39045569 39046543 39058882 39052582 39048000 39058556 39042251 39057581 39060780 39046075 39044740 39061785 39057720 39066413 39046130 39048325 39057681 39055786 39054921 39049188 39045400 39051687 
135 39120987 38923361 39060161 39061854 39053450 39059764 39059123 39062434 39062521 39054353 39052535 39064383 39048623 39048073 39047474 39047178 39053534 39059613 39050406 39060603 39058859 39057973 39051753 39055015 39055230 39046981 39062757 39057530 39045706 39050511 39060250 39041470 
136 39126070 38905383 39054314 39061178 39055645 39044787 39050629 39054898 39053781 39052976 39055976 39056994 39058753 39046081 39053951 39046193 39046029 39053937 39056989 39048221 39044918 39056613 39055037 39055297 39052060 39043074 39058792 39050861 39055555 39055372 39057402 39059052 
137 39124628 38924803 39054108 39052115 39060383 39055863 39046689 39058845 39060646 39064881 39060681 39058841 39065157 39073356 39042420 39053872 39043322 39047213 39054259 39059870 39063494 39055136 39059548 39052328 39061445 39061806 39055386 39053633 39062540 39059759 39063830 39051949 
138 39122426 38912958 39058537 39051607 39066857 39057485 39059463 39053467 39055776 39053368 39059466 39053980 39048933 39050844 39048420 39051411 39065064 39057641 39056950 39064990 39061900 39055848 39062179 39055953 39054605 39059305 39060767 39047363 39058595 39054878 39049176 39037723 
139 39123162 38921453 39061197 39061996 39049186 39060154 39065518 39054397 39061475 39061148 39062919 39058267 39063831 39057020 39058430 39061530 39050196 39060101 39060861 39052043 39057213 39061409 39050229 39055543 39066484 39054178 39049679 39046162 39060736 39068999 39071255 39052844 
140 39115975 38914733 39059572 39049098 39060642 39064423 39050946 39064981 39053273 39065488 39065239 39058456 39061066 39050633 39060482 39054336 39058614 39056410 39053906 39060337 39049069 39055511 39044531 39059894 39059950 39062893 39053550 39053378 39048176 39058211 39048699 39062914 
141 39128568 38922199 39057906 39056985 39052210 39061755 39048859 39054727 39058392 39059468 39064168 39055000 39061730 39061481 39069332 39055950 39052110 39061068 39061915 39051691 39047411 39052765 39056430 39056007 39061409 39050140 39052092 39055001 39045510 39064163 39069866 39052869 
142 39121153 38926146 39068625 39053218 39057431 39061991 39068402 39053886 39052805 39042918 39055724 39058500 39060942 39049340 39057222 39055493 39064079 39063908 39057991 39055457 39054698 39051032 39061391 39055419 39058415 39057766 39065665 39048962 39059769 39061020 39054185 39053082 
143 39138269 38913545 39057579 39062282 39059189 39057453 39068944 39050336 39056973 39057550 39053501 39065010 39049985 39056834 39064893 39050558 39053876 39053285 39056275 39053362 39060530 39057146 39055250 39058305 39061246 39063736 39065641 39056385 39057745 39066453 39047032 39053046 
144 39133892 38928159 39062044 39073901 39057924 39070937 39056273 39057854 39062863 39061996 39056302 39052353 39064573 39059461 39066474 39043423 39059544 39058354 39066798 39056737 39050022 39048824 39057238 39058719 39055444 39068313 39053145 39045357 39058041 39060786 39051711 39049066 
145 39123619 38938445 39057375 39055866 39066368 39061853 39060627 39061229 39065546 39058223 39059796 39057588 39062988 39050267 39061995 39054188 39058739 39052007 39063444 39061704 39048825 39070154 39050368 39064910 39065867 39060739 39056589 39057228 39068818 39051845 39069432 39047491 
146 39129232 38920597 39051157 39057754 39050884 39074764 39066293 39055603 39048980 39053081 39050629 39064023 39052443 39049624 39049783 39053687 39069368 39064354 39058871 39064765 39059196 39065694 39063012 39071367 39056277 39053453 39064611 39050109 39069703 39055491 39048866 39053907 
147 39126869 38931478 39061570 39063086 39062912 39070113 39055465 39063183 39052487 39060907 39057076 39055844 39061972 39060655 39059105 39043617 39055590 39054705 39063036 39061361 39052249 39053572 39059139 39055133 39064279 39067705 39061827 39047062 39064117 39057999 39074468 39068345 
148 39118028 38909212 39056914 39072595 39047993 39069896 39058704 39052076 39061518 39055593 39066122 39062934 39059054 39059257 39067805 39066473 39062554 39055883 39057915 39070408 39063853 39053447 39057974 39067983 39062048 39054322 39066633 39056550 39051416 39049158 39061983 39063582 
149 39119220 38933186 39073056 39059763 39053311 39060275 39055176 39052802 39063986 39064161 39071961 39057112 39058304 39062960 39068004 39049542 39059278 39054916 39053661 39064018 39056511 39058378 39054205 39058118 39054390 39065908 39053928 39063971 39053928 39052711 39063865 39039592 
150 39121546 38921774 39058350 39071988 39068784 39057991 39063160 39072925 39056832 39061467 39058305 39067449 39068419 39066524 39060857 39053902 39055170 39059764 39058336 39066578 39074196 39056965 39063237 39057786 39057658 39059609 39059007 39059959 39056737 39066501 39046967 39054969 
151 39120085 38932057 39066733 39058449 39063854 39070889 39059299 39060174 39051420 39063468 39054133 39070582 39069372 39071539 39052175 39049026 39051502 39053420 39053846 39052060 39061164 39066694 39056196 39066516 39063057 39058791 39055565 39067515 39073376 39056902 39052761 39044178 
152 39127054 38925078 39074686 39062805 39057703 39071019 39070043 39068962 39075883 39073104 39059126 39057566 39066429 39070293 39053491 39054146 39071752 39058740 39057840 39056949 39073877 39057257 39068253 39058687 39068376 39069093 39063856 39060761 39065572 39069696 39055177 39050574 
153 39128048 38934830 39045790 39065503 39069825 39066567 39063047 39058321 39064507 39051086 39059135 39068990 39061819 39063539 39057359 39056543 39069448 39058242 39067113 39061663 39062105 39057774 39083930 39048981 39055824 39064214 39073944 39050434 39066418 39061121 39071569 39073093 
154 39128873 38926473 39083263 39068358 39060412 39063540 39077440 39066955 39073135 39061031 39059172 39054802 39049434 39062070 39058063 39048431 39068703 39055379 39061854 39061999 39071799 39062711 39063053 39058952 39064202 39065571 39059033 39076557 39072099 39052046 39052345 39057789 
155 39127708 38931482 39084462 39068772 39045590 39063638 39059479 39059742 39068590 39060594 39070351 39063543 39055771 39054519 39062288 39051974 39067777 39061229 39056493 39059885 39053180 39069224 39055975 39061151 39059941 39066171 39059033 39060479 39073784 39051733 39075331 39044457 
156 39134477 38946280 39075707 39064210 39068368 39064354 39064060 39067384 39060883 39059534 39061283 39052977 39055328 39062747 39060145 39055558 39069623 39073207 39064715 39053440 39075269 39056835 39059595 39059374 39064513 39062005 39059830 39064649 39064447 39072263 39057094 39065382 
157 39133105 38926486 39073855 39076401 39058073 39064352 39058821 39057958 39060396 39069397 39059952 39055610 39054096 39064756 39055432 39053623 39063010 39071984 39060354 39067209 39069465 39058622 39053528 39063025 39060501 39064510 39083047 39057424 39063872 39070384 39078680 39054920 
158 39121733 38928852 39066772 39065574 39060058 39060777 39053512 39069174 39077331 39069589 39069232 39060502 39057263 39066074 39056855 39056382 39058217 39062255 39060931 39071336 39070013 39059800 39059315 39071929 39052427 39062510 39066886 39066577 39070536 39059033 39055109 39068421 
159 39128067 38935881 39068041 39064212 39057978 39079379 39069427 39063880 39067863 39065655 39057607 39073252 39055790 39068790 39059064 39061671 39069898 39070213 39059006 39058705 39057789 39071660 39060566 39056959 39049235 39059252 39063284 39061243 39067463 39051321 39082874 39054572 
160 39121331 38936322 39064533 39067389 39060634 39067648 39069953 39064542 39062796 39077282 39070275 39064805 39062098 39066921 39064051 39057429 39066242 39063767 39071677 39058655 39066889 39074237 39066727 39066401 39074467 39060395 39068563 39060843 39058921 39067948 39051553 39063411 
161 39125422 38936101 39069118 39065359 39059800 39063340 39067045 39067225 39076165 39072182 39064388 39069763 39072292 39075075 39073110 39069850 39066152 39059900 39065161 39063713 39076471 39065861 39062562 39062759 39079505 39073047 39055433 39070264 39060822 39057737 39077729 39068436 
162 39141346 38938319 39072085 39069862 39070505 39077105 39064546 39058512 39063395 39066129 39070748 39058515 39069982 39072583 39071351 39059506 39062892 39070678 39055737 39058044 39068426 39068001 39064972 39074275 39052577 39067912 39055874 39072445 39060780 39056975 39057083 39053983 
163 39140577 38938429 39069527 39070005 39069577 39069858 39073335 39065026 39073193 39061131 39080838 39073085 39059554 39066158 39078403 39061814 39064603 39062881 39076715 39061846 39064739 39051530 39061476 39069359 39067437 39064141 39065780 39072078 39058117 39072857 39072713 39054747 
164 39125222 38939743 39065426 39058016 39075700 39082246 39070285 39071993 39059041 39073328 39074760 39065738 39076950 39062507 39072090 39053575 39068358 39063789 39075097 39067717 39069386 39064275 39074675 39059770 39072449 39061484 39067946 39065454 39076501 39065552 39048383 39050399 
165 39117970 38949746 39074208 39069002 39066131 39070641 39063713 39069448 39070592 39071464 39068852 39061082 39075591 39065731 39069602 39055405 39071476 39066917 39068295 39073580 39064694 39061952 39072372 39067283 39078314 39062915 39070754 39058136 39056441 39073062 39079105 39050694 
166 39129944 38936292 39057243 39069397 39074315 39075452 39070847 39078434 39066382 39065739 39066751 39055972 39071654 39064168 39053708 39068301 39062938 39066931 39064540 39051578 39062160 39077552 39070723 39071274 39073570 39062485 39067494 39045308 39063411 39064364 39059997 39070187 
167 39124886 38948466 39069783 39064149 39072052 39058157 39069183 39072536 39067578 39065384 39065028 39066308 39065611 39065349 39066326 39060851 39072425 39079925 39067538 39070853 39072905 39056866 39065937 39076029 39074300 39072981 39065946 39063447 39066283 39066250 39074152 39063304 
168 39128297 38949946 39070575 39071962 39073934 39067521 39062372 39063373 39075502 39070473 39064886 39068144 39067152 39076231 39075007 39069677 39070430 39070022 39061998 39073501 39065821 39076969 39061914 39074610 39074561 39063564 39068981 39063767 39070322 39053131 39066011 39057710 
169 39121807 38949317 39067515 39068667 39066204 39078075 39077337 39071466 39066350 39070719 39079965 39067102 39072068 39062888 39064625 39069137 39068763 39071878 39075007 39069591 39070483 39069918 39077784 39072517 39066767 39070040 39072007 39059921 39068748 39071183 39074551 39059059 
170 39114462 38949191 39062370 39071470 39063673 39065021 39077893 39065178 39065206 39074268 39061923 39072982 39070983 39081291 39082078 39064536 39071253 39066229 39063493 39069308 39075063 39076694 39065929 39075551 39069030 39076649 39062320 39065094 39071460 39063494 39049153 39073862 
171 39125442 38956311 39071083 39063083 39067625 39071441 39079242 39071950 39076757 39060607 39081511 39067039 39073248 39074530 39064871 39063009 39064903 39069716 39066398 39065303 39075096 39075081 39074610 39067135 39068272 39061447 39064267 39065218 39075573 39074119 39079011 39067174 
172 39132070 39097578 39073991 39077174 39064123 39066259 39071904 39071016 39065609 39063613 39075798 39060691 39069660 39073587 39074935 39075210 39067840 39068020 39077557 39076533 39075632 39074316 39071208 39062485 39064849 39074374 39069942 39069287 39068592 39074688 39070783 39067013 
173 39126348 38951810 39084814 39075188 39081365 39080766 39084731 39064961 39054667 39079064 39076153 39076748 39073268 39086131 39082232 39064100 39066873 39087870 39087113 39079988 39067781 39070846 39069835 39071049 39069141 39069429 39070033 39066977 39063829 39066602 39082753 39057784 
174 39131948 38946373 39066578 39073549 39072491 39066694 39061960 39072914 39063324 39074320 39080056 39085461 39068826 39056385 39074158 39056294 39078710 39063548 39067271 39073483 39078917 39066766 39074003 39069110 39064975 39071202 39068626 39071093 39064977 39074001 39065040 39063200 
175 39126761 38943083 39064594 39078165 39071185 39082793 39075597 39068727 39070898 39075958 39070332 39065232 39080992 39080306 39069533 39067981 39073985 39074065 39072042 39069926 39062246 39072808 39068174 39071509 39071494 39067746 39063068 39076915 39068661 39070179 39078151 39064449 
176 39144347 38937879 39080583 39070079 39067849 39076725 39071722 39078858 39076712 39080778 39072368 39069591 39071828 39070804 39075956 39057763 39076290 39067561 39077705 39075897 39074846 39068619 39070885 39071538 39070785 39071046 39079001 39078490 39070580 39068364 39058339 39070474 
177 39106297 38953087 39072598 39078086 39078744 39079716 39075925 39089099 39067573 39074943 39067985 39077039 39074852 39074448 39088929 39068569 39071770 39075672 39070219 39077820 39066190 39065984 39078376 39068252 39073306 39076668 39070714 39072621 39074135 39071912 39089988 39073694 
178 39127815 38937814 39072196 39066011 39086725 39079867 39080316 39072253 39077829 39073666 39074092 39081051 39068052 39080088 39067378 39061314 39067257 39066960 39068571 39063501 39071795 39068394 39069833 39074410 39076349 39073429 39075110 39066799 39074498 39078016 39064363 39061363 
179 39137308 38949574 39069517 39070432 39074089 39072986 39082860 39081306 39078522 39085585 39081992 39073789 39063251 39075782 39077186 39073963 39078064 39072209 39076744 39064564 39074740 39079962 39075010 39075577 39065782 39069338 39078243 39077453 39061002 39058199 39083426 39070985 
180 39126810 38965089 39078139 39079524 39072810 39076167 39077892 39079533 39086110 39075048 39072017 39073876 39073970 39066287 39073381 39066370 39074436 39081504 39074202 39072466 39075892 39075814 39067600 39075719 39076584 39079075 39067610 39080090 39072742 39073420 39081420 39068357 
181 39115317 38961066 39072973 39074475 39077413 39070860 39077729 39071932 39080304 39062319 39065177 39072546 39087672 39067892 39074124 39069253 39076112 39067806 39080422 39078066 39070295 39071406 39066113 39073297 39073232 39069816 39068082 39068147 39074489 39079154 39073628 39073878 
182 39135240 38948608 39071766 39082863 39070361 39074760 39085037 39079490 39071212 39075234 39080769 39071356 39076880 39080947 39082537 39077257 39077154 39062202 39072823 39070609 39088204 39078065 39074489 39080632 39073349 39075459 39071071 39076940 39066659 39066443 39058605 39057364 
183 39108603 38956903 39076638 39079519 39079047 39082755 39084238 39088757 39072610 39077241 39079416 39084974 39084777 39072741 39066335 39075661 39084235 39073191 39070369 39072364 39065147 39061836 39084378 39076274 39067831 39073553 39082782 39086328 39075288 39077042 39076707 39062842 
184 39125016 38957644 39080449 39083519 39058845 39073074 39081267 39075974 39075151 39076846 39089738 39080108 39079755 39068191 39085396 39068234 39079309 39080653 39074893 39079478 39067875 39072148 39081321 39069640 39068718 39079179 39062282 39082886 39070079 39070397 39068444 39067176 
185 39117070 38958353 39073085 39078023 39077694 39078275 39082686 39080993 39068731 39072675 39084451 39074808 39075898 39095010 39076747 39073283 39081663 39073642 39075716 39079347 39069457 39080617 39076848 39081035 39077118 39071000 39072436 39080360 39070250 39072586 39081652 39073061 
186 39113273 38942753 39070700 39076926 39086849 39079049 39079124 39073492 39080445 39077876 39084469 39074897 39077143 39075142 39080183 39073294 39085889 39068039 39084377 39086901 39077577 39077314 39081667 39073902 39082286 39071359 39084231 39083258 39077397 39076897 39063064 39072296 
187 39110674 38954161 39082932 39075915 39080740 39077863 39085303 39080060 39081056 39081246 39084461 39084625 39086973 39085494 39076552 39071106 39082527 39079063 39077226 39079243 39086152 39080145 39079797 39075575 39077792 39081174 39080297 39077460 39083805 39075270 39087058 39064389 
188 39123297 38953403 39074676 39070167 39088167 39082275 39074051 39072895 39075161 39069933 39085366 39082278 39087155 39078243 39089090 39070570 39075020 39085578 39077703 39071194 39080895 39075293 39077108 39070870 39073708 39074679 39085632 39078989 39073044 39073198 39072878 39074751 
189 39122583 38959103 39075510 39076959 39074115 39086830 39078043 39075748 39068902 39077595 39083490 39081421 39085414 39088765 39085599 39063312 39078331 39073943 39080064 39076738 39071808 39076436 39074797 39072220 39084321 39073901 39071157 39080671 39066037 39081996 39074916 39069089 
190 39113956 38972014 39079859 39077090 39081123 39079844 39081488 39078995 39093296 39082094 39080688 39082980 39078285 39080158 39081724 39067573 39068989 39082900 39087712 39077758 39080189 39090316 39075078 39072091 39082446 39076544 39089675 39072144 39076573 39081873 39068196 39081163 
191 39106174 38939741 39094795 39071411 39084772 39076995 39086354 39079219 39085949 39081830 39082575 39088241 39079175 39082510 39093077 39074206 39083323 39075455 39081937 39075433 39064286 39073147 39076802 39084265 39083306 39077497 39066075 39063845 39079695 39066883 39097297 39070215 
192 39132635 38956041 39088648 39085308 39074934 39087342 39086584 39079360 39080106 39092023 39090581 39078873 39083432 39078671 39079760 39074801 39084137 39075119 39075617 39089685 39084865 39079433 39072379 39077385 39081859 39079782 39074833 39087633 39079945 39085094 39077293 39066558 
193 39086277 38953380 39088216 39086993 39078739 39083591 39093767 39082586 39062360 39073802 39084455 39076848 39085985 39081718 39079762 39075396 39086950 39085909 39082947 39081605 39076051 39082813 39078767 39079243 39088543 39085776 39081823 39080896 39071094 39081624 39086728 39072042 
194 39107594 38956345 39076415 39090392 39087352 39089668 39083274 39087327 39076456 39092336 39074149 39086267 39078748 39091600 39077108 39082702 39092434 39085464 39079617 39081945 39090334 39082287 39089075 39076341 39075011 39079685 39072561 39085683 39071217 39082357 39080089 39084407 
195 39120239 38964424 39091247 39080097 39095046 39092844 39086474 39078325 39084100 39075278 39081312 39093660 39087575 39078219 39080695 39074571 39086718 39078957 39076517 39080696 39074275 39082078 39091343 39082462 39081352 39080106 39081665 39077855 39081889 39074903 39084782 39069668 
196 39113017 38955799 39094295 39091070 39083802 39098041 39090248 39080744 39073194 39080720 39085353 39079208 39083535 39085574 39073752 39076484 39082932 39088078 39087887 39067535 39087217 39075024 39077179 39085601 39080767 39077047 39083601 39085920 39087755 39070586 39068945 39071244 
197 39115620 38961891 39089470 39086395 39074767 39091394 39087546 39088367 39076978 39085823 39091522 39082043 39079868 39084775 39086007 39078951 39078289 39081627 39086481 39085442 39081100 39080859 39081735 39074736 39084312 39084235 39075693 39082632 39080053 39080959 39078825 39075588 
198 39101090 38960345 39087784 39093143 39084747 39089174 39078541 39087453 39087967 39089784 39086513 39086813 39091936 39083402 39079031 39082294 39075204 39082313 39080997 39079735 39087471 39081923 39086814 39079220 39081883 39083730 39082028 39075665 39080229 39083450 39076131 39083123 
199 39104055 38970518 39080327 39089901 39082233 39096237 39080956 39076633 39088534 39090058 39088770 39089506 39089555 39078016 39092929 39069799 39085050 39078032 39083352 39084415 39076615 39086755 39085886 39090796 39088657 39086505 39076004 39075776 39080165 39064978 39087703 39076354 
200 39095845 38949392 39089031 39086968 39074582 39082097 39083692 39091732 39088713 39089807 39089169 39090988 39090048 39082055 39084364 39073243 39083362 39091172 39084637 39081690 39081796 39077375 39079930 39080921 39076271 39091786 39082505 39073921 39082875 39076464 39083146 39076561 
201 39108717 38971025 39092341 39086824 39085772 39091645 39084407 39089438 39090238 39084743 39087018 39086808 39086866 39085467 39095713 39083497 39077142 39090476 39085551 39085567 39072220 39090732 39084314 39080121 39070155 39093835 39089875 39083514 39100763 39088123 39088925 39076167 
202 39102902 38957222 39085768 39088496 39089129 39075031 39101456 39084875 39080473 39079284 39097223 39096898 39087247 39085648 39085003 39081288 39086713 39083465 39080962 39105676 39082657 39083242 39084226 39077745 39088034 39082976 39089173 39087468 39087569 39085360 39074253 39085098 
203 39099770 38966728 39091722 39079305 39096086 39077791 39088110 39093204 39090783 39084923 39091770 39091366 39077474 39082762 39074058 39072902 39084591 39083774 39083462 39086226 39086635 39087372 39089570 39082682 39089718 39078852 39094675 39085951 39090001 39084495 39102823 39073828 
204 39107990 38956540 39083885 39079817 39093415 39084598 39095034 39077054 39083219 39093272 39094665 39100504 39084071 39082118 39088950 39087550 39091563 39069994 39091800 39081430 39087052 39085932 39087543 39084301 39091296 39087135 39088471 39079463 39084803 39088757 39070027 39074666 
205 39100307 38964194 39072514 39075669 39092766 39088950 39086520 39091265 39086398 39094603 39089202 39100108 39091522 39091185 39094289 39082836 39083322 39093831 39084146 39087040 39072341 39090019 39080626 39089467 39096085 39082795 39075904 39097516 39084246 39080007 39095427 39081189 
206 39095365 38965345 39087260 39093692 39078356 39091571 39086995 39092188 39086800 39095356 39092734 39087194 39091199 39089248 39088283 39079677 39102991 39083981 39100351 39083444 39083390 39095604 39083036 39085067 39079007 39090140 39091305 39093387 39080156 39083941 39080500 39086696 
207 39100167 38954832 39084218 39095137 39091990 39101097 39092529 39099366 39097668 39091875 39095233 39099419 39100294 39081775 39102810 39076132 39085214 39088214 39091031 39082049 39091776 39077034 39088971 39099756 39088982 39090788 39089992 39095636 39085701 39082673 39084997 39076664 
208 39098927 38973299 39097478 39096085 39088800 39085770 39090606 39092302 39099166 39089531 39093580 39086722 39093163 39084432 39091532 39094255 39075996 39086831 39088719 39090594 39090007 39090396 39092603 39096771 39092210 39081063 39087926 39092313 39083349 39094878 39077695 39091686 
209 39080467 38982584 39113761 39092167 39098101 39094531 39098217 39090479 39093885 39098110 39102578 39092876 39098294 39083464 39089784 39090245 39099300 39094162 39102799 39083262 39085194 39101868 39077901 39088174 39081071 39093478 39093557 39091502 39082413 39091372 39079214 39073292 
210 39095180 38959415 39086913 39091959 39098687 39106263 39101571 39092711 39099556 39087401 39089913 39089642 39090108 39090512 39102152 39085871 39094787 39085036 39088150 39087678 39095458 39095874 39081731 39095070 39089797 39085118 39097683 39097049 39095763 39094357 39078750 39097105 
211 39086601 38966901 39099196 39098851 39082392 39093320 39086476 39084236 39094224 39095390 39104982 39090304 39080500 39104095 39088712 39078504 39081130 39084650 39097826 39091438 39085732 39090359 39090442 39090826 39087091 39099080 39085796 39096739 39087623 39082811 39086576 39080154 
212 39083295 38958525 39103656 39099260 39087026 39091774 39108885 39105354 39091876 39090675 39098231 39096468 39094358 39095381 39093509 39089236 39091370 39090651 39094924 39098297 39096372 39085516 39085675 39092945 39099380 39086942 39094689 39080048 39091880 39100391 39081252 39089182 
213 39077792 38961139 39089200 39091492 39096467 39098171 39097724 39100953 39096389 39094948 39094496 39094335 39094268 39092752 39084073 39082146 39098702 39088523 39085473 39097821 39093022 39092417 39099138 39088763 39090957 39086843 39092059 39092147 39095309 39097690 39108365 39078254 
214 39081269 38975037 39100945 39105467 39098033 39081454 39092322 39105882 39102859 39097050 39089372 39094512 39085376 39091441 39092814 39084816 39100298 39093806 39089636 39101713 39090950 39097569 39084567 39094995 39092345 39088502 39100957 39088498 39090180 39095503 39083875 39084491 
215 39095022 38968078 39108414 39092802 39092442 39093543 39096403 39088287 39096790 39090422 39104656 39087640 39100507 39100953 39094153 39096022 39099541 39104188 39080383 39104405 39086131 39094735 39092293 39097458 39094103 39086256 39102467 39085790 39083847 39090023 39087926 39081531 
216 39084631 38963571 39096865 39098785 39102809 39094483 39100567 39100304 39104718 39099680 39095427 39105913 39099649 39097616 39092561 39084558 39093615 39079428 39085038 39101006 39096007 39097575 39095045 39085471 39092308 39093944 39099686 39092674 39089078 39096053 39097996 39094530 
217 39074557 38976182 39091982 39098848 39092631 39091705 39090447 39101492 39092975 39100909 39093162 39102338 39094769 39098055 39099229 39088218 39095629 39092870 39094175 39096176 39102558 39091725 39090128 39092733 39096826 39100271 39078065 39092616 39099122 39093136 39104875 39090811 
218 39082462 38961335 39097999 39092527 39101808 39106112 39107292 39097238 39100042 39089933 39092316 39090444 39096193 39082981 39092129 39090162 39083569 39099382 39094715 39099148 39101198 39096004 39097363 39086621 39097031 39105304 39091922 39102985 39097741 39096046 39092144 39086587 
219 39082817 38960408 39101074 39103602 39104755 39097064 39099052 39105604 39090852 39090424 39106847 39096144 39096219 39092193 39084240 39093094 39087294 39092989 39105582 39104168 39099833 39086129 39095545 39094877 39089236 39090932 39090662 39103229 39096290 39093517 39094359 39080204 
220 39065346 38965885 39100934 39102904 39102139 39098673 39104474 39101659 39099261 39097965 39090997 39098389 39095575 39092726 39105709 39090679 39089489 39100406 39099066 39102302 39100774 39093341 39087716 39104615 39099140 39089069 39081637 39100067 39089014 39089937 39091470 39085646 
221 39085903 38970935 39105352 39098659 39096371 39112718 39103643 39096662 39094158 39105871 39097125 39102922 39095736 39101834 39088574 39084669 39097743 39093917 39105966 39103116 39092736 39098290 39092335 39109943 39092131 39087180 39091236 39085754 39092668 39099368 39109946 39091927 
222 39062923 38979774 39113533 39098717 39104249 39103874 39092946 39102187 39086508 39088897 39104908 39102673 39094824 39103598 39107290 39093358 39090865 39098013 39096209 39092819 39103509 39089146 39103714 39088229 39108295 39095652 39102336 39093737 39097521 39093476 39091424 39091307 
223 39068444 38958417 39100992 39100748 39110373 39102351 39102413 39107808 39104773 39097185 39106641 39103300 39099077 39088466 39095610 39084898 39086622 39096407 39101872 39098985 39090286 39105422 39103576 39103434 39094819 39096900 39092128 39092263 39099207 39098149 39102357 39085090 
224 39068179 38966245 39091854 39101744 39099713 39099132 39114566 39106652 39104130 39110376 39109123 39099823 39100360 39095719 39107374 39086150 39106974 39102379 39102485 39102465 39096455 39093835 39106114 39094582 39101357 39102801 39095524 39099556 39104517 39102204 39092575 40000916 
225 39050547 38981339 39104680 39107756 39104829 39109632 39110957 39106759 39103449 39095555 39093743 39105511 39097604 39092672 39094663 39096152 39105285 39105885 39106162 39097234 39114399 39103491 39100743 39089468 39096212 39099300 39090754 39103816 39097900 39097490 39093325 39081523 
226 39060336 38953598 39089138 39104516 39104644 39102085 39103720 39110247 39107428 39114660 39093103 39103246 39108444 39110807 39104306 39083756 39113535 39107304 39103254 39108919 39104269 39099826 39108011 39090414 39105473 39098577 39095233 39104538 39093909 39106600 39092325 39095964 
227 39062775 38980662 39104358 39102386 39093636 39103598 39107802 39098952 39101077 39106584 39104278 39100663 39098261 39109882 39115794 39086834 39104982 39093781 39102094 39098837 39108258 39100762 39103024 39099372 39106998 39094155 39104031 39092759 39098934 39101776 39096179 39102316 
228 39052904 38973151 39097293 39109169 39115739 39107865 39099487 39106982 39101528 39097359 39102230 39108468 39109375 39098942 39100867 39090752 39117006 39101780 39108367 39098705 39092717 39108270 39112927 39095776 39095527 39105212 39092485 39097816 39094874 39103857 39087130 39107643 
229 39046188 38978951 39104809 39119590 39100275 39107824 39105707 39103180 39096836 39088624 39098059 39111355 39097643 39104228 39101953 39096193 39100304 39104026 39100563 39112466 39099062 39097782 39099576 39097231 39106470 39097187 39100065 39099147 39103211 39103393 39099118 39099353 
230 39056971 38977954 39103715 39106689 39107306 39103451 39107452 39098549 39100444 39114308 39110954 39109086 39119114 39107644 39105823 39097576 39104730 39107665 39103423 39100432 39112193 39103152 39102384 39106694 39088402 39093342 39100062 39115384 39095032 39109492 39083310 39101205 
231 39045760 38963594 39106487 39115364 39125744 39111487 39097396 39113826 39120078 39115865 39105717 39111291 39107524 39108670 39111930 39098848 39097538 39105697 39096318 39118231 39108113 39110904 39104519 39106890 39100915 39101172 39105097 39102118 39094331 39095800 39104616 39101299 
232 39038672 38974705 39112561 39114598 39101336 39122046 39103254 39116817 39113781 39102137 39110629 39105480 39103208 39110629 39093681 39099278 39098856 39110733 39113126 39106572 39105636 39097249 39099198 39102480 39123180 39114545 39100962 39105166 39108720 39106671 39100448 39105384 
233 39034044 38971977 39104959 39106928 39114871 39106532 39101040 39118747 39103124 39100900 39121010 39106232 39108839 39101144 39105590 39098025 39100623 39098268 39112210 39101516 39095051 39104937 39103606 39105549 39111131 39104383 39102582 39102616 39109969 39103296 39097635 39097351 
234 39030512 38979707 39119529 39104501 39112508 39117836 39115677 39104229 39104124 39108940 39107717 39095712 39107715 39114440 39105166 39105590 39109085 39102900 39094839 39106563 39100743 39122683 39099235 39104777 39108925 39110137 39116553 39111058 39106444 39100085 39087799 39105640 
235 39031214 38980809 39106459 39114214 39118159 39124140 39119518 39112795 39115123 39120059 39108747 39096310 39107483 39106323 39100442 39092630 39094060 39108174 39113266 39106346 39101856 39102287 39102248 39101464 39109519 39115224 39103333 39101678 39101896 39110141 39087834 39102139 
236 39024357 38961101 39114096 39108340 39107602 39106619 39132716 39108794 39096667 39118489 39107987 39114801 39112759 39109247 39104082 39112911 39104948 39096089 39106482 39108492 39097824 39104992 39118569 39110710 39093567 39104255 39095201 39099575 39106184 39106702 39088856 39120540 
237 39033094 38992639 39104340 39118520 39119575 39102888 39115396 39113265 39111029 39116898 39115200 39123404 39112128 39098127 39106350 39106455 39116263 39103130 39102401 39108629 39113676 39108522 39120039 39101910 39120120 39107153 39101464 39101994 39108574 39114030 39100383 39109144 
238 39020106 38986511 39122699 39110372 39114073 39102047 39113825 39114405 39104961 39116534 39115402 39111690 39111330 39109480 39100862 39095409 39103944 39116360 39098587 39120550 39106030 39098591 39108807 39118861 39102717 39098922 39109632 39110857 39109363 39107888 39088970 39117229 
239 39028075 38978683 39106805 39118444 39125859 39109874 39113816 39115019 39104452 39121138 39113018 39110667 39113383 39125573 39109448 39101979 39114136 39116801 39098231 39114596 39105430 39112039 39115072 39109935 39098126 39103894 39093922 39104600 39113587 39103908 39104895 39109199 
240 39027341 38975337 39115210 39118307 39115323 39114118 39126730 39108687 39108096 39109761 39113506 39107453 39115248 39110246 39111239 40454743 39120067 39116433 39120452 39119845 39112334 39115315 39112822 39097104 39116164 39110792 39103323 39114248 39104227 39111404 39108764 39115284 
241 38995191 38987890 39121230 39107841 39122669 39122152 39114443 39129906 39112262 39114834 39112859 39102752 39109625 39109445 39105704 39119149 39111533 39109741 39122366 39109129 39099809 39118480 39096025 39111232 39124537 39102549 39116673 39116418 39125594 39105474 39109218 39111320 
242 39017901 38972030 39105724 39116835 39109037 39110971 39119289 39120477 39121236 39110735 39120267 39103987 39115597 39112793 39118900 39109967 39113898 39115819 39102998 39108560 39120074 39118016 39106651 39104423 39113062 39106762 39107482 39113532 39114359 39110013 39122149 39108530 
243 39014908 38974576 39118538 39124714 39112564 39118814 39103720 39113351 39118949 39127066 39120469 39112534 39117571 39113774 39123040 39121823 39116212 39120445 39117553 39105341 39121184 39104224 39119370 39122328 39103440 39111569 39100354 39109454 39107454 39116413 39113799 39109946 
244 39008839 38967640 39118115 39118418 39117512 39105146 39111762 39124755 39116146 39117329 39123780 39119607 39107986 39126061 39111022 39122033 39101752 39110555 39098815 39105607 39120983 39119863 39121190 39120263 39121134 39114356 39113147 39112666 39109037 39110201 39110065 39115190 
245 38999765 38981656 39109847 39112902 39111409 39112571 39131981 39116261 39122406 39115688 39108481 39105290 39117897 39105884 39117417 39112548 39118931 39113924 39112229 39120380 39120375 39115678 39100492 39113075 39108871 39113418 39116253 39108563 39112882 39105902 39109708 39121727 
246 39001227 38973676 39124294 39121910 39120428 39125167 39121666 39121642 39117318 39120749 39117196 39126024 39117390 39105608 39117890 39125060 39119430 39118326 39117091 39110104 39097546 39114226 39110691 39120894 39121381 39120179 39125002 39104275 39106267 39114848 39103021 39119705 
247 38999276 38979785 39126105 39106587 39119228 39112904 39112108 39122204 39123186 39117505 39124079 39112383 39125277 39115292 39119809 39126316 39131936 39109170 39116152 39117871 39119188 39117013 39103991 39112136 39108466 39114483 39114790 39105073 39107696 39114248 39099351 39100042 
248 38994898 38985122 39119720 39132491 39125823 39116794 39123757 39120253 39131638 39116766 39111902 39120628 39123178 39101370 39123814 39124626 39116534 39108737 39112543 39122592 39119914 39111974 39110862 39124587 39113726 39125261 39132266 39117092 39110169 39113117 39112597 39123990 
249 38999884 38982676 39124442 39118984 39116541 39119723 39135409 39123557 39120133 39120456 39116490 39122714 39123037 39124499 39118449 39128934 39115155 39119137 39128556 39110771 39115660 39127422 39116506 39131643 39122989 39115326 39098833 39108817 39110358 39121955 39117492 39105476 
250 38980574 38971517 39119763 39125514 39129846 39120229 39127807 39109775 39137857 39124003 39114626 39112006 39124003 39113042 39120586 39136249 39127991 39118389 39114749 39119942 39111929 39113568 39126338 39117623 39114356 39120579 39110440 39108848 39111592 39125795 39117493 39116257 
251 38988047 38978485 39131041 39129151 39123392 39127609 39129063 39129609 39123508 39126512 39124087 39116799 39110472 39119702 39114789 39127727 39124144 39115217 39106110 39123025 39116685 39125816 39122116 39123236 39111392 39123372 39119349 39114168 39127184 39108852 39115191 39124541 
252 38989275 38977785 39119907 39125663 39114103 39123655 39131874 39123979 39125224 39129941 39116921 39132857 39114118 39121307 39115961 39126934 39116503 39131065 39115034 39119369 39112875 39123892 39119970 39116118 39121570 39120035 39107620 39112212 39112108 39122812 39133910 39130606 
253 38974688 38983624 39129121 39121350 39121577 39125563 39134335 39138370 39117730 39124218 39119655 39128709 39130608 39131373 39130751 39123083 39118394 39121569 39129032 39120023 39123216 39121079 39123219 39128251 39121066 39116740 39129637 39124507 39113292 39118225 39122723 39125702 
254 38968592 39003505 39136924 39118882 39115292 39115502 39129598 39127245 39126161 39113817 39128462 39126373 39116555 39123711 39112527 39127261 39121356 39125173 39113314 39111822 39129168 39121689 39121904 39120150 39119542 39120799 39124377 39108103 39110355 39123198 39116943 39120597 
255 38958529 38989073 39120704 39133100 39130996 39125599 39125854 39127297 39116975 39120333 39124070 39131285 39129052 39125470 39112489 39132873 39121056 39126319 39118372 39123347 39129920 39115016 39120389 39124715 39120898 39116336 39127029 39113935 39122044 39118025 39122512 39122830 