n P1 P2 P3 P4 P5 P6 P7 P8 P9 P10 P11 P12 P13 P14 P15 P16 P17 P18 P19 P20 P21 P22 P23 P24 P25 P26 P27 P28 P29 P30 P31 P32 
0 38946611 78166978 39105059 39247607 39259721 39261694 39263530 39261824 39264544 39257874 39251480 39255006 39247940 39243828 39260540 39251006 39257212 39246665 39245422 39244258 39244760 39246015 39243469 39241017 39229503 39238487 39238592 39240522 39229318 39231960 39224131 39227709 
1 39051290 38749620 39059193 39041533 39045556 39041248 39042049 39046932 39035550 39047144 39036364 39041116 39038202 39046218 39043044 39038383 39044137 39034982 39041235 39042318 39049963 39051816 39039034 39027132 39041652 39042742 39042969 39033903 39058032 39050930 39049031 39043180 
2 39082483 38553878 39041525 39181877 39041663 39039770 39050022 39039816 39053162 39039397 39046274 39055839 39051228 39046466 39040370 39045601 39044001 39038596 39042211 39034413 39044062 39048788 39048075 39036535 39042198 39047440 39040979 39041588 39043596 39031434 39045632 39040340 
3 39108717 38812263 39104958 39032552 39042586 39043848 39044731 39043862 39037450 39041339 39048430 39042895 39048904 39026889 39030962 39034357 39045692 39034792 39038830 39036512 39040078 39037407 39043858 39033889 39052871 39044371 39045823 39039197 39039477 39045023 39043667 39043123 
4 39104388 38803539 39015445 39259530 39035137 39045817 39052785 39044161 39046087 39049888 39041808 39049838 39048176 39045988 39043833 39034024 39043837 39043533 39048651 39031340 39051716 39044347 39041676 39044550 39044449 39040827 39054178 39040127 39047513 39048131 39044133 39043313 
5 39097771 38811044 39014258 39015434 39286729 39036648 39047605 39046510 39045577 39038561 39051093 39043719 39035023 39047774 39045225 39043877 39042799 39046624 39048220 39049909 39053100 39041583 39049007 39049056 39052691 39046929 39052015 39047320 39044387 39052585 39043714 39047880 
6 39103016 38797456 39018405 39015623 39022880 39304348 39037101 39042282 39047872 39046667 39040365 39060672 39043450 39042019 39039240 39040746 39046064 39035213 39043648 39050599 39037887 39044817 39043779 39044451 39047827 39044363 39037848 39041288 39057443 39045870 39050372 39042218 
7 39092482 38809146 39017397 39016716 39017585 39016189 39299040 39042373 39049684 39036383 39037995 39037989 39041025 39052230 39044209 39045233 39049826 39045012 39046619 39049111 39033171 39048782 39053625 39041545 39041550 39052850 39046237 39042380 39040000 39042864 39047610 39035221 
8 39082983 38809457 39033317 39011193 39026838 39014610 39019539 39297702 39029535 39051967 39043523 39042381 39045087 39052367 39050431 39050585 39060239 39054014 39033142 39047509 39051957 39040862 39053109 39032954 39052472 39044650 39040291 39040394 39036934 39038278 39042111 39035801 
9 39083878 38824445 39032255 39023873 39028805 39015166 39015410 39029763 39286170 39039062 39046362 39046143 39046686 39045361 39053429 39055084 39049849 39043438 39040710 39046140 39047560 39034722 39054910 39051987 39037104 39051469 39048888 39044069 39038209 39048435 39045762 39041922 
10 39079426 38797869 39018132 39025348 39016986 39008150 39015308 39028776 39028211 39288297 39032625 39050641 39047041 39045779 39058471 39038670 39048903 39049234 39043925 39041208 39056174 39048136 39046586 39043906 39050749 39049569 39050662 39047906 39044579 39048245 39053926 39048253 
11 39085652 38813342 39036751 39022721 39018678 39018817 39023479 39022396 39020399 39021080 39277842 39040626 39054643 39044434 39054740 39057750 39052298 39047353 39045330 39042474 39040517 39045882 39038173 39045270 39033967 39044533 39051741 39043190 39038804 39045047 39043898 39041995 
12 39079916 38810049 39022091 39025521 39024126 39022113 39014196 39022766 39012246 39020380 39011522 39290647 39042517 39050639 39043759 39045106 39044442 39042004 39044499 39047667 39044966 39045851 39046789 39052978 39051941 39047023 39041931 39042743 39056424 39057377 39048593 39047394 
13 39072305 38816105 39026281 39016553 39026979 39023166 39026301 39018871 39018031 39029695 39023527 39032222 39288850 39035442 39047182 39043937 39037034 39048132 39036754 39042312 39046864 39045137 39041690 39048506 39050679 39033415 39052961 39041511 39047807 39044817 39050499 39045743 
14 39070665 38827979 39026529 39019978 39022209 39030051 39017561 39024378 39019730 39034783 39027503 39013976 39011319 39273139 39037669 39052331 39048119 39041562 39051865 39042559 39051864 39043351 39047229 39041101 39036094 39052756 39047430 39052053 39051634 39038624 39045496 39052733 
15 39064814 38825325 39016467 39016615 39024306 39027183 39013976 39031454 39025741 39010661 39026929 39032185 39026761 39020665 39273941 39031159 39044483 39053001 39047870 39049630 39045443 39038179 39051588 39051676 39042544 39052074 39049344 39047861 39040965 39037515 39033112 39031905 
16 39080177 38811324 39026679 39024841 39019164 39019072 39027873 39028358 39030574 39022095 39015926 39030690 39010030 39026124 39023876 39245712 39040646 39053470 39049204 39041316 39047474 39062558 39052479 39037489 39041215 39055614 39053287 39049779 39048073 39043553 39048424 39079756 
17 39072734 38841445 39017638 39024185 39016878 39012751 39027528 39015267 39022755 39031224 39028865 39036553 39026537 39024456 39035261 39014247 39266267 39049679 39040601 39043147 39051720 39039980 39044620 39049116 39049364 39042901 39045989 39038516 39042528 39053652 39052860 39054172 
18 39059398 38824738 39020219 39020507 39029734 39014534 39029010 39015026 39021951 39013870 39015822 39021337 39019603 39027985 39019820 39016200 39021228 39263990 39041207 39044602 39054617 39043482 39046617 39053890 39051201 39059180 39036129 39046369 39046048 39051806 39048351 39037975 
19 39050278 38822544 39027151 39019571 39023589 39019199 39031888 39022381 39036530 39015879 39024323 39027523 39018824 39030142 39034431 39019880 39016913 39033904 39266567 39036730 39049045 39048332 39055041 39047521 39047561 39049652 39051967 39054221 39037816 39041009 39037944 39053616 
20 39068263 38824671 39025851 39029483 39022604 39017945 39019778 39018877 39029391 39033918 39015107 39020247 39019900 39028036 39019985 39018522 39016432 39022312 39036387 39263770 39048625 39037992 39053283 39049278 39049673 39042889 39056890 39041463 39040692 39045044 39048788 39042967 
21 39051737 38833663 39029555 39021826 39027501 39026676 39028769 39025936 39014650 39026660 39019283 39030651 39027411 39025033 39024405 39018664 39026716 39023305 39015925 39031406 39250322 39035995 39048312 39051878 39047851 39055416 39047773 39051070 39052444 39053652 39051045 39059215 
22 39046169 38829762 39022697 39020114 39023464 39027106 39016751 39028828 39033879 39030417 39012736 39024525 39027662 39034397 39038302 39025591 39014847 39021575 39028171 39014263 39031663 39253176 39042747 39052846 39040772 39051671 39050916 39039359 39053785 39055262 39050821 39042919 
23 39050560 38834062 39019651 39031489 39028240 39012460 39020800 39027182 39015161 39026982 39033921 39031607 39013389 39027067 39028379 39016637 39025563 39029652 39027243 39028643 39024678 39025252 39253739 39036396 39052397 39050848 39043493 39052319 39055447 39040925 39049535 39049012 
24 39046148 38838716 39042079 39025215 39025620 39023543 39026461 39020347 39022362 39031143 39025901 39026030 39016868 39021341 39022609 39020090 39021018 39020453 39019652 39016232 39020126 39034064 39029227 39252674 39041804 39057483 39031156 39042658 39058314 39049844 39038085 39042949 
25 39057218 38835768 39033616 39022027 39016667 39019334 39016490 39034076 39030904 39032391 39031948 39021868 39009412 39027634 39033100 39018827 39026022 39031500 39022481 39021758 39038117 39018562 39026165 39031962 39244317 39034655 39044532 39048601 39051891 39052857 39046151 39039903 
26 39047896 38825879 39028143 39032612 39014026 39027429 39013739 39025617 39027896 39034103 39021119 39012228 39026731 39017607 39023084 39018372 39021901 39028728 39027490 39037739 39038210 39036594 39039845 39021994 39019898 39240755 39050765 39045776 39048557 39043170 39044272 39061733 
27 39036737 38832747 39031313 39031115 39032015 39025108 39012447 39028102 39015159 39040651 39035404 39019443 39028303 39039592 39037978 39023308 39027144 39028240 39017232 39024799 39040233 39030289 39035658 39019903 39026441 39032298 39241884 39041771 39048683 39054018 39057642 39042048 
28 39032183 38823479 39026036 39029514 39021514 39026638 39030862 39020464 39023129 39026831 39032796 39031214 39035790 39031580 39033818 39025049 39033508 39020986 39027336 39029365 39024041 39019966 39031421 39028447 39021176 39036956 39038896 39228923 39042508 39061757 39059784 39045226 
29 39032005 38845731 39035496 39031878 39022574 39026161 39021287 39022326 39032977 39027843 39016730 39018226 39029031 39020121 39025354 39021350 39018226 39024976 39021442 39029706 39028926 39011168 39009850 39018910 39023181 39020894 39026164 39030697 39235329 39050009 39047524 39065663 
30 39038293 38848835 39031413 39024601 39028865 39026359 39025885 39016830 39025760 39026210 39025243 39020245 39028707 39027054 39016305 39012543 39027190 39010900 39026379 39021024 39031640 39024193 39028581 39025300 39026063 39026462 39009607 39034556 39026351 39229679 39051831 39055124 
31 39034305 38826084 39034354 39016263 39040154 39026872 39037271 39023795 39038095 39025868 39034235 39020399 39030657 39025843 39020306 39019735 39025670 39019673 39033102 39025983 39018850 39023286 39033820 39024763 39028153 39024155 39035528 39024036 39030224 39037089 39240229 39029104 
32 39029963 38834017 39014304 39017197 39028457 39031725 39024353 39024160 39034255 39021382 39029286 39027280 39028792 39019913 39033202 39017008 39035058 39019584 39023034 39040779 39031207 39034868 39020644 39017267 39019120 39022887 39027749 39026288 39030474 39032420 39020369 39212447 
33 39026524 38845565 39025081 39040154 39019239 39030617 39032826 39025857 39025059 39021390 39026169 39028339 39030061 39029764 39026040 39021382 39025004 39032142 39035479 39040969 39028477 39027411 39026560 39030756 39032640 39038901 39042324 39019020 39032182 39031201 39037360 39022363 
34 39031244 38846522 39030707 39029519 39036658 39021523 39027263 39027573 39034627 39013733 39038076 39029650 39026785 39029032 39022963 39025057 39033541 39038461 39017531 39025407 39032021 39035457 39029662 39033999 39025091 39026073 39026841 39032312 39024476 39034824 39026521 39024950 
35 39034773 38841689 39034031 39023257 39023466 39024151 39016678 39034617 39018113 39029468 39017092 39036597 39033502 39018951 39018456 39012781 39035445 39019017 39018083 39032229 39035604 39035060 39025452 39027624 39027121 39024251 39030521 39041325 39021563 39035450 39035800 39020550 
36 39028148 38855183 39028502 39016248 39035917 39030575 39018141 39026579 39031941 39035666 39031672 39031527 39041261 39027703 39036093 39028349 39022893 39025625 39034866 39023143 39026927 39031901 39028677 39025123 39029197 39024286 39018836 39024715 39030305 39016616 39014732 39033236 
37 39023885 38857789 39025080 39035581 39023915 39030989 39036639 39023737 39030444 39024869 39036219 39030412 39027121 39029011 39032682 39025277 39027295 39020075 39035308 39018904 39025800 39024909 39030603 39026014 39025175 39026563 39025421 39034751 39020818 39023226 39039876 39026973 
38 39027548 38863626 39033028 39026520 39025676 39027180 39023369 39031286 39028840 39034903 39023568 39024917 39020285 39033725 39022847 39019620 39034317 39023123 39032168 39027870 39034958 39042639 39034970 39024413 39030904 39028601 39030097 39027889 39022959 39036141 39025342 39019497 
39 39018243 38867778 39038648 39042421 39037199 39031654 39024468 39033722 39027121 39027082 39040450 39035992 39018818 39030869 39034139 39032748 39024467 39035050 39030813 39028644 39024476 39033822 39041344 39023119 39025746 39029581 39041857 39015649 39033141 39019327 39036448 39024239 
40 39016528 38845639 39032859 39034181 39031864 39024456 39030585 39028191 39024486 39022422 39029960 39031086 39023148 39029801 39025015 39024011 39023390 39034468 39032757 39034795 39024655 39013432 39029225 39019305 39024452 39027952 39022086 39039024 39035894 39029849 39017530 39024511 
41 39018038 38861420 39021746 39020848 39033628 39023164 39031089 39020256 39015496 39030431 39031106 39033750 39035147 39026115 39043107 39016664 39028259 39015207 39024291 39033189 39028710 39038444 39028428 39023289 39026383 39037428 39039409 39033860 39023869 39026298 39032768 39029016 
42 39024556 38849263 39025618 39034845 39021978 39030202 39029513 39030662 39028608 39037254 39033106 39020737 39037638 39025865 39030841 39035644 39040657 39035697 39038226 39037378 39030845 39030966 39025124 39032558 39034515 39028205 39031200 39024613 39028914 39026534 39030636 39024284 
43 39011367 38857981 39030640 39021532 39029994 39034827 39024305 39032510 39029787 39037081 39034137 39027536 39031608 39032384 39020861 39027916 39033458 39035013 39028308 39030677 39038790 39036253 39030938 39033302 39037451 39038078 39036216 39039847 39020283 39030145 39033112 39016256 
44 39017543 38852938 39032326 39031874 39030202 39023073 39036435 39033799 39029421 39023900 39024655 39031831 39034312 39023518 39038828 39026783 39033420 39021045 39028113 39038387 39034018 39025402 39027429 39031940 39034449 39030687 39038067 39032818 39022464 39024122 39030631 39028297 
45 39011130 38850148 39038965 39037649 39022105 39029945 39035137 39033365 39032360 39030876 39035515 39038967 39025810 39029406 39018264 39032753 39035275 39023554 39011949 39024725 39031802 39033071 39030689 39033896 39031043 39035333 39042699 39017750 39028892 39031242 39037137 39039168 
46 39018423 38850596 39022255 39035689 39026980 39029636 39029486 39035088 39035337 39029180 39026687 39021810 39029167 39032639 39032613 39028039 39030341 39030028 39041705 39032531 39014660 39031668 39030101 39029283 39030292 39037798 39026075 39022496 39029621 39035534 39014289 39030223 
47 39025421 38851837 39031039 39025501 39026773 39033953 39036092 39026505 39034375 39029963 39031995 39020108 39036591 39032906 39023262 39027458 39031481 39046249 39034326 39042215 39034070 39034749 39043341 39028737 39023112 39024689 39032172 39024614 39039563 39025054 39037207 39019839 
48 39029258 38854189 39029013 39035865 39030873 39033825 39029054 39038706 39042339 39041029 39035619 39035619 39032529 39029022 39030076 39032036 39035131 39038320 39030360 39027985 39027986 39026127 39023661 39030247 39046248 39031298 39044590 39028684 39028866 39032849 39024889 39021464 
49 38990747 38864122 39035242 39026970 39029549 39022816 39025370 39029005 39032813 39030510 39033536 39042768 39034697 39028329 39027559 39027100 39035048 39033352 39032265 39033613 39030138 39032867 39029061 39031257 39034107 39033795 39025397 39040840 39035467 39033967 39035216 39018937 
50 39030115 38854946 39029101 39030148 39029111 39043538 39045990 39036055 39024156 39030974 39020013 39033828 39024870 39032868 39035972 39025613 39029855 39030683 39031682 39032126 39028090 39031415 39026606 39025451 39017840 39035224 39027456 39017773 39033841 39029723 39024743 39028454 
51 39023080 38863324 39032823 39028969 39032870 39030222 39024012 39029715 39034985 39027648 39038554 39037587 39034442 39027273 39029846 39035902 39030921 39029992 39031902 39038255 39039656 39036913 39028929 39036537 39034358 39038517 39040883 39023974 39026892 39032806 39039325 39028590 
52 39021325 38856716 39028088 39028346 39033836 39034715 39033961 39037672 39033047 39025642 39036009 39031159 39029559 39029805 39033894 39006221 39037688 39035524 39022980 39030497 39037207 39031807 39021010 39032012 39025040 39022641 39027845 39016026 39033959 39040123 39028170 39015985 
53 39012041 38860353 39039710 39032521 39049388 39046649 39021241 39041322 39027428 39035221 39030881 39039493 39036673 39026466 39040634 39029271 39025233 39024423 39024564 39031150 39036790 39029993 39034403 39028381 39023053 39026246 39029033 39035955 39030700 39025565 39041580 39014286 
54 39013600 38866176 39031581 39035394 39030675 39039299 39030992 39027787 39025738 39044081 39038625 39031379 39037543 39038758 39033453 39021417 39037397 39028166 39033250 39023885 39029026 39042351 39031736 39028820 39028126 39038249 39026236 39031369 39039954 39035909 39032780 39035344 
55 39014445 38870172 39029725 39027051 39026795 39023392 39038157 39039390 39038339 39041962 39040415 39041637 39030205 39034150 39027422 39031115 39038699 39033599 39030661 39038833 39039115 39031634 39038479 39028867 39048018 39033265 39029927 39030216 39024945 39040790 39040633 39027156 
56 39018003 38866772 39036098 39026525 39030395 39030305 39033299 39033666 39039643 39034618 39033993 39023219 39038333 39019295 39032657 39028262 39032592 39027408 39033660 39024068 39043753 39041302 39034618 39026198 39030418 39036738 39030896 39035944 39034623 39026682 39026025 39032622 
57 39021273 38871183 39039429 39026811 39039638 39026925 39027491 39025540 39026541 39031040 39029881 39045358 39031043 39030053 39023795 39020662 39017731 39036162 39025356 39028458 39030085 39033349 39040066 39028543 39039974 39039357 39032270 39038916 39016616 39026847 39028406 39021216 
58 39020866 38860376 39037099 39038780 39032395 39021125 39034048 39021168 39032745 39034625 39035075 39042921 39027898 39037523 39038993 39035341 39030478 39030262 39033634 39040579 39041005 39025969 39037028 39032226 39031987 39018413 39034916 39026687 39031433 39035404 39026501 39029657 
59 39011387 38874737 39033270 39025318 39027539 39028805 39039871 39032071 39032915 39027687 39032276 39037694 39042920 39034076 39036608 39017926 39042027 39032150 39036086 39034433 39026360 39032284 39045562 39031067 39033955 39039801 39038930 39048769 39038992 39040148 39045602 39022628 
60 39015557 38877472 39036397 39022034 39026188 39028995 39027720 39030603 39025242 39038660 39031472 39036227 39026470 39031180 39042938 39023617 39031221 39034796 39037786 39035633 39023080 39026107 39042782 39032416 39038257 39041470 39031876 39031827 39028384 39033389 39017246 39024216 
61 39012023 38876826 39033711 39029333 39033076 39043755 39028048 39035444 39034456 39013195 39021119 39036570 39030197 39030677 39028964 39024522 39035840 39040366 39039502 39039614 39026941 39032020 39036718 39037800 39039506 39033583 39033803 39030545 39031275 39031550 39041189 39030632 
62 39013647 38875127 39037609 39034769 39024212 39036845 39028988 39036659 39030100 39032929 39038089 39032623 39029839 39032316 39039146 39024660 39029841 39032623 39027955 39031315 39030717 39035749 39033581 39029951 39033840 39036485 39032174 39032329 39036771 39025724 39020736 39032920 
63 39016954 38865756 39032263 39031463 39039871 39030390 39038376 39033459 39043379 39032810 39029442 39035212 39037223 39039993 39032452 39032725 39033107 39039817 39044610 39030523 39041755 39037719 39028748 39035185 39046204 39037688 39038805 39032169 39047122 39036325 39033367 39027761 
64 39033069 38878032 39043273 39023563 39036307 39033356 39038293 39030540 39039331 39040490 39032029 39026290 39039017 39042883 39037657 39032420 39040763 39046275 39045617 39032839 39028020 39047781 39035524 39043744 39029752 39039882 39048177 39029325 39038644 39034288 39029236 39031360 
65 38998162 38866896 39032191 39022789 39041756 39037052 39030764 39027893 39038048 39031391 39040504 39037712 39041009 39049910 39033012 39038570 39029993 39040782 39029226 39034486 39033525 39037092 39046768 39030654 39038805 39045847 39043857 39030703 39029362 39029906 39048510 39034266 
66 39017844 38861769 39028869 39039887 39039524 39030978 39036822 39028285 39033197 39032644 39036703 39031179 39043635 39042205 39027300 39027858 39028389 39038797 39049225 39026447 39028072 39031586 39035029 39028299 39036675 39044803 39040327 39042343 39038168 39042746 39040152 39035426 
67 39025411 38876667 39041644 39031756 39038554 39032729 39026015 39035315 39036121 39033542 39030518 39024972 39036719 39015803 39040294 39045937 39048361 39032505 39030164 39043896 39019816 39031825 39042212 39027196 39035566 39033342 39025863 39036472 39031694 39021821 39037439 39032547 
68 39024086 38875960 39032280 39033886 39046701 39038220 39039306 39035023 39031585 39029925 39034661 39038224 39032445 39028677 39040727 39022165 39042437 39038666 39029796 39035573 39039088 39034550 39030841 39043419 39028290 39038612 39043720 39036725 39034490 39035179 39022751 39028877 
69 39009387 38881248 39038587 39028098 39042671 39034144 39036565 39027494 39028172 39041414 39033547 39042582 39026620 39031169 39038485 39014671 39034392 39035972 39038217 39035233 39035389 39036674 39041603 39038774 39039154 39033663 39043060 39038832 39029660 39038083 39043568 39037926 
70 39015515 38882293 39035693 39030346 39034577 39037194 39042530 39034588 39041559 39039702 39036206 39044802 39036207 39021850 39045805 39025847 39032557 39043797 39040525 39035777 39032034 39033161 39031163 39037187 39034913 39044345 39038829 39037188 39039267 39033929 39033403 39041348 
71 39005346 38876577 39029086 39046835 39032964 39031072 39025455 39035573 39024753 39033329 39037087 39033690 39030759 39033808 39036157 39030900 39031676 39025873 39025081 39040329 39042362 39036441 39046988 39051706 39039665 39044728 39042077 39029588 39046051 39040593 39044195 39030118 
72 39025280 38881289 39031703 39038644 39037922 39041158 39045593 39052861 39025130 39032342 39039338 39038393 39028516 39038235 39035913 39031844 39036991 39042538 39035825 39030082 39034928 39045888 39046934 39042325 39042299 39030315 39039354 39031303 39042551 39045101 39024051 39042902 
73 39013387 38880355 39032275 39022196 39027488 39037766 39030753 39036267 39037121 39042084 39040800 39033225 39035860 39040366 39029835 39031777 39047621 39053242 39027046 39029080 39038430 39034633 39035162 39033484 39033438 39026734 39038008 39042381 39029724 39041123 39036169 39033763 
74 39015637 38879486 39053664 39029939 39036728 39032310 39025044 39024142 39038503 39036949 39041126 39039081 39031898 39035363 39051385 39032930 39044099 39042106 39058865 39037398 39041771 39038159 39029708 39037729 39049051 39035770 39041107 39048031 39034376 39032748 39025124 39037317 
75 39015995 38885597 39035887 39043926 39040268 39040869 39039299 39050542 39036242 39034290 39035374 39032135 39037623 39033917 39032164 39027097 39040915 39038525 39040574 39034731 39028362 39032139 39045198 39045173 39035111 39033994 39035337 39037001 39044084 39039446 39046662 39036156 
76 39029105 38879375 39040096 39030515 39051101 39040625 39033564 39029475 39047071 39036904 39035775 39053104 39043366 39050713 39044238 39029859 39032360 39040131 39040168 39036461 39030937 39039749 39038514 39038895 39041957 39042321 39033942 39029726 39039633 39031333 39019745 39030476 
77 39013999 38875377 39042500 39034519 39037316 39040840 39036179 39033464 39039396 39041222 39037867 39037251 39036254 39032984 39034548 39036621 39036280 39034685 39029921 39048022 39044652 39031099 39031970 39042232 39045006 39035201 39038937 39039837 39038860 39040981 39043508 39048598 
78 39017746 38887161 39031946 39042439 39039731 39034795 39044209 39052918 39035067 39039551 39036747 39036238 39037089 39039897 39049077 39036266 39020541 39034927 39032372 39041766 39041780 39043690 39038346 39036538 39027740 39032051 39038937 39036875 39028859 39036159 39044723 39038393 
79 39011297 38889403 39056273 39045178 39037256 39042725 39030545 39040001 39028571 39032850 39028938 39040286 39025462 39048181 39030793 39020055 39041643 39041199 39039520 39043826 39036652 39035603 39039457 39037009 39032278 39040002 39043741 39039198 39057148 39046803 39059357 39033684 
80 39030368 38873770 39036822 39051904 39020990 39038832 39035636 39040148 39043931 39041968 39030936 39035901 39033551 39038835 39029125 39043388 39045292 39050056 39042217 39040946 39042714 39032123 39035356 39029204 39036973 39039332 39038908 39037435 39036365 39045050 39035740 39043343 
81 39011314 38887838 39047011 39044422 39030025 39034384 39047540 39035814 39044944 39034938 39040642 39039377 39034907 39043401 39036080 39037341 39039180 39054028 39037927 39037270 39034020 39038652 39041033 39046201 39047204 39047690 39035150 39029750 39038074 39041814 39047389 39034180 
82 39012448 38893669 39046804 39047025 39039667 39034048 39037147 39033299 39041446 39044509 39026469 39046892 39036557 39040224 39030526 39051293 39042573 39036944 39035517 39042178 39048392 39037854 39022025 39038956 39029400 39033336 39039641 39037410 39038706 39043830 39030167 39046788 
83 39025867 38888366 39034192 39038365 39045127 39030762 39034370 39035061 39039077 39050658 39028982 39039498 39043243 39041170 39053357 39033895 39038012 39045348 39049709 39041573 39034168 39043373 39042042 39045680 39044157 39038334 39031978 39047676 39038513 39030022 39071736 39036809 
84 39017387 38876534 39041714 39062716 39055399 39044033 39033392 39043846 39044109 39041115 39037524 39026444 39045753 39035357 39041158 39035552 39029592 39043429 39035097 39035905 39050954 39039918 39044899 39035626 39051877 39040178 39041440 39047333 39043175 39041741 39034162 39034348 
85 39024868 38885873 39058728 39050687 39043191 39027787 39037676 39045984 39025586 39034766 39028220 39039090 39056901 39037192 39043461 39036511 39034355 39054178 39048179 39038597 39037517 39029003 39039199 39043106 39042930 39042585 39027114 39043589 39037694 39037214 39056498 39040920 
86 39020980 38889148 39034725 39043444 39042468 39034537 39032914 39045617 39047281 39033217 39033468 39038750 39035994 39051253 39041142 39041324 39033110 39042077 39040299 39039490 39039989 39037719 39039533 39040725 39040998 39041647 39046128 39039068 39034715 39036582 39033622 39039889 
87 39035203 38893135 39034407 39034848 39033261 39039006 39034248 39039640 39033660 39041627 39035975 39034703 39039036 39050552 39034975 39039194 39035423 39048250 39047123 39030691 39035525 39062345 39044417 39046166 39037859 39037661 39047088 39049600 39043857 39031881 39053087 39023922 
88 39015221 38879843 39035915 39052164 39027992 39040294 39041193 39036285 39047226 39044378 39040626 39039091 39032172 39046354 39044027 39036867 39044958 39041099 39044005 39037394 39045812 39042491 39039925 39041173 39023035 39041575 39050295 39029564 39052288 39039957 39036853 39029706 
89 39028867 38888543 39043981 39041214 39039338 39041034 39041712 39037558 39033660 39043127 39043300 39035295 39034989 39034127 39031364 39033527 39035525 39043703 39045888 39052591 39041211 39034064 39039952 39034503 39041178 39038183 39040461 39050749 39033649 39043626 39066398 39031511 
90 39020416 38881606 39051597 39033176 39049713 39034730 39044612 39035492 39035631 39039035 39030028 39044507 39054497 39035374 39048137 39032843 39044438 39035966 39045303 39046740 39041085 39047378 39053383 39037086 39037322 39022995 39041920 39043442 39043892 39045334 39033399 39043208 
91 39032828 38885875 39045965 39040870 39049875 39041986 39044458 39028354 39041119 39041072 39030156 39045283 39050122 39035244 39048595 39048388 39032425 39051272 39057061 39048436 39034274 39041513 39026350 39045353 39038581 39039423 39046166 39043272 39044096 39035900 39052591 39036209 
92 39038074 38895203 39037809 39036664 39047576 39043339 39039242 39040278 39052778 39038972 39041520 39046249 39039051 39049287 39043386 39033805 39044585 39037111 39046783 39053997 39037317 39043460 39043289 39045190 39037331 39037559 39041458 39034319 39047178 39047771 39037553 39037844 
93 39037066 38883870 39050467 39047283 39052451 39046114 39029433 39045322 39043209 39045364 39041867 39047804 39037758 39031817 39048023 39046506 39039533 39049920 39048316 39042213 39036604 39050610 39036970 39049612 39037863 39042958 39035016 39038718 39044060 39037373 39048153 39039904 
94 39034690 38891887 39042847 39040861 39046343 39044266 39034851 39041564 39037754 39043698 39047435 39030242 39038164 39046345 39052362 39037758 39036344 39041096 39040072 39029769 39054842 39041630 39053677 39050419 39051272 39033797 39041325 39043636 39051201 39027620 39029451 39037969 
95 39026454 38892019 39035444 39056373 39041180 39044436 39051835 39036194 39049112 39040148 39035432 39044631 39047306 39052417 39045294 39038946 39043529 39044222 39046900 39059168 39040073 39035435 39043588 39052727 39043147 39040994 39033558 39048763 39043278 39042427 39053409 39038254 
96 39035143 38902065 39048348 39043828 39048427 39038024 39038185 39039342 39040033 39047275 39054163 39036758 39038976 39043076 39052661 39035167 39044546 39044261 39046384 39048267 39040998 39044603 39040409 39043826 39045827 39039960 39049740 39050981 39043543 39042350 39042619 39046218 
97 39031023 38914885 39044081 39051229 39035631 39047923 39042810 39045117 39031634 39047406 39042061 39030860 39042980 39052339 39037658 39029864 39046271 39026890 39041589 39036511 39040014 39042694 39036983 39047158 39052441 39035011 39050402 39044725 39039957 39049229 39050470 39030406 
98 39041998 38881888 39028613 39055227 39042031 39053195 39036018 39047191 39048105 39045117 39035111 39040386 39046484 39040351 39044857 39030461 39046648 39043385 39042965 39048202 39039698 39051848 39042264 39039088 39046720 39041616 39043445 39047304 39043327 39033068 39037441 39039333 
99 39047950 38896335 39045680 39045240 39045405 39039763 39029590 39047532 39045393 39046336 39046121 39049307 39045573 39054668 39028742 39052760 39044859 39040870 39048821 39046340 39051167 39041003 39045345 39043746 39048131 39045455 39040841 39048298 39051798 39031520 39053425 39040930 
100 39049857 38905187 39050921 39041046 39051910 39041873 39049995 39037737 39044262 39050101 39036511 39037966 39034060 39042106 39051181 39030374 39038802 39052731 39044078 39048388 39041772 39044447 39041719 39052262 39054281 39048132 39040450 39039658 39046147 39040469 39033759 39051910 
101 39051094 38896818 39045318 39040063 39049653 39046114 39048957 39051101 39040747 39041936 39046607 39059355 39036883 39056631 39044890 39033886 39039927 39045066 39050185 39044766 39044263 39037447 39049591 39046153 39042517 39041523 39048234 39045346 39048868 39039961 39045260 39034095 
102 39044880 38903707 39046025 39050046 39055814 39043764 39038941 39053071 39049764 39048160 39034270 39034209 39041560 39050890 39043722 39037332 39048579 39048288 39050250 39051018 39044338 39034601 39040735 39045447 39040133 39034989 39044951 39044175 39047828 39032582 39038371 39038406 
103 39038081 38898586 39046604 39035919 39044009 39046666 39055398 39046690 39044434 39046521 39053457 39058836 39046019 39047541 39037616 39034794 39047349 39045144 39049911 39040864 39045028 39042219 39036261 39038592 39037216 39043441 39043233 39035461 39056462 39043121 39054856 39039326 
104 39053119 38898268 39051152 39041126 39053039 39038272 39055081 39040045 39046039 39038534 39047237 39056162 39051606 39055505 39046792 39044486 39048199 39048625 39050486 39053118 39048087 39039516 39039063 39041423 39047971 39038827 39044978 39046999 39042380 39042571 39033453 39041797 
105 39027920 38889269 39039780 39032723 39043900 39046843 39051419 39037279 39046075 39039307 39045512 39048643 39045443 39054517 39057153 39034134 39043380 39036847 39041263 39054754 39035207 39052227 39054744 39038055 39037281 39043361 39049615 39040438 39045741 39046567 39050993 39041131 
106 39052248 38907065 39045186 39034054 39044163 39043211 39040818 39045067 39043552 39046875 39046136 39051944 39042036 39046195 39049159 39055709 39044692 39050134 39052862 39039231 39046769 39049170 39052434 39037665 39056218 39037574 39045208 39045136 39036670 39061636 39038919 39049825 
107 39043616 38901048 39040620 39045838 39034607 39043721 39052005 39046126 39051614 39044991 39052468 39039121 39048792 39041188 39042434 39043494 39042593 39048616 39034476 39034358 39042168 39045533 39049212 39041737 39045707 39045063 39042614 39058383 39046383 39037583 39054033 39044734 
108 39040439 38900605 39046981 39056978 39048568 39043181 39043488 39057822 39057457 39041513 39060143 39033123 39043654 39047379 39055174 39030250 39053694 39045965 39058561 39043809 39046375 39047393 39047346 39045682 39046970 39046769 39039002 39045010 39029267 39043079 39031681 39038223 
109 39051469 38904186 39044893 39041318 39046608 39061409 39047482 39053111 39063686 39048722 39048328 39042496 39045166 39051014 39052395 39039949 39039796 39044122 39038157 39054983 39043670 39054675 39042677 39049707 39032479 39052352 39039976 39049871 39047104 39056633 39061052 39042439 
110 39045475 38896480 39058194 39048519 39047010 39049264 39050399 39053837 39046521 39036493 39047477 39048237 39045082 39041369 39064389 39037959 39042397 39047895 39049728 39048181 39056769 39056041 39057298 39039876 39044752 39050565 39048433 39057361 39039641 39041553 39041350 39041209 
111 39055550 38902233 39052788 39040481 39054793 39044189 39047136 39043644 39041114 39046815 39051668 39041420 39043265 39043135 39042559 39036148 39037228 39047406 39043669 39042938 39051934 39058603 39047069 39043370 39035653 39052254 39049617 39041740 39047545 39046166 39060163 39041096 
112 39063686 38901922 39042318 39053211 39050870 39034891 39034137 39047158 39046219 39046883 39047597 39041583 39039355 39044271 39053695 39035074 39047540 39048976 39042354 39064794 39047027 39053456 39044336 39051756 39045183 39058617 39041748 39037393 39047990 39044802 39052105 39043973 
113 39036820 38911055 39045103 39046504 39042888 39038002 39043170 39038604 39057304 39047896 39059023 39052834 39051803 39040565 39048358 39040448 39051442 39037129 39052966 39052250 39037554 39047644 39043831 39048199 39048342 39049914 39037695 39052930 39049835 39046369 39057411 39040728 
114 39054657 38896397 39042041 39055959 39050086 39039406 39043619 39038320 39047548 39045971 39060435 39050851 39043117 39045483 39043108 39044865 39052265 39050776 39052966 39047569 39060702 39050897 39038280 39048790 39037814 39038859 39038585 39055475 39040635 39042277 39041571 39045678 
115 39040040 38909809 39046074 39056588 39047160 39061712 39045505 39040660 39049351 39056403 39052880 39054146 39046929 39052780 39054782 39040654 39053667 39048040 39059815 39061350 39047402 39049651 39051906 39060359 39034991 39045035 39055360 39052528 39043932 39056122 39057614 39042880 
116 39055098 38894088 39053100 39038117 39055732 39048583 39051023 39042827 39049674 39060678 39049954 39048960 39048634 39051600 39051807 39047099 39049244 39055395 39052524 39039459 39042657 39059779 39044871 39050236 39043077 39042375 39059587 39061545 39052409 39048443 39042295 39051304 
117 39050561 38895948 39059397 39053400 39040906 39039528 39056121 39052938 39053634 39049984 39044878 39047312 39049164 39040185 39054872 39038710 39058368 39046019 39042029 39051874 39051751 39057134 39050964 39054074 39054010 39051882 39042013 39049338 39047765 39053489 39060253 39045958 
118 39054649 38907783 39046123 39039500 39046465 39051452 39054828 39055207 39054489 39047989 39054361 39042061 39050661 39051574 39042777 39053456 39052695 39046199 39035135 39044951 39046331 39050267 39054632 39055260 39055655 39050627 39048365 39035592 39039789 39041909 39045418 39046235 
119 39052392 38903519 39053251 39044500 39054379 39050792 39065531 39058113 39057167 39041511 39046574 39052043 39044789 39046739 39049808 39036460 39044870 39062638 39048159 39052186 39042154 39052909 39058443 39054699 39055645 39047722 39052568 39049025 39045786 39049470 39061827 39035470 
120 39063280 38904183 39046254 39050699 39049341 39054119 39046671 39038264 39057207 39052310 39047576 39052162 39052826 39057286 39049010 39048471 39043406 39044392 39045949 39051634 39052513 39044514 39048810 39051166 39052129 39044571 39048226 39052396 39043244 39050722 39029430 39044292 
121 39051115 38892574 39043253 39052612 39041920 39046438 39051408 39040681 39063076 39060284 39061155 39051974 39054442 39052483 39053098 39040221 39053470 39065587 39057459 39046278 39048137 39055572 39055134 39042662 39042626 39049031 39044845 39047101 39052527 39050364 39055378 39044402 
122 39065062 38901419 39051829 39046194 39056308 39056095 39059818 39047759 39056089 39049761 39057126 39055869 39049103 39048398 39049287 39041972 39041294 39055339 39045901 39051772 39054654 39056627 39049511 39039741 39049364 39049934 39056429 39049436 39046463 39056197 39041368 39040738 
123 39064639 38900318 39069689 39052547 39049317 39049478 39054681 39054684 39045413 39055528 39049525 39049593 39061641 39049531 39056887 39043655 39053743 39056497 39058010 39054258 39047080 39041767 39050574 39055331 39046775 39062381 39054813 39050847 39058968 39041834 39058101 39046195 
124 39063130 38904513 39059936 39052169 39046312 39045168 39050565 39048145 39054333 39053621 39065029 39053998 39073946 39044694 39058142 39039934 39057626 39051222 39041743 39041116 39048961 39036531 39055201 39063808 39052912 39050115 39049436 39050191 39054227 39045742 39043037 39047884 
125 39056373 38908533 39057133 39057180 39050611 39047860 39048689 39049214 39042911 39051873 39044342 39050460 39046660 39047456 39040172 39057148 39054465 39061511 39063365 39047971 39057813 39059180 39052584 39063279 39059589 39051752 39050367 39051753 39047993 39044303 39062407 39039037 
126 39069481 38903769 39058068 39044917 39042016 39053157 39066872 39049147 39053083 39051895 39047730 39052096 39054683 39054282 39049029 39046336 39059435 39045876 39059705 39042365 39041897 39051163 39057772 39051242 39056926 39054614 39061063 39048850 39055923 39053354 39038706 39051268 
127 39045337 38900459 39049371 39044766 39050324 39054571 39053489 39055778 39042227 39051233 39051508 39056697 39054494 39050185 39058674 39044631 39049213 39056551 39052405 39047301 39048201 39049381 39050901 39054460 39053530 39055599 39042478 39054142 39046974 39041023 39059371 39048442 
128 39043151 38917737 39063257 39052450 39061062 39067453 39049447 39051681 39066798 39063874 39055173 39047179 39076598 39062602 39043468 39038977 39053293 39057934 39054778 39048807 39055477 39048450 39062175 39052121 39058226 39050868 39061364 39060695 39065137 39070457 39060314 39056355 
129 38804673 38781997 39052438 39051027 39054145 39060137 39048087 39056312 39052011 39058193 39051458 39051486 39057866 39054767 39047481 39040025 39058639 39049129 39059343 39055603 39059070 39047990 39064184 39056991 39052695 39044826 39050353 39053121 39046340 39047065 39053032 39049986 
130 39120907 38891317 39056191 39043643 39056941 39059568 39057476 39048192 39050791 39044056 39054914 39058844 39056292 39062134 39054200 39049227 39060870 39048514 39052926 39055299 39047536 39053889 39052798 39069954 39051766 39057541 39051854 39053691 39063299 39054630 39049487 39053889 
131 39129077 38900426 39213865 39048173 39051743 39057006 39057515 39060903 39050262 39062372 39052709 39059644 39049492 39051920 39042551 39051406 39055918 39046458 39046634 39044779 39046130 39051991 39034400 39047930 39050526 39050890 39039521 39063807 39054640 39050873 39055958 39044177 
132 39126148 38906372 39050413 39044708 39060610 39056712 39042537 39053698 39053149 39055988 39044749 39040014 39059375 39056989 39053694 39036905 39059978 39050439 39057369 39060512 39047367 39052672 39045547 39054557 39059856 39050199 39058291 39050664 39057040 39046354 39041721 39058149 
133 39121694 38913692 39056367 39050560 39050375 39046390 39055715 39057164 39064939 39060485 39054200 39058832 39067873 39054386 39046890 39052818 39046942 39058136 39046263 39059209 39057230 39056628 39060272 39053759 39048066 39058104 39056017 39052261 39064057 39056678 39051022 39039932 
134 39113874 38924353 39049658 39057924 39068836 39041126 39061403 39056430 39058209 39062695 39042336 39054688 39048129 39052450 39042689 39053967 39052346 39057526 39055645 39055855 39042176 39054441 39063342 39060484 39050391 39049834 39060516 39058142 39053124 39049826 39054630 39045691 
135 39124235 38918700 39066046 39056526 39060857 39060253 39055375 39062677 39060416 39057376 39044965 39057288 39049221 39050397 39047868 39048061 39058075 39059133 39054438 39054815 39061589 39062923 39057110 39054234 39050217 39051703 39056922 39060066 39058062 39051757 39053878 39041604 
136 39123302 38908922 39049594 39049433 39059568 39042164 39057337 39055793 39052229 39063738 39061336 39060723 39054414 39051371 39049529 39043196 39051898 39057201 39059071 39056258 39053925 39065577 39047276 39058310 39061681 39047767 39063624 39045120 39054539 39055832 39049158 39054838 
137 39127698 38920388 39058228 39056790 39065395 39048747 39054316 39057014 39070555 39061724 39056829 39053565 39058878 39062849 39043846 39054891 39055339 39054270 39056360 39064579 39059915 39046576 39052223 39059399 39053077 39057953 39057416 39059771 39066511 39068448 39060000 39047164 
138 39121282 38918834 39058124 39062931 39058567 39058148 39057988 39056316 39051997 39057560 39060017 39054421 39048676 39058946 39060716 39056571 39055583 39047643 39059599 39064717 39063674 39058440 39057712 39063717 39067237 39052093 39053552 39046120 39057242 39060519 39040137 39039542 
139 39120653 38915059 39053284 39051924 39049719 39066323 39080246 39058781 39062651 39058344 39063334 39052785 39059729 39057235 39048492 39060604 39059680 39060779 39058779 39052286 39049550 39064185 39049485 39063313 39055183 39058736 39048345 39045383 39051700 39067243 39057850 39060221 
140 39118733 38917110 39053792 39054050 39055012 39065258 39056934 39061332 39047951 39057889 39059757 39060306 39062824 39059035 39061657 39045660 39057185 39056873 39061914 39056557 39042003 39055273 39051483 39062649 39056685 39060277 39057415 39046369 39053928 39055974 39047421 39045900 
141 39120605 38921725 39056336 39061402 39060095 39063288 39046209 39066008 39058523 39057208 39062080 39055846 39063271 39061943 39057589 39052879 39056868 39053772 39067477 39064086 39059606 39052685 39054908 39061986 39063207 39056803 39045404 39054285 39058896 39061367 39063507 39053486 
142 39125591 38932851 39059433 39056402 39058280 39068818 39067563 39063039 39053010 39049572 39063636 39041287 39060055 39053219 39057117 39052023 39053023 39057787 39061459 39044938 39064654 39061315 39058366 39055898 39063831 39060978 39066451 39044942 39059151 39054958 39043790 39049181 
143 39124656 38920438 39053993 39058450 39057267 39059492 39058861 39058242 39054216 39056016 39056992 39059450 39058062 39062260 39057375 39057510 39052531 39054931 39056600 39054084 39064003 39054113 39059898 39053989 39053787 39066025 39070028 39059690 39058825 39060466 39059862 39050059 
144 39135480 38923803 39069071 39060372 39062990 39065570 39059140 39060275 39069396 39062166 39064992 39049016 39053013 39053591 39070061 39030273 39061566 39052445 39063540 39043781 39065379 39055165 39067090 39041455 39060177 39068118 39051565 39052716 39070097 39062632 39064863 39050842 
145 39112842 38943546 39053350 39058948 39064878 39065097 39070430 39057417 39067975 39065204 39051680 39057673 39061872 39050764 39061639 39049282 39063225 39062363 39056044 39058443 39062150 39067044 39048345 39065962 39059366 39068753 39059024 39059559 39069403 39055766 39068051 39050348 
146 39131116 38914718 39063808 39058642 39052175 39073620 39062064 39056243 39059594 39055740 39060164 39052165 39060107 39053263 39060234 39050931 39064570 39059141 39057439 39064958 39059688 39060160 39063952 39071639 39059007 39053139 39062949 39053687 39071718 39056398 39049072 39057061 
147 39123861 38927927 39072728 39074510 39049565 39062451 39066084 39057844 39064249 39060201 39061824 39049077 39069268 39068690 39051457 39046657 39058208 39055725 39061370 39070982 39047911 39062732 39065132 39058084 39064578 39065285 39057321 39051964 39064630 39061430 39072434 39058578 
148 39128674 38925240 39056443 39057548 39047825 39060698 39057362 39062883 39061776 39069065 39058649 39073283 39053237 39053320 39068321 39062391 39068562 39059038 39053488 39064653 39062860 39049345 39060939 39062651 39050435 39057671 39071555 39058872 39051940 39054999 39060887 39051701 
149 39122288 38928447 39070299 39058422 39063367 39060283 39060367 39055623 39058152 39067844 39061115 39064364 39067937 39062309 39060026 39062267 39055522 39054516 39054733 39056463 39053060 39063070 39043922 39063755 39056974 39059033 39047511 39068161 39053093 39054664 39065295 39041319 
150 39125487 38928466 39049302 39075298 39066358 39050681 39061749 39070230 39059478 39065504 39056864 39065897 39065966 39065775 39057215 39053777 39058384 39060398 39058632 39057967 39069386 39058555 39051367 39053288 39055695 39062387 39074665 39063806 39059598 39057992 39052683 39068419 
151 39125223 38934600 39059093 39042849 39068751 39078077 39059308 39056173 39056686 39054458 39059444 39071932 39068889 39058296 39062913 39050802 39055953 39052373 39062388 39052196 39048488 39057218 39068667 39063776 39064775 39058171 39058201 39071106 39069929 39056510 39051480 39051811 
152 39131481 38921433 39080476 39065769 39065595 39064323 39069804 39067476 39065814 39060662 39057103 39058569 39062983 39056135 39059302 39053319 39060993 39055383 39050782 39048781 39059622 39055736 39064922 39054952 39057651 39065034 39065374 39063339 39059741 39059326 39064311 39066872 
153 39123834 38944812 39060063 39057947 39064021 39066188 39066725 39067378 39063910 39059099 39061280 39067102 39058944 39067428 39059307 39057483 39067725 39054944 39055152 39057764 39059323 39055914 39076994 39053682 39052364 39061845 39060927 39063534 39055414 39066044 39067426 39064031 
154 39130839 38928648 39063270 39070360 39060763 39071191 39065790 39068887 39065293 39065995 39059059 39050888 39056102 39057242 39055947 39056087 39069234 39064374 39064133 39050396 39079324 39058541 39051098 39059046 39065846 39070794 39058543 39064115 39062608 39055896 39049287 39061107 
155 39136636 38939289 39079783 39068950 39052794 39072357 39050045 39049871 39065742 39062565 39057193 39064934 39069689 39061897 39061870 39055182 39074863 39050929 39062383 39070689 39055785 39067992 39056312 39065164 39057024 39070712 39057504 39056562 39064150 39053978 39069007 39048231 
156 39122419 38940144 39065078 39064187 39062112 39060234 39063558 39072345 39064516 39061715 39058976 39054032 39057293 39063363 39062474 39060398 39070107 39072609 39073147 39043281 39074634 39054888 39059684 39052810 39078740 39066326 39068985 39063158 39059586 39060127 39064786 39049452 
157 39139233 38926575 39071567 39068693 39064063 39066855 39069850 39051858 39057168 39067056 39054526 39060670 39057955 39069410 39063766 39048748 39060318 39059439 39070027 39059195 39063423 39058310 39050069 39054928 39064928 39071643 39067382 39056263 39067526 39072535 39079022 39056920 
158 39126193 38936636 39068607 39063111 39065704 39067559 39060753 39071712 39059407 39066245 39060890 39059901 39061930 39075567 39053909 39057066 39055206 39066632 39060392 39074188 39062951 39065635 39056675 39071052 39052544 39061735 39058460 39061293 39069452 39053115 39060203 39059949 
159 39123981 38932741 39073205 39065474 39058259 39062793 39059495 39069621 39067014 39070356 39052125 39067952 39064263 39058841 39059794 39050792 39072493 39061402 39064938 39058749 39065835 39072254 39058504 39060670 39051007 39067188 39063648 39066220 39070692 39053755 39077285 39045579 
160 39129147 38941107 39079379 39078584 39056887 39067215 39071801 39057874 39060928 39064908 39069117 39070985 39055401 39066111 39062491 39058768 39066389 39064147 39073371 39067803 39068724 39071024 39074145 39065337 39075155 39063422 39068192 39069635 39060004 39073480 39044478 39058625 
161 39129246 38948002 39064929 39067109 39070654 39061413 39062368 39066097 39062407 39070959 39058921 39069409 39067587 39066887 39069539 39055248 39070473 39057217 39069282 39062315 39059346 39063412 39063886 39064459 39070900 39066681 39065096 39065559 39067369 39063679 39075758 39061728 
162 39131333 38929936 39069151 39061968 39066006 39065573 39064215 39064692 39062609 39065623 39063623 39069461 39064226 39063888 39071469 39049864 39059557 39071295 39064624 39061430 39071710 39074187 39062264 39071509 39049540 39058202 39063866 39065001 39062359 39061984 39055237 39054914 
163 39142532 38939929 39065199 39071427 39074099 39072918 39066757 39067323 39070374 39064997 39075418 39080989 39058053 39074229 39074499 39060961 39063500 39066353 39071043 39067990 39061923 39045803 39063274 39071189 39074524 39062224 39055434 39062617 39064951 39067075 39071841 39064140 
164 39128205 38936327 39069924 39065291 39064742 39072459 39069725 39065100 39058632 39067433 39069285 39077665 39079435 39074906 39076002 39068136 39065722 39065885 39070043 39064792 39059299 39061029 39078262 39064371 39079651 39060429 39074914 39064326 39073547 39059044 39053040 39055465 
165 39127623 38947470 39074760 39079738 39077104 39078452 39051662 39070082 39070150 39072969 39075756 39068524 39076297 39059439 39071131 39056776 39064431 39068956 39071327 39069131 39062405 39064177 39074831 39064187 39075702 39058367 39062234 39060328 39054880 39075927 39074803 39047616 
166 39124959 38944021 39062266 39073025 39073228 39065394 39076983 39072815 39070933 39060596 39073533 39060783 39064559 39061464 39064607 39062318 39064453 39066359 39069476 39060671 39068172 39071419 39067817 39066906 39069934 39059370 39070239 39056563 39069793 39069198 39062151 39074073 
167 39118141 38952477 39077600 39061897 39080501 39067503 39065028 39066831 39065191 39056503 39072009 39066364 39068808 39064248 39066515 39058944 39064239 39077825 39056298 39070583 39068627 39060681 39082611 39070334 39059615 39075866 39071029 39069591 39068548 39057534 39075819 39058143 
168 39124854 38946946 39060272 39068112 39072032 39064835 39070950 39068575 39080845 39071717 39065070 39070282 39060982 39081505 39061622 39067148 39067609 39061816 39067923 39066960 39067566 39066891 39075914 39076207 39067160 39058119 39070595 39066921 39063175 39054886 39060038 39053413 
169 39130920 38941531 39069394 39068182 39066442 39074932 39072382 39074601 39066355 39067432 39083075 39065850 39068743 39075582 39066933 39058777 39069416 39085527 39062135 39064979 39069880 39056466 39073414 39064702 39071223 39068258 39072239 39070973 39061804 39072435 39074652 39073280 
170 39122239 38947453 39071355 39072705 39068915 39058611 39068139 39070750 39070356 39068723 39065488 39068494 39069849 39081153 39074851 39073723 39069657 39063120 39063878 39072035 39067020 39073702 39063072 39073311 39069054 39080596 39064456 39065365 39064896 39070033 39058828 39071782 
171 39125649 38953181 39067067 39068242 39064215 39069284 39078349 39062940 39074550 39065685 39074952 39066753 39064389 39078919 39073688 39063806 39065013 39075959 39065332 39074416 39073975 39078934 39075364 39059743 39069623 39059093 39059722 39071080 39082369 39076217 39078417 39069299 
172 39119956 39101450 39069362 39067793 39073194 39079865 39069728 39067991 39076625 39079545 39065716 39061213 39066664 39064678 39073474 39074502 39070918 39073475 39075165 39064923 39070342 39072506 39073254 39061872 39081513 39077497 39069306 39063969 39071395 39073169 39070188 39066713 
173 39125366 38952360 39082638 39068443 39074883 39074622 39081720 39070332 39068565 39070846 39071859 39072720 39065699 39077797 39077674 39070429 39073074 39082386 39086110 39074153 39076068 39077810 39073536 39077644 39070800 39070332 39068762 39061885 39067254 39069269 39081385 39053595 
174 39137523 38946128 39073008 39068169 39081489 39065491 39065880 39074207 39066609 39074599 39082690 39080869 39058466 39059823 39067802 39061255 39077398 39058725 39064078 39068556 39080056 39070279 39077888 39072230 39065187 39060344 39067504 39067427 39069141 39078657 39070443 39065790 
175 39122801 38947445 39066366 39074788 39075883 39089240 39064733 39067317 39071744 39071131 39063091 39073189 39087362 39078256 39075879 39059383 39074503 39080988 39081283 39070998 39066733 39077057 39071119 39060133 39079583 39079126 39062350 39062067 39067090 39055871 39071990 39065876 
176 39133484 38937610 39079487 39065867 39078494 39073422 39075599 39078428 39070278 39074790 39077241 39068865 39078431 39076628 39070038 39062753 39079914 39061579 39071409 39084403 39080254 39073807 39072416 39076359 39066353 39077512 39073239 39079320 39071196 39075210 39055799 39073713 
177 39101413 38953324 39073971 39075439 39079417 39072911 39077440 39094424 39058783 39080030 39074106 39076200 39068818 39076152 39084467 39064468 39068911 39088835 39058298 39080881 39068714 39073399 39069542 39068111 39083025 39067586 39077243 39069675 39072358 39078096 39083882 39067074 
178 39124503 38933807 39071818 39064881 39081427 39076979 39075541 39073488 39074057 39077546 39073090 39079025 39068014 39079875 39076379 39066106 39069033 39068190 39064485 39060627 39069528 39063366 39069321 39072942 39078203 39079520 39072999 39072932 39065639 39075547 39063580 39067323 
179 39124106 38951723 39064357 39078860 39076390 39079642 39086443 39081025 39077771 39088707 39083777 39080590 39074634 39069387 39072867 39063764 39079181 39084746 39067081 39072236 39086248 39075841 39081780 39067872 39072332 39049266 39073750 39074376 39067289 39061997 39080448 39069436 
180 39125778 38963303 39078310 39071255 39062705 39074224 39079617 39081487 39077607 39067878 39074143 39084368 39077881 39071308 39079998 39070861 39071927 39078145 39075348 39078565 39077378 39087012 39067275 39073756 39078231 39082211 39068030 39078336 39083747 39081173 39078674 39066459 
181 39116070 38949116 39076828 39082825 39064685 39064775 39082718 39066679 39073680 39062973 39075551 39069634 39073579 39067679 39083602 39072310 39075545 39076575 39072238 39072590 39069732 39083251 39059914 39077541 39073297 39069135 39065571 39069859 39088010 39083123 39067577 39075174 
182 39129150 38962812 39073840 39078124 39066992 39080739 39084833 39079540 39070285 39070385 39080508 39067632 39074386 39073971 39076896 39073997 39074496 39071285 39083054 39078602 39082887 39077867 39076668 39075316 39070648 39072446 39065431 39072803 39075936 39072540 39060609 39065997 
183 39115557 38953256 39075112 39074552 39080488 39075975 39083593 39081200 39078447 39077840 39078146 39085112 39071208 39070734 39082450 39075534 39074223 39067687 39080910 39066206 39067763 39073807 39080728 39078913 39069381 39074825 39073715 39086121 39069630 39075200 39085457 39077578 
184 39117658 38956498 39075078 39084412 39075288 39080081 39083229 39085375 39087807 39073556 39073737 39073008 39074031 39074101 39068495 39071044 39063615 39081056 39079085 39084194 39078493 39069925 39076113 39078992 39081093 39076852 39066049 39085003 39069871 39062009 39071870 39070895 
185 39104736 38951308 39075295 39074939 39082316 39092852 39074970 39085132 39066205 39086675 39079023 39074301 39070922 39090663 39070034 39078075 39080929 39070737 39087866 39072982 39070156 39068471 39086739 39076415 39071100 39069801 39074772 39079023 39075733 39069208 39083910 39068554 
186 39123591 38941493 39077855 39090054 39078995 39087273 39082081 39077369 39078429 39078447 39079142 39073001 39074513 39080801 39071328 39074778 39081801 39066745 39082266 39080079 39075986 39076851 39085626 39087833 39078358 39071589 39084356 39076607 39073818 39078522 39067270 39079000 
187 39119834 38956311 39079591 39084872 39078827 39081357 39076657 39076910 39077875 39072636 39088015 39070796 39084252 39082236 39075212 39064368 39080149 39070408 39074861 39073287 39079151 39082608 39067886 39069170 39075213 39075700 39087277 39068555 39080711 39077198 39085096 39060868 
188 39124598 38954142 39081245 39069841 39086621 39083549 39072079 39085308 39071881 39070192 39085198 39074178 39079565 39078703 39084745 39072700 39074591 39068686 39077818 39077877 39077527 39073603 39084499 39068925 39074080 39079616 39073997 39081641 39078512 39077114 39069651 39066572 
189 39119379 38957714 39075626 39074735 39071178 39089536 39080901 39086345 39073845 39072991 39075836 39090011 39092289 39088698 39074770 39072480 39088323 39069384 39073111 39072422 39069309 39076417 39060766 39076739 39072333 39085632 39070193 39085029 39069105 39075192 39085231 39070535 
190 39112920 38963323 39077387 39080028 39077570 39080286 39083423 39089932 39081842 39090453 39094876 39084193 39070144 39077461 39083495 39062739 39078558 39083391 39081528 39080756 39072929 39079316 39082511 39075874 39080220 39081246 39095303 39085039 39081930 39079129 39071529 39076831 
191 39101617 38950609 39093400 39080148 39094035 39069208 39081451 39088487 39075808 39082050 39089851 39082538 39082643 39088054 39087304 39077487 39073048 39089851 39084827 39075432 39077203 39073628 39072342 39080773 39077953 39072711 39075753 39073190 39086922 39075094 39089998 39072177 
192 39135430 38947355 39091054 39078892 39070939 39091394 39085737 39077055 39081645 39093267 39083746 39073622 39088998 39089449 39080742 39073567 39076926 39077135 39081796 39085493 39087615 39079646 39079882 39083978 39078340 39081365 39068776 39081012 39075104 39080504 39086160 39063029 
193 39096306 38962181 39093317 39079949 39082456 39086874 39096584 39086514 39076265 39075551 39075924 39076100 39080147 39080145 39088866 39081704 39078449 39091464 39083304 39078401 39074333 39084599 39079314 39083731 39082985 39075912 39075379 39072912 39079845 39080317 39082264 39065246 
194 39106959 38954714 39077047 39083944 39077759 39088892 39086273 39090074 39086997 39084897 39081776 39085861 39080811 39084576 39074602 39074390 39082558 39083245 39075447 39086941 39088584 39079387 39083703 39074183 39072828 39076879 39077128 39081685 39077370 39087782 39069257 39085586 
195 39118223 38962177 39085878 39079968 39090831 39093901 39088617 39086024 39081705 39079094 39079332 39078916 39081968 39084976 39084886 39070285 39080443 39078935 39075024 39076002 39066276 39090726 39086369 39084569 39070885 39089746 39087587 39091038 39085550 39081691 39094492 39076187 
196 39114332 38949914 39088313 39081063 39094197 39088463 39085992 39080086 39091766 39083134 39075531 39087692 39093416 39082241 39069040 39071612 39081956 39084014 39075158 39074291 39083433 39073893 39081123 39084413 39085244 39069476 39086383 39083353 39075929 39084343 39066066 39078357 
197 39107249 38965761 39103663 39094483 39081378 39095574 39085888 39085222 39079429 39079711 39084489 39081144 39087897 39092442 39074569 39067822 39083389 39086867 39084967 39084548 39084439 39073950 39081073 39081241 39083488 39080411 39084609 39083260 39076472 39080496 39085822 39066182 
198 39108200 38963481 39087474 39082239 39093768 39095873 39087117 39087325 39086209 39088369 39090781 39080048 39089240 39080710 39088431 39083311 39084022 39089976 39080591 39076454 39084887 39081657 39080207 39088460 39085551 39084177 39084432 39075770 39081083 39088888 39079692 39080024 
199 39100947 38966984 39079817 39089381 39089818 39095231 39078057 39068279 39089664 39087120 39085374 39096293 39088216 39086181 39097087 39071985 39084151 39070867 39088102 39082285 39083232 39090505 39085964 39079490 39087375 39081211 39079376 39086568 39094310 39072045 39097330 39074789 
200 39095426 38947303 39084944 39084990 39086203 39088966 39093107 39087985 39089987 39095417 39081318 39085382 39087656 39086791 39090804 39078315 39088854 39085962 39078987 39090134 39085269 39082274 39084982 39076821 39080322 39087235 39079611 39076145 39088737 39090666 39078666 39067956 
201 39107259 38965788 39087384 39089166 39090335 39085524 39089441 39088088 39090593 39089284 39089847 39082018 39088679 39093009 39097782 39084639 39089738 39084870 39095804 39085544 39077755 39102394 39082062 39078545 39072360 39087611 39083927 39091166 39096055 39087795 39086021 39073124 
202 39106949 38958292 39084001 39095538 39092338 39078814 39096438 39086576 39086918 39085096 39094769 39090791 39086587 39092463 39087184 39081011 39093999 39085059 39077864 39097893 39082438 39073640 39084548 39080097 39086952 39081548 39082428 39092378 39079676 39087012 39073697 39079016 
203 39101476 38957705 39095096 39084434 39100516 39082057 39089768 39090261 39085230 39085436 39092373 39091234 39077992 39080345 39083826 39079884 39086383 39075931 39075571 39090324 39080984 39092705 39078341 39086910 39086656 39087637 39081389 39092374 39082992 39093941 39093378 39078148 
204 39106032 38962567 39092567 39083938 39093359 39088537 39094240 39083698 39084081 39086507 39083756 39105510 39082780 39078437 39089376 39081808 39087249 39081311 39083315 39081336 39090981 39088996 39093939 39080694 39092820 39089294 39093868 39081812 39089315 39092891 39079887 39081002 
205 39097016 38965913 39078555 39082601 39095940 39084947 39074961 39092065 39087606 39091315 39083804 39095963 39093731 39083374 39081502 39088149 39086316 39092620 39084283 39089722 39081289 39092071 39085548 39087488 39087700 39072267 39074527 39091321 39076896 39084912 39093617 39083935 
206 39097308 38976734 39090789 39089663 39089191 39093119 39084589 39085964 39097103 39097314 39091173 39090280 39101875 39086132 39094260 39075518 39082826 39084324 39104112 39085883 39086623 39093767 39100217 39084657 39091506 39087354 39093044 39083231 39078131 39081260 39081747 39084929 
207 39102425 38953648 39089760 39094594 39094544 39105433 39089921 39097872 39099134 39083857 39082154 39100639 39096291 39082571 39098670 39083265 39093777 39086632 39094527 39089801 39083816 39073602 39087491 39092786 39098001 39088317 39093947 39086891 39090214 39083802 39081207 39078742 
208 39104129 38968575 39094378 39104092 39091427 39083616 39094186 39095843 39094134 39085631 39091985 39089585 39089668 39095245 39093875 39085219 39086314 39088971 39082661 39088319 39097901 39089689 39079439 39096501 39100062 39083017 39085968 39097863 39085200 39094084 39075952 39084698 
209 39084586 38981410 39097791 39094168 39090589 39101498 39083563 39088111 39089420 39103722 39105590 39085732 39095977 39085796 39094196 39083723 39096218 39092855 39094388 39091781 39086854 39097778 39083249 39078650 39093381 39095498 39095832 39095462 39081890 39095439 39085933 39084630 
210 39087484 38962767 39085647 39093762 39102407 39107077 39088397 39090512 39099505 39087217 39098140 39091147 39095101 39086047 39095272 39081432 39091615 39097087 39099517 39089378 39091673 39079732 39083707 39096295 39085315 39088264 39095444 39090445 39090279 39080591 39066959 39087692 
211 39085035 38969232 39097998 39108005 39082311 39096575 39087827 39088065 39088881 39090285 39100703 39087497 39084129 39103219 39090178 39075518 39091667 39088363 39097628 39083868 39100133 39088580 39084611 39095039 39088979 39099344 39085384 39095037 39086639 39085687 39091122 39072942 
212 39089897 38970370 39102089 39092704 39086460 39088411 39100604 39105991 39092019 39095211 39098151 39090522 39086736 39090939 39091034 39085900 39086943 39094806 39091820 39106327 39093886 39084933 39086866 39102596 39098234 39089825 39084668 39084841 39090193 39099445 39084162 39082610 
213 39080100 38966148 39097076 39094886 39092014 39100032 39090954 39099191 39099783 39098080 39094492 39096086 39094420 39100909 39091265 39077414 39096330 39092305 39082529 39101669 39090321 39085385 39090882 39080239 39087870 39101734 39084385 39099205 39086018 39096831 39103011 39078208 
214 39083453 38974363 39097816 39097200 39107192 39089583 39098820 39103807 39109824 39099338 39083365 39096798 39089964 39094644 39093502 39078518 39099448 39087674 39092566 39107216 39095882 39094696 39078071 39103060 39088832 39084761 39101465 39090279 39077848 39089448 39091466 39078713 
215 39087640 38954532 39107123 39089661 39108868 39092706 39102189 39090609 39094197 39076392 39098627 39087273 39101510 39099907 39097672 39094196 39094229 39096299 39087900 39095401 39080562 39104623 39082460 39096692 39087112 39086363 39094880 39085994 39093548 39094525 39089277 39073758 
216 39088665 38967290 39095899 39090178 39095668 39101254 39097578 39093651 39103171 39101751 39093418 39094407 39101025 39098652 39090228 39091306 39087575 39082528 39090997 39102051 39096632 39094408 39093995 39091182 39082212 39089116 39094188 39097197 39089967 39094219 39089635 39082322 
217 39061242 38973883 39096849 39095335 39095219 39094185 39096356 39104491 39094765 39091590 39107014 39096396 39101468 39091983 39093178 39090997 39095864 39087401 39091919 39094194 39098870 39089317 39091183 39089155 39095718 39089891 39094205 39081912 39093254 39088741 39101961 39083328 
218 39076692 38969699 39099585 39100170 39098188 39092830 39091139 39095707 39089191 39085415 39098103 39090464 39096010 39084883 39091437 39084333 39088661 39099240 39093310 39103117 39096681 39091474 39102794 39092897 39099496 39100497 39096940 39093753 39083952 39104692 39083772 39083073 
219 39079291 38969799 39101112 39088088 39106183 39098225 39101920 39086780 39087873 39103390 39106793 39101908 39102259 39095294 39088237 39090203 39097440 39094141 39097425 39103038 39096895 39096266 39084377 39096103 39090061 39095449 39091086 39097516 39099047 39094874 39099116 39092334 
220 39060139 38963108 39097190 39102001 39101389 39095774 39097071 39099117 39098634 39103752 39096725 39099856 39101430 39090804 39099660 39101722 39099432 39099946 39099788 39095812 39107530 39100891 39095384 39094578 39094717 39096648 39078179 39104697 39098896 39091746 39100204 39091560 
221 39079907 38972337 39099410 39099600 39090909 39119101 39111576 39101571 39102635 39102029 39093374 39105342 39098205 39095457 39095794 39084070 39100143 39092026 39094202 39112227 39094259 39094519 39092409 39113807 39100657 39081008 39099972 39089068 39095626 39093750 39093572 39090822 
222 39067734 38975188 39107774 39096137 39100280 39102816 39101121 39094202 39096441 39095506 39105913 39103976 39097318 39100286 39100878 39094842 39103526 39097226 39102060 39093336 39103728 39099103 39091568 39096738 39106115 39094843 39104800 39100401 39095644 39095590 39091190 39093542 
223 39062724 38943817 39106004 39102740 39101325 39098335 39105498 39095250 39103079 39093350 39103257 39102405 39097212 39089022 39099691 39100678 39087476 39092762 39103379 39096791 39091306 39094437 39098906 39098236 39102958 39103383 39106207 39096131 39104010 39093026 39100476 39082940 
224 39064043 38967909 39107458 39105664 39107321 39096586 39106201 39103206 39101725 39100840 39111540 39095628 39109090 39100723 39100533 39093629 39088952 39099509 39093364 39094248 39100056 39098035 39088083 39102283 39097005 39101669 39090530 39104946 39094986 39105468 39091260 39992556 
225 39045384 38982976 39095848 39113701 39105862 39107309 39105190 39099611 39103833 39103988 39089201 39097615 39102925 39098531 39096592 39100770 39102623 39111684 39095202 39102969 39105920 39095161 39091139 39103674 39111291 39104966 39093531 39096538 39104012 39098657 39097982 39088882 
226 39071846 38959175 39096874 39112593 39099265 39102725 39102799 39101807 39111715 39098149 39096104 39109345 39100871 39096778 39109893 39086499 39111860 39111833 39103890 39109939 39101142 39105050 39095253 39092528 39102061 39102775 39102839 39109097 39092575 39103904 39092943 39096405 
227 39065093 38977197 39099396 39102160 39096906 39104573 39113133 39100192 39096232 39097342 39097691 39107321 39096056 39107735 39108861 39084759 39096577 39103414 39091213 39090972 39103457 39102197 39113150 39104143 39110904 39093432 39098224 39096809 39091173 39102018 39094632 39097985 
228 39058684 38969238 39097860 39114003 39111542 39110887 39096580 39109748 39105152 39098759 39106347 39108535 39111489 39107629 39104769 39104311 39102722 39106970 39108358 39100463 39105806 39120755 39108769 39099393 39099331 39100184 39099728 39106315 39102507 39103287 39088548 39112595 
229 39044486 38975569 39112678 39120984 39103141 39106456 39100843 39108638 39103107 39092152 39094796 39108741 39099532 39103588 39099216 39101079 39109489 39107115 39105048 39108743 39091579 39093049 39099031 39099317 39111221 39113533 39101414 39091251 39093148 39104060 39095006 39100255 
230 39054279 38976790 39110142 39118144 39105001 39110377 39109404 39099616 39099364 39111722 39110272 39093017 39107679 39102242 39105756 39098678 39100654 39100437 39111638 39101731 39103675 39101093 39095756 39106540 39098259 39100414 39096867 39107860 39093993 39105778 39086092 39095778 
231 39039096 38960744 39104063 39116655 39109719 39113571 39108479 39114245 39120268 39106600 39115881 39104801 39111724 39105251 39101554 39092436 39095349 39110172 39092748 39113114 39101175 39105230 39108089 39105745 39097337 39104511 39108126 39106822 39096914 39102393 39092139 39094423 
232 39033681 38977286 39116476 39107990 39115447 39116362 39099054 39116381 39102906 39104602 39107380 39107984 39108717 39106897 39106994 39100609 39098875 39117931 39105482 39098904 39108646 39097075 39100765 39101297 39112880 39107757 39093366 39108403 39109633 39101897 39091366 39100620 
233 39030507 38980239 39102939 39115213 39118090 39107174 39109708 39123750 39094857 39115324 39118106 39107950 39106070 39102575 39103141 39107078 39103584 39102641 39104742 39104299 39102701 39102459 39106365 39102036 39101942 39112790 39098923 39103002 39099459 39102164 39082934 39108831 
234 39039461 38986608 39109248 39121658 39115701 39113002 39111631 39094480 39099388 39115070 39111622 39110611 39110126 39106667 39112367 39109812 39116441 39103901 39092455 39105753 39099479 39112052 39089305 39104604 39104081 39107931 39111231 39111633 39110572 39103405 39086017 39104106 
235 39034084 38974452 39107081 39121563 39112587 39114211 39106516 39115656 39116893 39120027 39114482 39102728 39111592 39107975 39101839 39096679 39102262 39088273 39121699 39108273 39106912 39099015 39103919 39097287 39104630 39098458 39101220 39109587 39106946 39104934 39089936 39104726 
236 39016075 38978580 39112753 39119848 39100135 39107731 39125595 39108084 39112458 39121044 39113562 39112922 39116086 39099303 39105225 39112214 39120288 39101153 39093404 39106156 39102255 39109319 39105445 39110459 39095690 39110204 39096925 39094328 39111364 39096954 39095127 39109877 
237 39024167 38997773 39114814 39117295 39102679 39105757 39124651 39108055 39111739 39116358 39113787 39127533 39101095 39098711 39108453 39100295 39117862 39111722 39098849 39104888 39108719 39106129 39106181 39099785 39115511 39103519 39101546 39103151 39105243 39114316 39094899 39108232 
238 39013581 38990801 39114766 39107761 39110933 39100471 39112442 39111960 39108366 39111385 39118575 39110048 39106384 39119229 39105646 39101056 39097035 39115349 39100252 39110053 39106660 39103180 39103911 39099731 39102332 39096576 39104134 39113625 39115075 39101295 39097341 39123743 
239 39029359 38979208 39108522 39118260 39120815 39109335 39109236 39114244 39113977 39111702 39114494 39110683 39123342 39123220 39109623 39108646 39113651 39115821 39103845 39115610 39109902 39109378 39115585 39105321 39110378 39101722 39108086 39107964 39104906 39108921 39102296 39112684 
240 39026962 38970887 39122376 39123540 39110533 39117831 39113886 39118521 39115921 39111108 39121152 39103615 39109420 39112786 39106803 40454370 39119120 39115658 39118342 39114423 39122323 39121311 39103980 39107499 39106775 39102257 39109825 39118415 39111880 39103411 39116182 39116427 
241 38999471 38996568 39123421 39109836 39117084 39121659 39120794 39111269 39113878 39103854 39114612 39103031 39113050 39111846 39107594 39122644 39109101 39111397 39114458 39099668 39112934 39121177 39106002 39108027 39109847 39101129 39111071 39125925 39112106 39109868 39116825 39119424 
242 39015303 38975587 39094292 39119321 39109420 39107041 39113406 39118029 39117436 39099285 39119395 39105705 39109225 39103494 39124591 39112783 39114699 39114638 39109176 39114367 39117663 39109620 39110967 39119516 39114770 39109663 39111548 39117583 39103881 39117432 39115547 39119051 
243 39000540 38977834 39114715 39115338 39120610 39118880 39106356 39109878 39112241 39116808 39121660 39112675 39119756 39109287 39118013 39114318 39123510 39126180 39119296 39099622 39120094 39106677 39120766 39114773 39111078 39116750 39096296 39114890 39103619 39108683 39107947 39110587 
244 39005183 38971936 39129676 39118197 39114587 39108866 39112277 39126654 39120921 39126420 39118497 39108195 39112831 39113058 39098757 39116206 39100599 39112139 39104278 39109858 39124335 39117471 39118238 39108289 39123932 39105957 39107640 39112297 39109957 39123287 39117606 39116505 
245 39004158 38981036 39112361 39116642 39107851 39122264 39123495 39111625 39104596 39109537 39112424 39105491 39121042 39115219 39107102 39113472 39112605 39113921 39119013 39133212 39114225 39117147 39110228 39117388 39102088 39112626 39114531 39101214 39107272 39114679 39111747 39121635 
246 39008125 38975472 39121287 39126737 39111628 39124670 39125622 39119135 39116837 39127336 39113257 39121698 39111528 39111306 39116412 39133429 39116711 39115425 39122939 39110857 39097372 39109286 39112745 39109284 39117253 39125845 39125061 39116150 39107696 39116947 39108168 39126610 
247 38993825 38973300 39125885 39114037 39117004 39113763 39116562 39116509 39115543 39120776 39114929 39115811 39122183 39114501 39121373 39122631 39137736 39118276 39116915 39115047 39112760 39125058 39096435 39110160 39109319 39111367 39119363 39106242 39119373 39103125 39101145 39106899 
248 38999561 38980730 39115210 39131821 39125422 39118459 39122304 39125557 39138549 39106080 39105018 39120565 39124961 39102018 39121939 39126737 39121458 39122285 39112849 39119567 39115281 39101871 39112472 39137278 39111279 39110997 39123934 39128680 39102498 39113913 39119114 39113544 
249 38984550 38974313 39127795 39115307 39123490 39115935 39122301 39129840 39120993 39109443 39120553 39121096 39112709 39124029 39109063 39124905 39121061 39110966 39129722 39101357 39117271 39124250 39125917 39131284 39112837 39116487 39097356 39110820 39117256 39113746 39112022 39106313 
250 38986441 38976559 39121045 39124469 39129181 39121400 39116608 39114237 39133636 39121943 39124594 39122388 39121561 39115696 39115675 39129528 39136808 39110749 39125068 39127533 39116609 39113497 39124169 39112615 39111706 39107495 39112641 39111864 39117722 39123021 39125021 39118758 
251 38985503 38980360 39121116 39114869 39135300 39120841 39119551 39121005 39126943 39124121 39118543 39117695 39110284 39121823 39115347 39121064 39118059 39108535 39118819 39125420 39115294 39114512 39115071 39121420 39124105 39138206 39106277 39120432 39114699 39109474 39129044 39113091 
252 38984008 38986060 39122232 39126408 39117423 39126199 39133097 39125059 39126799 39132291 39125672 39131707 39119467 39126129 39115344 39128353 39121884 39129280 39119788 39117481 39120057 39120965 39128453 39116104 39131681 39112260 39102860 39119045 39116026 39121276 39125861 39125084 
253 38972134 38992486 39130852 39120604 39123887 39141990 39130876 39138915 39127112 39119313 39123356 39114907 39132367 39132338 39128821 39130423 39114799 39133192 39131762 39122204 39120934 39118492 39118758 39125737 39121853 39117147 39128431 39130525 39116091 39113212 39127120 39122653 
254 38965217 39001123 39136946 39119615 39116065 39116264 39139689 39124680 39124965 39113810 39136031 39121895 39123326 39126218 39110600 39125676 39120643 39117092 39113625 39115677 39132106 39122358 39126111 39120615 39114313 39124679 39123748 39110044 39117619 39121489 39124803 39117374 
255 38966532 38991352 39128980 39142161 39128458 39128957 39128144 39124859 39122573 39124366 39128002 39119465 39130263 39135577 39119757 39135586 39118442 39113341 39119056 39123260 39128264 39118883 39122518 39124724 39118381 39121421 39117703 39120088 39129556 39124395 39134634 39118539 