n P1 P2 P3 P4 P5 P6 P7 P8 P9 P10 P11 P12 P13 P14 P15 P16 P17 P18 P19 P20 P21 P22 P23 P24 P25 P26 P27 P28 P29 P30 P31 P32 
0 38947298 78164621 39116965 39254137 39271850 39259008 39259449 39255189 39257394 39258326 39245622 39245376 39255259 39254307 39254268 39256746 39250157 39239365 39242474 39247313 39246236 39241340 39246135 39230695 39235492 39244505 39242694 39236814 39225169 39232307 39218475 39221808 
1 39045166 38756972 39062732 39041107 39045537 39036392 39048317 39051715 39031939 39051052 39048152 39050473 39042325 39049068 39049028 39035224 39050607 39038316 39040549 39047181 39045101 39041851 39041572 39029855 39039418 39045262 39035815 39041831 39050169 39051387 39044177 39037164 
2 39073649 38554144 39027552 39180601 39044118 39042578 39040815 39039508 39055817 39047608 39045969 39050878 39050136 39049181 39047803 39038480 39041920 39036695 39043052 39043183 39047135 39039926 39052079 39045696 39031164 39048146 39040203 39033632 39045252 39038160 39052491 39041198 
3 39099297 38805746 39109173 39038967 39040384 39045755 39039672 39051445 39037899 39052189 39048475 39043094 39058260 39036688 39036121 39037525 39049055 39039926 39043604 39036032 39039598 39038951 39046046 39039037 39048225 39047436 39037767 39038526 39042507 39042797 39046218 39041947 
4 39104943 38796083 39016442 39253463 39036684 39046700 39060200 39050770 39054690 39050237 39053640 39041578 39046729 39041243 39042091 39036995 39051615 39040999 39048263 39047114 39044762 39046176 39035490 39049702 39046896 39048649 39052103 39047877 39045962 39052877 39047611 39034500 
5 39100138 38800213 39028683 39011081 39295176 39033525 39045295 39036357 39051244 39038640 39055628 39044085 39037353 39039447 39051292 39040945 39042154 39042224 39046993 39030726 39043298 39046530 39046371 39044926 39052051 39036288 39045501 39049618 39046516 39060646 39051853 39034516 
6 39100558 38812779 39024355 39015195 39018008 39306950 39038858 39045787 39040451 39048979 39036295 39052452 39043110 39046609 39042856 39043131 39050331 39036730 39049108 39053013 39038000 39048771 39047951 39030807 39051211 39044156 39047897 39044521 39060279 39040095 39052325 39054662 
7 39086733 38812844 39017621 39021844 39014208 39016447 39297878 39037883 39062836 39042122 39032526 39032221 39031323 39047303 39054655 39045826 39052372 39035646 39056734 39040107 39045345 39052063 39042512 39035949 39051205 39047394 39049322 39045870 39044046 39055999 39044577 39035435 
8 39095279 38817960 39025833 39004185 39033318 39015018 39023233 39306716 39033494 39049788 39045998 39041515 39044103 39047164 39046609 39052382 39054072 39043358 39042043 39039701 39049374 39043555 39054896 39041597 39051774 39045253 39048892 39039820 39044549 39039987 39042638 39041309 
9 39075061 38816665 39031111 39022299 39019128 39017480 39015701 39026959 39298451 39037832 39040054 39036573 39047219 39053198 39047568 39059288 39042469 39048660 39043241 39051955 39040219 39032801 39051707 39045450 39047733 39059043 39041564 39052954 39047222 39046224 39045247 39045635 
10 39070612 38802091 39018460 39021490 39026225 39016789 39027039 39026573 39016257 39283939 39040315 39044908 39039591 39042502 39047145 39032719 39048705 39049316 39046976 39033332 39048045 39046102 39054994 39042129 39051320 39050047 39049084 39049296 39044190 39050868 39046357 39049097 
11 39084268 38820443 39031081 39027348 39018022 39026909 39018157 39018796 39033301 39021122 39288125 39047051 39047577 39045550 39046214 39049902 39039231 39043205 39042863 39035445 39049504 39042905 39033432 39045235 39039802 39051815 39039853 39044841 39042648 39041261 39053202 39046474 
12 39085044 38810038 39022618 39026113 39026110 39029807 39014181 39023655 39019892 39023828 39022489 39286048 39042724 39051470 39042078 39038101 39045476 39052519 39044773 39053009 39043160 39046662 39036648 39049605 39051127 39049704 39046697 39054935 39044407 39055977 39045841 39039816 
13 39081525 38822394 39024730 39023994 39027255 39024995 39035643 39027147 39022736 39035399 39023234 39020249 39286766 39035876 39062345 39049802 39034437 39055837 39034472 39055247 39050527 39046774 39039259 39047182 39044086 39039290 39058150 39044527 39049912 39041937 39047212 39038505 
14 39064611 38816822 39022380 39021563 39008479 39033148 39020217 39026563 39018944 39025883 39022916 39008694 39025554 39271559 39041175 39056908 39045153 39052197 39050728 39036300 39052771 39041949 39046928 39043172 39040042 39047455 39038770 39042958 39047765 39044441 39051595 39054978 
15 39064862 38821628 39016886 39024472 39016540 39015256 39010237 39017733 39026125 39014539 39018124 39023001 39027754 39018749 39274571 39041076 39044118 39059761 39048358 39050304 39039370 39050094 39045483 39041436 39038139 39049390 39055316 39054378 39037546 39041542 39037835 39045305 
16 39074662 38814958 39030922 39026331 39016517 39025843 39018958 39029297 39029470 39026887 39020205 39027776 39012611 39026378 39021692 39239552 39041327 39048677 39053510 39036035 39056393 39046142 39056200 39040404 39044350 39048183 39051971 39043511 39044843 39040148 39046412 39069261 
17 39058395 38833051 39026362 39030420 39026416 39016978 39018884 39020121 39018878 39017959 39025220 39020661 39028868 39023220 39025461 39028794 39265953 39054051 39038054 39048886 39055057 39039396 39045673 39049301 39040506 39037696 39047266 39051252 39035586 39045742 39048406 39051402 
18 39058466 38823440 39017103 39017294 39027352 39027653 39026743 39014147 39028411 39011810 39020293 39025199 39022308 39025938 39016524 39010267 39025294 39264538 39039490 39042387 39057323 39051511 39052703 39058149 39048545 39063224 39041294 39046573 39046010 39043154 39049978 39038392 
19 39056134 38828894 39033288 39017635 39029495 39021929 39022029 39024568 39030151 39017415 39020504 39032188 39019499 39024530 39030577 39014190 39025022 39026793 39271643 39027917 39052459 39049130 39055361 39041711 39038679 39051774 39052779 39053960 39046380 39041195 39042683 39053886 
20 39051359 38825747 39016517 39029907 39035219 39023522 39022288 39027858 39027251 39027768 39024959 39016223 39030561 39034566 39021031 39026336 39021759 39022419 39027099 39266559 39038882 39047112 39053091 39045755 39046063 39048086 39051791 39038515 39055837 39040631 39046533 39044673 
21 39049298 38825713 39023436 39022583 39024556 39018278 39020717 39025109 39026034 39033652 39023751 39016000 39019819 39027372 39014859 39018348 39018787 39028527 39021245 39024665 39258617 39036540 39047851 39042913 39047498 39053046 39050148 39048886 39056855 39057318 39049922 39044847 
22 39048239 38828103 39030866 39025314 39014820 39024187 39028485 39023834 39031598 39028684 39016301 39029247 39019703 39026869 39029458 39017199 39019985 39023575 39019343 39018000 39032162 39263943 39043516 39059584 39041237 39048199 39051745 39041101 39053048 39044480 39041788 39043022 
23 39045599 38836671 39023938 39030887 39032308 39018234 39017794 39028967 39023102 39016733 39024572 39020950 39022391 39005619 39022514 39003729 39022791 39029493 39026899 39030305 39021927 39025641 39258090 39038536 39059046 39041999 39049688 39042061 39050905 39044481 39055083 39049312 
24 39046519 38833484 39039598 39022951 39023686 39026866 39021028 39014786 39029502 39026297 39024600 39022057 39019361 39020429 39029356 39017559 39021862 39027698 39030042 39017637 39024729 39027248 39030183 39245966 39046352 39051999 39044222 39038536 39058555 39049380 39037191 39049646 
25 39049257 38839509 39032838 39030224 39025858 39023123 39020924 39026568 39034297 39024282 39021581 39011856 39006868 39029221 39021012 39026583 39019570 39021710 39011224 39015601 39023928 39022404 39023059 39022773 39249897 39036193 39045857 39051083 39040694 39060888 39045359 39044736 
26 39037728 38839988 39028762 39026619 39022343 39023088 39024923 39035374 39025193 39031914 39023823 39019384 39021545 39030937 39024547 39021325 39028092 39022612 39028575 39027400 39032461 39030863 39031684 39027642 39021565 39235115 39055693 39047069 39047398 39046778 39044573 39060651 
27 39036833 38829066 39032995 39025695 39032083 39029414 39022889 39034790 39019312 39030553 39034219 39019848 39026819 39040349 39036476 39019668 39029936 39028773 39018931 39028706 39027906 39022632 39026121 39022892 39020979 39037093 39240039 39047204 39046190 39059141 39050534 39053385 
28 39025253 38820709 39025861 39027426 39022391 39019755 39027142 39023724 39023188 39020612 39020218 39030548 39020567 39030857 39016835 39017083 39034598 39025039 39022674 39025501 39023720 39016911 39022751 39036294 39022136 39031604 39031713 39225039 39036016 39050702 39052639 39048605 
29 39035583 38846046 39043013 39023294 39037347 39027031 39020015 39027929 39032325 39030008 39029441 39020768 39028409 39029494 39032957 39028620 39011378 39028915 39026992 39040391 39031627 39009748 39014224 39027312 39028226 39021563 39033305 39024909 39245625 39046951 39050897 39059733 
30 39040963 38850371 39024205 39020109 39028541 39030572 39028386 39033796 39028427 39037600 39026677 39021237 39027257 39024228 39019720 39014577 39026739 39016944 39022981 39027473 39014838 39035637 39028263 39029496 39024062 39032692 39021646 39027986 39023262 39229485 39040514 39053832 
31 39043139 38815996 39030784 39014015 39040334 39027438 39034264 39019763 39029396 39028176 39028451 39033165 39029014 39023981 39029770 39013045 39032800 39020256 39030805 39030799 39034583 39028141 39033436 39016697 39015799 39021266 39035277 39034224 39024555 39019603 39238965 39032462 
32 39038769 38847897 39027619 39015254 39028265 39023046 39024189 39020916 39027521 39013260 39023485 39026020 39029571 39021798 39034193 39012457 39032563 39018071 39027972 39039235 39028209 39034220 39017071 39026382 39023083 39032540 39026865 39026188 39020002 39028795 39031203 39211909 
33 39023880 38835029 39020646 39033827 39021001 39036679 39029954 39026286 39028007 39020433 39021835 39029316 39031012 39026828 39025363 39017358 39031089 39026086 39033133 39040634 39028375 39032696 39012736 39027707 39033406 39029084 39037706 39026764 39039611 39022952 39036067 39018072 
34 39030753 38840992 39032237 39027490 39032838 39025337 39025461 39029557 39038546 39013832 39034289 39023038 39027205 39032632 39025263 39023052 39031262 39033936 39020522 39029908 39031091 39033303 39031521 39036367 39018745 39027648 39021255 39026778 39028328 39026047 39023558 39028776 
35 39041825 38853374 39039784 39028376 39023053 39027178 39026997 39037710 39015039 39028854 39026457 39031808 39031543 39016537 39022946 39018785 39036159 39024612 39006023 39040523 39025923 39030506 39028463 39033435 39032982 39022663 39031397 39039018 39018554 39026207 39040188 39015477 
36 39029638 38851295 39019474 39024518 39031332 39028354 39027349 39022797 39022561 39034046 39035597 39034725 39040233 39031571 39040703 39019594 39033007 39028516 39029211 39028279 39035998 39026377 39022154 39027721 39027859 39029266 39022663 39028143 39029211 39020364 39025550 39027369 
37 39017111 38852012 39028295 39027363 39014275 39024947 39034165 39025236 39036429 39035385 39034270 39032138 39019106 39024163 39041816 39036362 39030273 39024208 39025685 39025114 39031581 39033548 39023727 39032659 39022305 39025769 39027181 39041212 39022750 39024886 39033623 39027164 
38 39021848 38856089 39039072 39020452 39024827 39029699 39024353 39040870 39021437 39020214 39028525 39024926 39022176 39035786 39027027 39009835 39031247 39020373 39022231 39029351 39032455 39038143 39035969 39032999 39035850 39039023 39030602 39023311 39030046 39029928 39031214 39019910 
39 39019312 38853653 39035039 39039225 39034531 39037076 39024452 39036242 39033448 39027578 39029535 39031244 39021633 39032145 39023724 39024016 39026020 39030709 39025131 39021690 39024877 39030690 39028667 39024534 39027573 39023430 39031273 39025918 39032049 39027862 39029264 39022973 
40 39028331 38840544 39029489 39031085 39034513 39024510 39030989 39024759 39036127 39027287 39033024 39025381 39030170 39038891 39026642 39018035 39025934 39034600 39018447 39029641 39022414 39017920 39030678 39027613 39020776 39030779 39028293 39032030 39037230 39027264 39008377 39021686 
41 39028334 38852365 39027459 39031598 39028254 39024246 39038400 39027743 39028821 39032696 39032219 39041718 39031303 39024145 39045356 39030947 39036908 39027242 39024535 39032530 39026329 39024565 39026566 39020328 39027731 39037479 39039003 39038601 39020856 39029606 39037185 39022516 
42 39035611 38842396 39023495 39021287 39026291 39032666 39030835 39032487 39024687 39046362 39034014 39013343 39024826 39026347 39030675 39036856 39029796 39025956 39030139 39041976 39026338 39028581 39034940 39036162 39032118 39027270 39027249 39031610 39037194 39033934 39028150 39021754 
43 39012182 38856355 39036473 39029168 39032953 39033170 39028499 39020074 39029830 39037365 39027720 39026721 39021916 39030022 39011464 39027060 39017727 39038658 39026075 39032032 39043922 39035550 39030228 39034803 39031166 39033299 39035307 39042322 39024941 39026658 39024955 39018015 
44 39016164 38854552 39026741 39034813 39028729 39022091 39028687 39031407 39022198 39027272 39027361 39023568 39032927 39027665 39035567 39030073 39020444 39022294 39027349 39037136 39026671 39035130 39030166 39026266 39034648 39034106 39028897 39022804 39025741 39026366 39026268 39022955 
45 39019722 38851467 39030876 39029784 39023464 39026744 39039039 39026283 39031591 39024621 39037128 39039273 39033224 39032551 39020154 39033069 39034804 39027914 39025130 39030356 39024693 39027446 39030521 39033671 39031220 39032399 39041907 39018800 39032701 39037339 39040353 39033968 
46 39011554 38853955 39028400 39038264 39021106 39022320 39036699 39037849 39029262 39021074 39029427 39023948 39038233 39039357 39024297 39026600 39030127 39030073 39036779 39031458 39023659 39029529 39033075 39026539 39030571 39036019 39035277 39012516 39022252 39046363 39009726 39030467 
47 39015299 38860326 39037161 39032286 39028326 39026255 39029255 39027652 39038098 39031911 39041087 39025939 39032280 39030112 39029309 39024490 39034608 39036123 39033058 39038958 39026110 39041113 39041645 39035193 39034404 39025725 39021303 39019747 39035821 39018955 39042230 39028991 
48 39033543 38864532 39022673 39024492 39031187 39027463 39021579 39041291 39026555 39030752 39026825 39030535 39035449 39031757 39041853 39026593 39030988 39036933 39031664 39032223 39034078 39031147 39026046 39035822 39036245 39034209 39049548 39036909 39035713 39038101 39019155 39025130 
49 38994664 38869498 39040900 39035301 39031659 39023658 39032137 39027143 39041431 39031740 39027018 39039049 39029089 39031979 39020322 39032077 39035048 39039635 39031332 39044527 39026477 39035085 39026447 39031266 39042756 39034478 39032141 39042037 39036960 39025265 39035625 39022021 
50 39026023 38860398 39033276 39031465 39021119 39037266 39040946 39032730 39021441 39029157 39022996 39028607 39021246 39031253 39033983 39026927 39032820 39019067 39028848 39024360 39031015 39034206 39029740 39027814 39021758 39029455 39022117 39022698 39036899 39030112 39030219 39025454 
51 39011307 38862441 39035117 39022566 39031724 39036193 39029857 39029188 39036969 39036274 39034826 39033477 39031163 39028511 39033213 39042126 39029674 39022970 39037727 39038803 39042190 39035425 39030933 39037876 39036787 39031680 39048306 39021636 39024318 39036096 39036461 39030623 
52 39006731 38860603 39018961 39025582 39028067 39030849 39029618 39025205 39036939 39032553 39026543 39034308 39029242 39028800 39034464 39014252 39034850 39025558 39022434 39031402 39038883 39038458 39024588 39037463 39032145 39028439 39024932 39010330 39032385 39033840 39032664 39025927 
53 39015519 38866026 39031785 39030907 39039499 39042115 39031420 39044311 39029154 39029352 39034039 39028661 39035176 39029531 39031640 39019163 39023576 39012770 39022078 39035304 39036695 39033613 39027190 39029002 39025575 39027714 39027982 39033164 39026868 39029211 39046446 39018061 
54 39002154 38868280 39035836 39032035 39030203 39033569 39036305 39030165 39026765 39048914 39038478 39036799 39035995 39031342 39043030 39023771 39039245 39030137 39022622 39031774 39032205 39034312 39029497 39033615 39032260 39040131 39017189 39034769 39043481 39034635 39034482 39030465 
55 39005128 38866596 39030780 39028514 39028658 39027780 39038941 39039987 39034593 39035868 39039088 39030420 39032505 39031941 39028863 39029470 39035087 39019364 39028263 39035459 39028578 39039266 39030308 39023010 39047633 39037480 39033939 39029796 39034639 39046372 39037321 39030035 
56 39014773 38869964 39044917 39030232 39034520 39030881 39025158 39036545 39034703 39039742 39027748 39020095 39037299 39033329 39032221 39027102 39032366 39017539 39032225 39024171 39033941 39041170 39036589 39029399 39036907 39037821 39035185 39026336 39049047 39019377 39032882 39022817 
57 39023285 38875070 39032206 39041607 39034955 39028808 39038788 39033989 39022566 39035253 39040334 39047833 39028536 39035115 39026282 39011460 39022096 39040295 39038910 39022852 39025536 39035183 39034317 39031450 39032533 39025236 39024076 39040152 39019940 39029255 39040903 39018453 
58 39017954 38871472 39039244 39029273 39028075 39010877 39033881 39023066 39030634 39025190 39036921 39031662 39023971 39031768 39043268 39033957 39035026 39031745 39030999 39041096 39040261 39028526 39034301 39028973 39025349 39030205 39035053 39028428 39038052 39041791 39021948 39036782 
59 39023756 38861824 39032305 39033038 39026193 39040547 39039024 39027690 39032423 39032249 39039914 39030549 39035744 39032857 39037541 39025797 39038985 39026906 39023892 39035064 39024950 39034035 39028817 39038743 39020763 39038276 39030585 39048240 39039417 39043423 39044844 39033567 
60 39021894 38882595 39031231 39029211 39030990 39027840 39020500 39026184 39032953 39032557 39032863 39030955 39035134 39032934 39033581 39033362 39026698 39031282 39035238 39037410 39030161 39020985 39046914 39024186 39030485 39028232 39033409 39036292 39027738 39035835 39022400 39022136 
61 39016596 38871039 39023262 39034613 39031682 39038337 39031719 39038846 39032703 39013692 39024108 39032808 39026000 39035729 39035233 39030045 39038868 39029148 39038935 39041897 39027675 39025617 39032418 39034919 39029672 39029352 39025972 39026611 39036129 39035095 39054623 39034937 
62 39014203 38859917 39042837 39039771 39036699 39026618 39032831 39035103 39031861 39015654 39039760 39033579 39034919 39028910 39042398 39022038 39035391 39032627 39022891 39034201 39031679 39033908 39030956 39035743 39030421 39040660 39041127 39034847 39043200 39035305 39020510 39029216 
63 39013859 38865787 39038490 39030212 39035645 39028670 39041944 39032964 39034692 39037427 39037778 39039977 39032951 39037506 39035461 39041664 39039256 39031530 39037322 39035206 39027369 39042293 39033498 39031870 39042990 39051879 39046885 39026074 39041599 39030403 39040002 39022099 
64 39034646 38868664 39039882 39030070 39042359 39041666 39031703 39036884 39031573 39031094 39027512 39021341 39029866 39033773 39044594 39032424 39028743 39045702 39044326 39037535 39023008 39037843 39034052 39040330 39026291 39041991 39040830 39025696 39037625 39039682 39024735 39040472 
65 39015795 38877556 39034380 39024875 39029178 39032908 39032976 39026068 39038602 39029788 39031981 39040257 39048452 39032379 39029859 39031182 39030757 39029257 39032901 39038644 39034628 39038397 39043716 39030881 39033113 39042793 39041255 39027318 39033158 39035636 39046829 39018652 
66 39020984 38868194 39031267 39031812 39030229 39040331 39033921 39023849 39029517 39034697 39040875 39032135 39034863 39037474 39028062 39027285 39039411 39040330 39039417 39036609 39034343 39027416 39040862 39028518 39037642 39037803 39034389 39029920 39026816 39041034 39037849 39039228 
67 39035225 38881459 39041456 39036069 39032650 39028376 39023679 39028114 39039600 39028072 39043126 39034115 39039024 39032020 39029325 39038402 39036784 39030896 39036169 39035190 39039350 39035378 39027820 39030275 39031781 39037179 39034675 39039491 39022273 39025089 39038856 39036664 
68 39023515 38877183 39042405 39040245 39041800 39026832 39039416 39024282 39039072 39040525 39038091 39034057 39031411 39025202 39045133 39025881 39032120 39039504 39048576 39040788 39041299 39023485 39036104 39041671 39038308 39033279 39041864 39037186 39039189 39028779 39029247 39030274 
69 39018280 38885986 39031222 39029691 39032341 39027938 39030600 39028421 39036876 39046291 39028061 39036224 39034667 39038609 39038160 39028943 39033779 39035302 39037613 39037227 39038540 39033734 39036868 39038254 39040385 39028023 39041756 39039270 39025261 39030893 39031179 39035127 
70 39014627 38880459 39036288 39045355 39038908 39037365 39036483 39022751 39039608 39039711 39036801 39033706 39036210 39022693 39040078 39026991 39034694 39046985 39034803 39029135 39038750 39031956 39038339 39036685 39027835 39053535 39032440 39033645 39033079 39029892 39035681 39038166 
71 39010396 38892780 39031849 39038314 39042113 39033803 39027290 39034518 39023859 39032430 39035815 39032423 39037306 39028553 39042532 39037243 39040201 39033263 39024627 39036414 39043835 39035458 39045249 39054772 39045268 39035454 39045682 39034100 39035197 39051204 39048080 39020932 
72 39027644 38878639 39032649 39031442 39041630 39043784 39043485 39045964 39024233 39039153 39034336 39035893 39040592 39039505 39041716 39019554 39041881 39041705 39039346 39031603 39033031 39050794 39044016 39032016 39044041 39025388 39045622 39030789 39041491 39039480 39025641 39036114 
73 39022786 38879642 39040274 39031677 39032528 39044302 39033170 39042651 39040710 39033405 39045544 39040935 39038690 39045429 39036243 39029218 39042580 39037728 39041759 39044675 39035142 39038238 39036667 39039783 39038941 39032862 39028246 39042302 39024989 39036436 39035920 39044922 
74 39027993 38877169 39047097 39026860 39035263 39031121 39029229 39029777 39029731 39039561 39036054 39041895 39035021 39033055 39048319 39031571 39038069 39046260 39047511 39042816 39044547 39036490 39022770 39038952 39038479 39040588 39038460 39040111 39040056 39033866 39027897 39042691 
75 39018250 38888337 39034645 39042399 39048199 39031530 39039978 39045720 39041567 39044756 39031419 39037709 39039523 39040441 39036970 39030714 39029081 39044708 39044086 39036402 39043289 39031767 39043611 39047292 39033045 39025017 39035338 39031349 39038420 39034532 39039860 39031759 
76 39026896 38886326 39043348 39028360 39050188 39040279 39029744 39032603 39039513 39035626 39039037 39045206 39044107 39039345 39039610 39030851 39032959 39034104 39036554 39034999 39037741 39035164 39040531 39033145 39038738 39033464 39030934 39030903 39032541 39032087 39023494 39033067 
77 39019178 38879829 39040927 39030803 39030343 39042203 39033553 39032597 39046029 39034555 39038835 39040286 39037975 39029753 39039140 39028798 39037219 39043781 39027864 39051689 39042282 39039168 39029734 39039799 39042217 39031640 39054350 39037595 39047501 39038651 39040758 39044320 
78 39029161 38882535 39045168 39039912 39045924 39031008 39044749 39044754 39035209 39033786 39026496 39031394 39031120 39043899 39044221 39037039 39033438 39042727 39043689 39032240 39040165 39037193 39040751 39034298 39034139 39045001 39042277 39034798 39033962 39041236 39040656 39042948 
79 39010221 38882224 39056454 39029340 39034272 39029548 39036174 39034311 39042206 39031390 39037024 39035273 39032484 39042453 39034954 39026334 39032492 39030818 39044241 39036831 39029534 39044127 39032685 39028457 39035991 39030786 39044182 39044722 39052608 39050797 39035951 39037127 
80 39036761 38881849 39030504 39045977 39026464 39031376 39044414 39040298 39041036 39039513 39021075 39031549 39026753 39038025 39036010 39037734 39048822 39036943 39047670 39024792 39039267 39038354 39025875 39031404 39038248 39045353 39039069 39043504 39042997 39038412 39036410 39041471 
81 39015662 38880908 39047655 39039513 39035427 39042860 39043014 39036161 39046208 39037806 39043589 39037147 39041036 39046276 39026806 39041244 39044739 39046522 39033176 39038190 39034670 39044068 39041247 39040154 39035465 39048274 39028032 39037513 39038246 39037383 39048500 39034152 
82 39020919 38890227 39038556 39033654 39042829 39033837 39046469 39034681 39029920 39035943 39028427 39039252 39029625 39037769 39038822 39044725 39036119 39037566 39040837 39036927 39048428 39045693 39035751 39045206 39041293 39041135 39045698 39030291 39035570 39045004 39034312 39044372 
83 39023424 38893171 39042395 39047863 39034720 39040833 39031768 39037005 39041874 39049106 39038989 39040476 39038664 39032037 39045981 39028617 39035230 39046003 39044357 39045527 39037095 39050892 39038862 39048456 39037585 39027928 39029137 39044053 39041696 39026609 39059031 39030389 
84 39027182 38877870 39046457 39057305 39049813 39043088 39039909 39035904 39044721 39046346 39035607 39037689 39034972 39040650 39033039 39047971 39033738 39041587 39034849 39040499 39052033 39042482 39035270 39037824 39038206 39031969 39050983 39040626 39040181 39033343 39025915 39022724 
85 39019710 38877570 39052345 39042825 39043895 39027948 39043313 39043944 39033543 39041347 39029902 39031094 39047017 39037766 39040502 39036138 39033822 39047479 39045853 39042750 39038504 39045343 39034026 39036308 39034509 39039469 39029185 39044823 39042596 39043304 39055120 39047656 
86 39022668 38884213 39038635 39043173 39039114 39042560 39036270 39039809 39047274 39044749 39039544 39041883 39037459 39039775 39045042 39033446 39037243 39045005 39034690 39042818 39035545 39039954 39028294 39043847 39037978 39032196 39035934 39030197 39039779 39040546 39024386 39038983 
87 39016898 38894995 39046268 39038770 39035648 39039060 39040920 39034507 39039118 39044499 39037914 39041528 39044091 39056136 39034053 39042614 39042198 39033440 39047283 39036810 39038773 39056144 39039197 39029570 39034855 39045180 39049206 39051967 39042350 39036216 39046940 39024926 
88 39024376 38879085 39036977 39049448 39034698 39042055 39046292 39039376 39049712 39039686 39054019 39028500 39038101 39028516 39038653 39041575 39045677 39033050 39042348 39042736 39040043 39040387 39036393 39039416 39031951 39037230 39051033 39033436 39052728 39039750 39037120 39033270 
89 39029975 38888969 39027621 39043304 39046839 39038579 39050456 39044694 39035541 39049130 39053633 39031574 39036897 39044410 39033231 39035147 39035148 39049317 39035996 39037629 39048130 39032014 39040299 39037095 39043087 39040451 39035921 39042093 39039446 39047866 39061654 39037109 
90 39032349 38894402 39044142 39036358 39054920 39033388 39044477 39029637 39039508 39038454 39037780 39042392 39055452 39038626 39055751 39031356 39041304 39036325 39049245 39039234 39037781 39035790 39049663 39045146 39045345 39037273 39045260 39038944 39047740 39053912 39031927 39032523 
91 39032740 38883996 39035897 39043789 39040049 39042634 39042676 39038386 39043633 39034859 39028308 39050016 39050324 39030886 39035193 39036400 39041069 39043074 39045634 39042018 39042799 39032695 39039671 39049026 39048684 39036273 39040610 39045772 39035799 39040081 39042036 39036790 
92 39030246 38887586 39038082 39028831 39050729 39037788 39040652 39038871 39042294 39035632 39039880 39051196 39044956 39043466 39048608 39041272 39035322 39043697 39051229 39047541 39039655 39042055 39049161 39044883 39050434 39043104 39042672 39047288 39049164 39049596 39041392 39040627 
93 39039915 38883754 39052435 39042719 39050149 39044290 39032403 39042977 39048840 39044308 39039738 39045681 39045144 39037001 39044927 39045557 39042376 39050994 39055025 39040262 39043945 39055875 39044626 39053050 39036344 39039578 39039494 39035024 39040211 39047712 39046087 39042426 
94 39038514 38898821 39033319 39047798 39050096 39048716 39038357 39041529 39036585 39041642 39056848 39031309 39035683 39041648 39051312 39043274 39038307 39040836 39039861 39044990 39047186 39030251 39050448 39045248 39046958 39033980 39039927 39044367 39051812 39039510 39035005 39031297 
95 39027956 38898889 39032637 39047479 39045087 39054460 39038128 39031144 39047104 39042003 39037073 39040504 39036657 39046062 39047626 39038791 39034041 39039822 39044535 39048511 39039569 39032747 39031889 39049136 39042489 39044002 39038840 39045980 39049457 39047911 39053290 39036673 
96 39031844 38901371 39042861 39041449 39047766 39035813 39040879 39033912 39041271 39046997 39060218 39042805 39053264 39037616 39058492 39032318 39046783 39043261 39049673 39048943 39032826 39047030 39045793 39044686 39056575 39049502 39053906 39053373 39041066 39045173 39037793 39045905 
97 39028050 38917984 39046777 39048473 39027463 39037836 39048053 39042506 39038419 39041433 39037118 39035161 39038882 39047388 39038685 39041158 39045280 39026996 39030120 39046133 39046179 39041428 39040476 39045390 39051851 39048278 39050551 39049294 39035468 39046461 39055069 39041527 
98 39042018 38884883 39031344 39048483 39036885 39044230 39032118 39046018 39053001 39037854 39039159 39044975 39041615 39041116 39046254 39024853 39048103 39045386 39034328 39044737 39041901 39046904 39046498 39047326 39043974 39041522 39055758 39044922 39041523 39024419 39042603 39052875 
99 39055768 38893822 39041114 39045455 39038518 39035767 39039771 39045339 39048497 39037504 39044113 39050934 39042218 39062744 39038439 39037134 39043615 39043394 39058730 39047756 39042166 39032044 39047487 39048028 39051384 39038650 39039050 39043167 39038470 39032923 39057292 39043907 
100 39047464 38900918 39050503 39044286 39049768 39052076 39045902 39040100 39039934 39048401 39042951 39049262 39040357 39036695 39042913 39034632 39039334 39053677 39036717 39051452 39034833 39046422 39040181 39045566 39049367 39044654 39031638 39039395 39048691 39046518 39043058 39039125 
101 39043608 38899386 39039173 39049191 39035679 39047756 39049023 39041410 39035157 39041819 39046409 39053837 39042110 39038688 39040205 39053113 39037981 39051875 39054799 39035104 39052584 39044653 39054552 39046527 39046887 39045692 39041366 39042641 39037223 39039229 39050700 39024000 
102 39045245 38896782 39046404 39048052 39045745 39045086 39037043 39057495 39057269 39037300 39046057 39041707 39057345 39054289 39038638 39032790 39052148 39055090 39053900 39040789 39038522 39040339 39040265 39045418 39050199 39042734 39034723 39056380 39037472 39039101 39038645 39039508 
103 39048126 38893323 39040308 39039893 39044150 39057801 39050840 39051056 39041341 39052985 39055484 39053374 39050834 39048431 39043451 39034108 39055708 39048516 39040350 39034423 39047096 39046843 39031959 39041844 39042152 39047342 39046262 39045300 39045278 39045595 39054707 39032228 
104 39050876 38899336 39049402 39043039 39049702 39032573 39041302 39045296 39039192 39044568 39041084 39057536 39048818 39043239 39044571 39048054 39046436 39043768 39052613 39052665 39048064 39043736 39047993 39036825 39046400 39039318 39050606 39045525 39045982 39041166 39020676 39046248 
105 39035266 38890445 39047742 39039746 39044803 39043585 39039642 39041541 39052508 39052159 39050098 39047020 39048527 39049768 39055239 39033011 39050506 39042080 39029848 39046282 39037567 39050643 39047429 39045169 39050841 39031448 39044441 39045992 39051744 39043108 39046592 39039805 
106 39060125 38897633 39040558 39037681 39038059 39049450 39051099 39043146 39051108 39052837 39051788 39050264 39037579 39047162 39049716 39058153 39047547 39040604 39053583 39047690 39037740 39050312 39048506 39035541 39049756 39047544 39046651 39050913 39045786 39058758 39035310 39041714 
107 39041225 38906253 39047234 39050298 39053539 39056721 39046809 39047026 39051402 39041047 39053257 39043705 39049491 39045196 39046369 39042599 39041053 39043403 39035076 39042238 39040171 39046763 39049423 39047570 39042729 39037766 39041124 39055933 39054884 39041111 39052852 39045429 
108 39035676 38898172 39030000 39054800 39055245 39050971 39043903 39048110 39047863 39046695 39059292 39038863 39048609 39050701 39055093 39023613 39053717 39044404 39051643 39047366 39047427 39052907 39048317 39037566 39053772 39038195 39052418 39039773 39047441 39044839 39041229 39039172 
109 39047786 38901683 39034315 39038099 39047821 39058739 39051566 39050637 39052386 39051840 39049568 39047316 39051174 39053852 39046058 39030026 39044962 39036180 39036913 39048990 39054186 39058359 39045991 39043726 39051948 39051010 39043083 39044975 39047018 39055556 39056865 39042978 
110 39051236 38896644 39054708 39051245 39043286 39049366 39056223 39043488 39041523 39035513 39054808 39052044 39047729 39044046 39060558 39042871 39043996 39050708 39056967 39051359 39041283 39048907 39050306 39043423 39056246 39049675 39035442 39053225 39041086 39035308 39035707 39030287 
111 39059895 38904273 39061569 39036488 39054182 39045893 39046220 39039839 39038580 39052608 39043624 39037118 39046846 39049020 39047889 39041318 39039752 39049346 39050495 39041277 39055464 39055051 39049324 39042070 39041336 39037613 39043578 39049301 39039642 39045288 39057109 39034569 
112 39071393 38895909 39037705 39050577 39045684 39039981 39024303 39041339 39058788 39051447 39040045 39048442 39036774 39039297 39050055 39035425 39050641 39042905 39056554 39054961 39044070 39048119 39053188 39047907 39038946 39053576 39052245 39042038 39052304 39046061 39054312 39039151 
113 39049077 38908597 39044229 39042788 39039263 39040994 39041360 39043338 39047260 39050902 39052086 39049888 39050899 39040066 39049508 39051456 39048837 39038220 39051544 39051066 39035706 39045360 39034738 39046361 39048896 39057879 39049479 39051308 39046970 39038696 39056064 39045729 
114 39054718 38902993 39040440 39051816 39061186 39043083 39045863 39046981 39039008 39048711 39052013 39046872 39047982 39045556 39046525 39046930 39044525 39045344 39051194 39041903 39055227 39049064 39041908 39036811 39035260 39046784 39045548 39055387 39041761 39044960 39037314 39037314 
115 39042759 38912033 39050897 39049248 39052284 39061570 39043864 39036504 39049398 39054608 39042599 39060719 39051889 39050605 39056751 39036347 39051893 39048743 39045791 39063994 39048560 39048403 39053830 39053539 39033882 39045279 39046760 39062316 39047051 39045936 39059967 39039399 
116 39056827 38902440 39058171 39046272 39049430 39051601 39049503 39040863 39043725 39062261 39047242 39049016 39050183 39060825 39050303 39036866 39057232 39050207 39048152 39049436 39059102 39067873 39056377 39046956 39034572 39046736 39058348 39054230 39038327 39047021 39039179 39038272 
117 39061170 38892285 39056290 39060200 39052356 39044528 39062498 39052614 39050972 39053538 39045373 39042131 39054404 39042928 39054266 39050431 39052188 39046559 39046592 39049702 39055050 39049893 39050398 39040823 39054606 39051744 39052600 39060637 39058009 39046081 39061824 39041099 
118 39052761 38905505 39037871 39046841 39058152 39054209 39056724 39043700 39042305 39047721 39051382 39045852 39050003 39053547 39040038 39047994 39047026 39046481 39038232 39054108 39051937 39042507 39049697 39053098 39049149 39044758 39051832 39040652 39033216 39043550 39044738 39042112 
119 39059547 38898646 39055960 39050042 39046558 39043890 39060696 39052258 39053765 39050584 39047300 39050376 39050910 39048079 39054206 39038908 39051204 39056283 39048934 39036423 39033977 39058732 39059168 39048199 39050463 39043873 39055432 39054909 39037777 39049490 39065985 39034633 
120 39055384 38898233 39050006 39047343 39052682 39048157 39050360 39041562 39058693 39043038 39056112 39053488 39055731 39041421 39058192 39051610 39047752 39037248 39042607 39049297 39050906 39044397 39057287 39053990 39048917 39044710 39046689 39047266 39046641 39053531 39039848 39043563 
121 39057187 38906815 39040270 39055229 39046042 39051131 39055707 39040019 39056274 39057362 39054958 39052408 39040421 39057888 39051614 39046599 39058071 39053157 39051867 39044627 39049417 39049694 39061332 39053978 39050893 39053697 39044711 39046309 39042202 39060963 39065824 39040941 
122 39062852 38903720 39047341 39053306 39063185 39048924 39048762 39045073 39060386 39041994 39051268 39054232 39046005 39045985 39045051 39042474 39044499 39049292 39054261 39046745 39052557 39047786 39055511 39049537 39049519 39050350 39040201 39050800 39056741 39049803 39043055 39042216 
123 39064431 38900626 39053818 39057533 39045936 39056627 39057646 39060925 39045088 39053883 39053113 39055862 39057088 39053199 39051735 39044187 39050936 39054180 39054926 39044227 39049477 39038125 39056967 39051026 39050747 39058799 39055044 39043829 39058827 39045895 39050247 39045405 
124 39059479 38901251 39056627 39049851 39046293 39051272 39053895 39055093 39050599 39050197 39059056 39059552 39057931 39054207 39056476 39048791 39049215 39055824 39044119 39051720 39049426 39040898 39054770 39051883 39060089 39048221 39044134 39045099 39055211 39042153 39038585 39057801 
125 39069350 38905514 39053207 39047583 39049798 39048570 39047366 39059223 39054399 39042814 39039318 39044192 39048484 39048265 39038119 39053460 39052559 39051121 39062060 39051586 39053966 39060830 39053521 39057509 39063026 39058494 39048954 39048263 39059042 39045172 39064582 39042874 
126 39056987 38912673 39058007 39049159 39050264 39057984 39065611 39047030 39057920 39054556 39049414 39053357 39055534 39056361 39048493 39052219 39057324 39053405 39056694 39048209 39048313 39054125 39050399 39055113 39049671 39057016 39065755 39056158 39058255 39050738 39035576 39054697 
127 39041642 38900596 39063224 39040588 39052281 39058224 39053942 39052101 39035357 39047795 39057027 39048362 39055925 39063273 39057495 39041808 39061409 39053860 39050741 39056033 39049096 39060517 39040962 39056809 39060349 39051468 39046954 39054595 39052570 39051469 39061831 39055030 
128 39043642 38904218 39064517 39058806 39069971 39067352 39053107 39052099 39056101 39065901 39055838 39052984 39071820 39061202 39047255 39046257 39064838 39055737 39047935 39053757 39056583 39056393 39058513 39049984 39065626 39055024 39051382 39058763 39061772 39061328 39043259 39057988 
129 38810675 38778927 39069194 39059006 39040263 39046642 39045511 39057587 39045140 39054697 39043167 39058733 39053371 39054494 39048182 39045740 39054049 39052670 39058963 39050278 39058158 39046778 39061831 39057926 39062324 39044785 39045522 39050942 39050253 39042358 39053033 39039761 
130 39124628 38896427 39059835 39053444 39058214 39051897 39058465 39056969 39050934 39052756 39056157 39052814 39053962 39049586 39054383 39049702 39065663 39054823 39060748 39057617 39050587 39044792 39062889 39059899 39052367 39053333 39050000 39057284 39056786 39049230 39040696 39053411 
131 39124226 38895877 39214559 39051687 39046598 39050925 39048196 39063258 39048015 39053770 39065337 39056269 39049887 39056041 39052314 39052405 39051002 39045983 39053868 39050796 39048619 39063337 39046991 39054653 39048251 39045848 39043279 39054655 39050011 39054583 39051252 39036834 
132 39130721 38895978 39048806 39049532 39056922 39055677 39051277 39050055 39053074 39051437 39055167 39062577 39057244 39054475 39053521 39032940 39059642 39060939 39049181 39061939 39053882 39059056 39049944 39051865 39053445 39047006 39048466 39049216 39048780 39049459 39047881 39054462 
133 39127901 38912351 39051074 39054991 39051225 39050155 39056898 39052767 39054462 39057313 39061206 39056349 39056213 39054853 39043035 39047816 39052167 39059100 39047135 39050036 39059007 39053490 39063906 39053412 39050542 39054515 39049011 39039785 39059855 39061913 39065129 39036578 
134 39114956 38917295 39045136 39054157 39062649 39059322 39060244 39061799 39055977 39051416 39050153 39062982 39054389 39053051 39047441 39053283 39060731 39059576 39048701 39063784 39046205 39045345 39066559 39065780 39061549 39052236 39059311 39058540 39056665 39054582 39057539 39053273 
135 39123363 38907240 39063217 39046061 39052903 39045942 39044130 39064391 39066980 39055071 39046648 39054087 39056926 39044182 39053742 39040749 39062634 39053553 39055972 39056092 39064881 39057639 39055930 39054226 39059781 39053932 39055282 39060407 39059874 39051530 39062727 39040228 
136 39122913 38920556 39049797 39050175 39047459 39048517 39067804 39060071 39058032 39059676 39050600 39064484 39047954 39052410 39058386 39041296 39063099 39057658 39058869 39058208 39060760 39063236 39055520 39061351 39067532 39057555 39061356 39049151 39062425 39050810 39051606 39054035 
137 39135557 38916726 39059580 39062288 39068554 39059660 39053368 39064439 39061288 39060097 39062382 39059586 39058127 39060990 39050820 39047086 39059963 39047587 39046922 39063945 39059102 39050461 39047909 39059736 39053972 39063933 39048993 39068255 39061074 39063297 39061168 39049402 
138 39123431 38921861 39059168 39061669 39045741 39060639 39053756 39055847 39055302 39055655 39069472 39050759 39056964 39062719 39060196 39060843 39052380 39052575 39061485 39058401 39053846 39058525 39062144 39062679 39068486 39053062 39049625 39053867 39055545 39053793 39044097 39048454 
139 39119568 38921893 39060811 39053200 39055440 39067363 39080593 39057067 39054095 39060193 39063011 39059534 39045826 39056612 39041484 39045267 39067416 39055130 39056570 39051999 39054569 39062881 39046315 39065534 39055329 39059715 39058813 39058827 39042415 39061264 39059728 39054083 
140 39120852 38919507 39057153 39059472 39067055 39066776 39063779 39055221 39051244 39055537 39061922 39058971 39064449 39060924 39057681 39036178 39057101 39054366 39057896 39049134 39040448 39053889 39054612 39060607 39057283 39063358 39054513 39054690 39048283 39059385 39048500 39045998 
141 39113483 38926869 39053676 39058560 39063217 39058983 39053950 39064129 39052683 39048283 39064472 39062183 39067719 39060874 39054018 39045514 39052086 39051599 39064805 39067596 39064071 39051514 39049411 39062017 39056843 39058017 39053204 39069073 39061962 39063035 39060480 39054513 
142 39124265 38930343 39063111 39063550 39056528 39064526 39069993 39065682 39054817 39059960 39056806 39045040 39061907 39058043 39054268 39056438 39051040 39064361 39058219 39058483 39060408 39063731 39063303 39061910 39062966 39058728 39061364 39047008 39051583 39054841 39047021 39044486 
143 39123532 38918924 39056296 39063310 39055783 39059278 39057558 39062319 39055342 39052532 39062587 39056013 39063618 39054620 39052579 39066122 39063569 39057700 39053013 39047445 39065434 39048393 39058276 39054989 39051937 39066650 39069619 39055815 39064062 39056507 39066677 39047644 
144 39126278 38919550 39070097 39045394 39048202 39063060 39055421 39065069 39055792 39056262 39070875 39051510 39064778 39067633 39067145 39040671 39066359 39054675 39058211 39039572 39066358 39056881 39054065 39052822 39064171 39059847 39056075 39062177 39073754 39064006 39062497 39056880 
145 39101951 38935251 39061224 39054770 39053409 39059440 39064334 39063193 39069102 39055581 39063803 39064365 39054374 39054319 39067950 39058359 39059005 39064042 39060936 39067228 39064807 39075637 39055577 39058672 39051546 39071393 39054822 39058257 39063161 39061171 39059384 39053302 
146 39133678 38919172 39062476 39058233 39057408 39067024 39056244 39058448 39052011 39055065 39057795 39049717 39062730 39055922 39059697 39057400 39061053 39056719 39060212 39065958 39058409 39056493 39074665 39058403 39054940 39069148 39067894 39056334 39063736 39053876 39052665 39054239 
147 39121845 38928439 39075555 39064965 39056449 39056037 39067488 39049870 39064266 39061894 39056951 39057921 39067519 39073881 39053086 39050023 39064591 39051168 39062272 39062653 39054423 39060135 39062825 39060559 39062891 39054347 39055572 39060125 39061839 39073725 39077767 39055077 
148 39132098 38929043 39063937 39056198 39056303 39058805 39062513 39068137 39057450 39064841 39052001 39069174 39059560 39058594 39070032 39053626 39063490 39049475 39064777 39061055 39068876 39056757 39058221 39061588 39039935 39061250 39067953 39057855 39063596 39048530 39050580 39053419 
149 39132944 38927535 39073670 39062987 39067100 39067575 39057631 39056985 39051583 39072103 39067603 39062149 39059551 39066004 39063270 39055766 39054402 39061296 39071027 39053578 39053747 39058171 39056385 39061786 39057680 39061735 39051270 39057012 39050047 39066298 39074339 39043988 
150 39126079 38930661 39060956 39062301 39065797 39052944 39050175 39060244 39057234 39065415 39055718 39059757 39063512 39060351 39051316 39043878 39058044 39061689 39065784 39047606 39066944 39057381 39053993 39067580 39054343 39059570 39076196 39057921 39055192 39060607 39053856 39066270 
151 39130755 38938029 39053408 39051324 39065225 39070083 39057989 39058443 39062632 39060970 39051430 39071542 39062867 39058323 39067781 39051035 39060396 39054262 39064696 39052658 39048462 39057406 39070203 39061362 39066422 39062732 39066702 39070814 39055924 39060687 39053331 39051092 
152 39122384 38926049 39073064 39066481 39058090 39077107 39073293 39066143 39058589 39063488 39057364 39051920 39065042 39067017 39058429 39056376 39062604 39056383 39059798 39044832 39067961 39057696 39061112 39055476 39048187 39060903 39066681 39054593 39062643 39057364 39059111 39062316 
153 39129938 38940320 39069304 39059398 39054461 39058649 39056046 39079952 39062527 39064986 39059934 39061414 39061229 39066110 39061676 39044372 39062782 39065351 39059019 39055074 39060970 39058475 39061705 39065046 39059511 39059646 39062413 39064135 39056865 39061526 39066118 39062681 
154 39121700 38924478 39059229 39063840 39062757 39067805 39055022 39067377 39066849 39067038 39065122 39057573 39060881 39062019 39065955 39057087 39066070 39071013 39063276 39051481 39075360 39061782 39055820 39061291 39060142 39064993 39061083 39066744 39070104 39053332 39055900 39049630 
155 39137335 38929169 39074006 39064553 39070304 39073280 39054003 39055999 39061778 39075075 39058165 39064740 39064213 39067261 39072074 39049927 39059557 39054485 39065479 39075357 39065493 39068231 39051042 39064094 39061784 39068143 39064745 39059848 39063753 39058591 39072588 39044408 
156 39122904 38928146 39067699 39072563 39061285 39060746 39075815 39070484 39070821 39059954 39072248 39064912 39061617 39068239 39064305 39064359 39070443 39062603 39077033 39052887 39064559 39053497 39061161 39065908 39069108 39062270 39067324 39067787 39059471 39064509 39059616 39057050 
157 39137147 38934996 39065790 39061924 39074971 39074124 39081846 39062472 39070527 39062526 39062602 39065383 39063759 39061165 39069022 39058258 39060033 39059001 39058213 39060937 39056725 39071082 39056645 39054504 39064627 39071383 39063921 39054384 39057182 39069111 39069933 39057198 
158 39131410 38939622 39060933 39066003 39070086 39064687 39063992 39062941 39059965 39061048 39063922 39062634 39063636 39067968 39050038 39057163 39059438 39065197 39064237 39079583 39064022 39053303 39058833 39066382 39054766 39063003 39052205 39069822 39066262 39064619 39062572 39061402 
159 39128805 38931133 39070168 39062413 39070632 39064494 39068349 39070703 39058947 39072983 39061522 39058876 39069244 39058993 39053976 39045612 39062488 39059212 39073050 39059505 39065003 39063047 39066838 39070146 39063084 39065994 39063845 39063898 39072491 39060761 39068533 39049064 
160 39134967 38940487 39072234 39069633 39061317 39064358 39068344 39060431 39067696 39062356 39068411 39072734 39064887 39064969 39075283 39060399 39064547 39068470 39067329 39073023 39066958 39076469 39066318 39067365 39066096 39065616 39069298 39069376 39067828 39075007 39056336 39060790 
161 39121357 38946167 39061922 39063603 39070075 39054472 39075073 39069243 39070174 39068888 39052638 39062220 39071426 39061501 39068816 39055798 39066206 39062323 39071509 39067848 39063919 39057483 39065295 39051544 39064091 39056631 39064536 39061752 39065983 39072190 39076730 39048590 
162 39133643 38925019 39069372 39064731 39058631 39061970 39073574 39071354 39055452 39068960 39062672 39066157 39067355 39062676 39073274 39055660 39069802 39073164 39053267 39074423 39065124 39077620 39063448 39063121 39061348 39058888 39059763 39070948 39065533 39064954 39059950 39067337 
163 39134381 38944406 39064643 39070133 39077571 39077431 39065730 39071344 39071547 39073758 39062672 39076991 39060689 39058434 39067698 39057911 39059954 39071207 39065167 39065978 39064466 39056662 39067610 39067926 39079443 39072162 39060899 39050574 39059996 39053058 39070696 39055413 
164 39129556 38938937 39069180 39073580 39054381 39068917 39072257 39055144 39077890 39070270 39064175 39069498 39068881 39069631 39074595 39067802 39063716 39080534 39065376 39063228 39063638 39058881 39075003 39067863 39085048 39058810 39064731 39077696 39070321 39061737 39059869 39056274 
165 39132158 38943175 39071547 39075703 39069248 39085974 39063702 39072865 39062794 39069562 39076120 39073068 39074463 39057545 39068766 39060773 39062878 39072508 39072669 39069103 39067644 39067917 39072122 39070146 39070906 39070610 39067532 39063517 39061961 39065089 39080359 39051328 
166 39125678 38944570 39053759 39068073 39072242 39059104 39068543 39078535 39079636 39061875 39063650 39070579 39067119 39072804 39073634 39057690 39073604 39064563 39064809 39066007 39074304 39071438 39069531 39074546 39067693 39069868 39063070 39061989 39063249 39066760 39057853 39071575 
167 39120325 38956258 39072881 39061407 39074322 39077187 39061272 39071754 39059746 39054206 39074551 39068269 39071375 39063459 39061779 39057445 39061601 39083488 39056584 39066224 39068786 39074328 39080578 39073851 39062597 39065094 39066835 39065471 39063271 39055634 39068536 39066335 
168 39119218 38945218 39062581 39078477 39070203 39066871 39078984 39076463 39075502 39078833 39059410 39070669 39056028 39075014 39066156 39062876 39065204 39073078 39080144 39063983 39062526 39052562 39068944 39064140 39068898 39070999 39066063 39069243 39067152 39067630 39062016 39063499 
169 39122510 38938593 39071657 39062757 39075758 39078639 39072883 39059201 39069576 39071224 39082747 39066777 39066290 39077726 39069132 39057029 39059393 39091870 39066577 39072384 39070652 39062754 39071579 39061588 39066252 39071002 39073667 39078168 39063502 39061821 39070187 39059577 
170 39127710 38936872 39070523 39072279 39066964 39058167 39062470 39062212 39074348 39065539 39072503 39077629 39068276 39072526 39071356 39070059 39066221 39060837 39065988 39075208 39075696 39067884 39056219 39075838 39070812 39076083 39063347 39070196 39067779 39074019 39061935 39067025 
171 39132063 38951876 39063814 39069214 39078025 39071871 39071591 39069339 39068742 39076235 39066357 39076040 39058143 39072278 39077158 39057549 39073327 39066243 39065854 39072609 39070178 39076264 39076830 39068167 39066202 39062170 39062303 39077040 39067158 39073294 39080179 39061223 
172 39118494 39097304 39075042 39071051 39075380 39075194 39075074 39076510 39075510 39072732 39064667 39065686 39070719 39066819 39062659 39072958 39068940 39074059 39073820 39065794 39064840 39061235 39069136 39066694 39077117 39077636 39076065 39067320 39065572 39060461 39068135 39058311 
173 39122643 38942250 39083902 39068214 39073736 39074594 39075982 39072229 39076365 39077651 39062486 39083845 39064358 39072043 39064563 39066736 39061036 39069814 39075764 39073755 39075971 39074112 39070904 39075542 39072582 39070946 39070620 39068376 39074814 39075284 39085679 39059661 
174 39135497 38942189 39074282 39062214 39075700 39061942 39069358 39072981 39071848 39074368 39072256 39071492 39071845 39068978 39063589 39069313 39072881 39068773 39070901 39071791 39079091 39076917 39066561 39073679 39077080 39062865 39067920 39067700 39068780 39073387 39075873 39070781 
175 39116325 38945390 39075233 39069375 39080086 39080623 39067622 39067523 39069311 39074129 39063299 39069570 39077783 39080019 39069933 39065390 39080606 39075994 39081239 39083659 39062007 39070967 39073661 39075498 39073126 39068315 39063741 39065505 39067907 39065713 39078487 39064780 
176 39130887 38943977 39082885 39067262 39074021 39075280 39073610 39060171 39067745 39069027 39078163 39073803 39070846 39078651 39069162 39071288 39072529 39063157 39070239 39078986 39073023 39077552 39074880 39073081 39071528 39076523 39081196 39081910 39071112 39081348 39058057 39074348 
177 39108884 38956227 39076249 39073820 39078631 39069411 39072363 39094214 39065841 39085961 39073099 39077136 39069203 39078560 39075363 39070109 39068790 39085687 39063502 39079907 39065974 39070967 39069798 39061238 39082664 39067002 39071648 39069351 39074210 39079030 39084300 39069909 
178 39121513 38943265 39078774 39074799 39080087 39070761 39068287 39079313 39078520 39079880 39079279 39076603 39071324 39079447 39077272 39078937 39072207 39074406 39065972 39069629 39072717 39067081 39087745 39067048 39084966 39079072 39081379 39072684 39061727 39072197 39052815 39066620 
179 39125125 38951523 39062170 39079798 39070607 39076346 39080114 39075463 39067650 39081554 39085908 39077145 39084124 39065788 39075830 39073391 39081004 39078070 39066531 39075601 39075233 39068646 39080724 39073366 39069985 39063541 39078503 39070909 39071347 39060797 39082179 39069781 
180 39126203 38953869 39084285 39068778 39071467 39074679 39083639 39073978 39074052 39077532 39076339 39085539 39072979 39064613 39077645 39064694 39066437 39073907 39070162 39085029 39074447 39079717 39067392 39068694 39077580 39087864 39072663 39075201 39077818 39076592 39070297 39064744 
181 39114297 38944694 39077919 39081256 39061594 39065115 39084904 39080583 39068409 39072718 39084398 39076605 39081247 39072509 39079023 39072606 39084918 39082992 39079550 39080274 39066404 39081748 39070752 39069496 39062572 39072361 39063444 39065429 39083263 39074731 39072939 39071832 
182 39125271 38961404 39063168 39089638 39071194 39078705 39078105 39084655 39075055 39071773 39073662 39063100 39071216 39080203 39067328 39066008 39066359 39069959 39071902 39076026 39082321 39078294 39072146 39072147 39069406 39071747 39068189 39065285 39078503 39066380 39069275 39082065 
183 39118980 38944084 39077941 39068476 39076954 39079182 39082052 39081616 39074696 39081333 39068525 39087771 39071456 39069926 39076556 39067358 39076266 39071707 39078530 39076270 39077301 39087363 39081460 39080095 39081167 39064571 39079835 39075223 39075164 39068027 39084211 39077182 
184 39108339 38956987 39079004 39083125 39086134 39081236 39075690 39082827 39076477 39072796 39074144 39066138 39069582 39083596 39068713 39065688 39059991 39083627 39093068 39076650 39074172 39070861 39073351 39076268 39077383 39079333 39077316 39078415 39074048 39065852 39070071 39068911 
185 39114143 38952334 39084519 39075695 39067529 39088836 39076867 39089613 39076982 39075596 39076458 39074447 39070387 39075687 39072464 39072587 39080168 39071212 39084700 39076451 39081740 39059630 39082344 39082140 39075234 39064030 39078022 39080645 39083705 39079164 39082949 39066638 
186 39125132 38945092 39082842 39088998 39067892 39088973 39084539 39082907 39077336 39069033 39080660 39077539 39081654 39085498 39073281 39061723 39076950 39075817 39084066 39076079 39083521 39075450 39081189 39087095 39083942 39069282 39068832 39080046 39072668 39075440 39070604 39074947 
187 39118426 38959236 39074622 39089550 39080211 39088826 39075477 39091099 39074552 39075496 39083179 39073944 39080506 39073044 39074587 39066577 39078790 39070349 39075879 39071701 39072016 39083101 39054060 39071109 39069536 39079183 39078745 39066641 39074255 39075583 39077251 39071865 
188 39124323 38953504 39082525 39071625 39083440 39081384 39069755 39075221 39077550 39076888 39081710 39075341 39069948 39088750 39076915 39070332 39077578 39073677 39078908 39084520 39083206 39066867 39086512 39065829 39079152 39076379 39076297 39081271 39077452 39075556 39075056 39062510 
189 39118157 38965619 39080018 39074515 39092434 39090161 39081603 39086082 39078093 39076916 39077349 39086206 39088159 39080599 39074443 39073520 39075184 39082073 39082819 39071651 39075144 39080147 39079003 39077248 39070917 39082734 39065447 39080738 39069392 39073538 39078793 39069148 
190 39114794 38962581 39081111 39081338 39082989 39080781 39083718 39086936 39081992 39086289 39088559 39080105 39072170 39085295 39085962 39069626 39086761 39084020 39076216 39084851 39075089 39067869 39076408 39069698 39075772 39079624 39088164 39077798 39088751 39090387 39073221 39079736 
191 39102342 38955258 39084077 39086564 39083346 39083097 39080374 39088808 39086001 39082192 39087263 39081950 39068491 39085670 39072576 39074346 39071798 39092400 39083458 39074958 39079304 39085995 39078850 39079036 39078096 39073703 39077529 39073372 39081362 39079589 39085129 39082252 
192 39136181 38955744 39096330 39078848 39073249 39080678 39084171 39084188 39082904 39083223 39078665 39085321 39093347 39083661 39081582 39072187 39084034 39083806 39075331 39085480 39085399 39079562 39085453 39080099 39084430 39072859 39075947 39071116 39079214 39076291 39090272 39066761 
193 39093548 38958838 39095491 39086485 39080950 39083784 39086386 39079388 39083561 39079483 39079519 39083316 39080301 39082575 39079026 39069709 39081640 39087429 39085759 39073235 39073719 39084217 39079755 39076863 39085204 39066626 39076252 39088718 39078126 39079345 39084969 39077271 
194 39110761 38948780 39084862 39081329 39076811 39088182 39086741 39079154 39083370 39071190 39084521 39084242 39079766 39073819 39088114 39076771 39086775 39085449 39076862 39087815 39077991 39081636 39083045 39078938 39078329 39080013 39077387 39077908 39083588 39081820 39078230 39076419 
195 39115348 38966117 39082548 39083098 39088515 39092191 39087359 39082036 39088124 39079191 39092619 39072021 39086995 39083588 39074991 39072731 39076658 39084010 39078591 39080171 39083008 39078360 39082806 39074502 39086948 39078463 39083415 39087222 39085678 39078580 39088536 39070450 
196 39114328 38948474 39090711 39083755 39085791 39081096 39085679 39080450 39087071 39090309 39070650 39084743 39084500 39083602 39081828 39067872 39075205 39085001 39071698 39082055 39093057 39076924 39081267 39091441 39090101 39069791 39079100 39078970 39079118 39088167 39078288 39083951 
197 39103516 38968660 39096374 39091615 39091228 39089686 39092262 39086676 39080258 39079356 39078804 39078919 39091302 39092264 39082472 39078308 39081698 39078076 39094203 39087659 39081676 39092934 39082051 39072381 39084276 39084171 39080328 39086932 39073778 39077934 39089833 39067784 
198 39100762 38964690 39083047 39081914 39095423 39091434 39084787 39082475 39082144 39092290 39093921 39078488 39085708 39084078 39090250 39084653 39086939 39089275 39077175 39080750 39085825 39077620 39077727 39080057 39090260 39086294 39085222 39069476 39081286 39075682 39079128 39081664 
199 39104570 38963553 39085027 39090942 39086323 39085522 39077076 39071716 39093631 39081360 39082777 39097271 39083072 39081255 39088905 39075895 39085252 39075874 39089616 39082907 39086982 39088185 39082754 39074745 39079589 39084369 39078366 39088855 39087726 39075526 39089282 39079488 
200 39096415 38959344 39079771 39093408 39089223 39090172 39092536 39081383 39087746 39089947 39079670 39087696 39090210 39098466 39091111 39075373 39091809 39078712 39083731 39093464 39085595 39088111 39079715 39081112 39084498 39096558 39076012 39072402 39086164 39096783 39080896 39065881 
201 39106327 38963498 39077974 39095925 39096518 39086994 39087116 39093347 39089773 39097014 39080147 39090745 39083108 39089294 39087041 39078963 39100165 39088507 39097922 39084086 39083639 39087678 39084358 39085603 39077925 39083344 39082374 39082591 39087701 39077818 39088975 39064909 
202 39098257 38956183 39085672 39097107 39095117 39083735 39088251 39093239 39085454 39093819 39092687 39086645 39091248 39091051 39085603 39081466 39084306 39080815 39085593 39086156 39075150 39072053 39083809 39082725 39084562 39083133 39080463 39088567 39085679 39087426 39069179 39080370 
203 39095295 38959542 39088919 39088529 39094754 39088382 39090534 39085954 39091582 39084461 39088834 39096508 39078030 39088962 39085959 39082366 39084447 39081439 39086128 39083615 39080791 39089829 39088092 39080410 39077560 39086984 39084305 39092652 39074315 39089265 39086171 39086978 
204 39102326 38960875 39090156 39096848 39084473 39091589 39088410 39082800 39086313 39085166 39085426 39103459 39091079 39081963 39089791 39087508 39091135 39096684 39091422 39080199 39090656 39088424 39093396 39084807 39083811 39082310 39084795 39088091 39087654 39083622 39076822 39090316 
205 39098690 38959040 39085200 39097191 39093586 39085527 39084027 39077890 39094729 39091364 39084230 39088637 39092615 39081189 39086840 39091111 39092523 39089371 39092073 39090997 39090990 39094591 39082192 39083206 39083659 39073233 39077850 39092506 39081693 39086435 39093279 39083049 
206 39088547 38978822 39083305 39080298 39094035 39088924 39089358 39094840 39088950 39094226 39085458 39088002 39098169 39092364 39089783 39077759 39082807 39090465 39092818 39085405 39096149 39089542 39095393 39090642 39089086 39087602 39085941 39086852 39087896 39090882 39082012 39081539 
207 39092994 38952054 39092275 39092021 39095175 39106520 39090803 39102774 39096327 39090534 39091268 39101483 39087751 39083717 39089227 39071202 39101133 39089324 39104297 39098677 39090821 39080023 39086347 39097852 39098582 39090412 39092249 39083497 39080057 39090278 39077538 39081724 
208 39104118 38969141 39094808 39090452 39092723 39089411 39098974 39092492 39093539 39087735 39090030 39094537 39086784 39091003 39094843 39089012 39092975 39095538 39095495 39082669 39095358 39084019 39091659 39103784 39093105 39079830 39085963 39091320 39077002 39091784 39082992 39081870 
209 39082032 38974338 39085410 39091955 39094646 39106163 39093655 39090666 39095629 39097077 39091876 39100104 39094506 39094484 39087682 39081956 39097450 39092353 39090887 39091496 39096534 39100840 39083062 39093587 39088523 39097945 39089961 39090913 39087537 39094734 39087898 39077816 
210 39083248 38963290 39089443 39100988 39097676 39101073 39091548 39085281 39093544 39096025 39097865 39088267 39095402 39084777 39080925 39077405 39088345 39091477 39101956 39092325 39094397 39089507 39090029 39092039 39090699 39094958 39096720 39091410 39097184 39077096 39080903 39078863 
211 39085977 38978884 39094601 39100688 39090192 39095330 39087384 39090396 39091456 39091489 39102455 39088897 39088966 39101466 39086494 39081204 39096872 39092060 39086957 39087093 39099638 39078290 39101757 39100013 39086921 39086095 39095363 39094438 39084958 39081165 39093753 39081865 
212 39085710 38968166 39098056 39080980 39096833 39093347 39087213 39087063 39097795 39092362 39094901 39091298 39092770 39087182 39093718 39082594 39086438 39099865 39088004 39091359 39091156 39083074 39087532 39085421 39091043 39087877 39092560 39094551 39085414 39105774 39077871 39075342 
213 39078801 38966841 39094577 39093511 39099870 39088369 39100090 39081437 39093161 39101414 39096520 39092778 39088899 39095081 39095611 39076698 39092983 39095452 39080317 39101122 39082080 39082595 39087461 39087898 39091215 39110936 39089981 39095828 39081522 39077517 39089552 39092793 
214 39092295 38970519 39094178 39099393 39112486 39086895 39091863 39104903 39105427 39096931 39097531 39096752 39099113 39091788 39087772 39085725 39097487 39096408 39097607 39098856 39093159 39083259 39080650 39096539 39083395 39088483 39105356 39091599 39085747 39097324 39084665 39082252 
215 39072629 38962038 39092524 39097775 39104931 39092105 39102529 39095616 39086078 39081848 39095568 39089602 39091721 39100094 39085367 39097887 39090096 39096826 39089636 39092392 39087476 39104591 39083887 39082792 39085661 39093319 39096227 39084833 39097119 39092132 39107918 39078029 
216 39079225 38969576 39094402 39088482 39102350 39092884 39090907 39084572 39105721 39095799 39084335 39093579 39101399 39099499 39099110 39096055 39086749 39083452 39102932 39094931 39098991 39091797 39094820 39100200 39092866 39091946 39098801 39094718 39091959 39089079 39090726 39087248 
217 39070801 38975380 39105248 39097458 39095236 39098345 39095706 39111997 39101181 39085993 39096541 39090272 39101252 39096578 39095718 39097509 39091508 39093305 39097235 39097060 39104933 39090509 39093234 39098676 39093707 39084921 39100425 39087090 39096417 39079702 39093053 39081496 
218 39067086 38971772 39094879 39103284 39094973 39093695 39093036 39092856 39089195 39094300 39101185 39086792 39098764 39096957 39094385 39084936 39088588 39095412 39099523 39089978 39096300 39100581 39101423 39097179 39091402 39091425 39091905 39090553 39081021 39095650 39087177 39096629 
219 39081672 38963198 39107910 39098993 39101362 39103215 39095886 39079449 39084133 39109394 39109236 39101406 39104246 39094738 39099311 39083441 39094379 39103367 39096852 39099723 39087639 39093213 39084002 39095704 39096115 39091928 39092583 39084205 39100711 39101166 39106294 39088830 
220 39070657 38967173 39102653 39095955 39097298 39103935 39095855 39114030 39098097 39095164 39097251 39100527 39103110 39095321 39094552 39099447 39102280 39100493 39096999 39094825 39108507 39097311 39100340 39090633 39087531 39092313 39084038 39092718 39093078 39090780 39092688 39090938 
221 39076917 38974855 39106414 39103694 39095177 39098582 39103633 39100640 39102504 39103586 39086378 39109906 39098629 39097194 39101918 39088255 39092475 39100803 39089359 39103671 39092730 39093959 39082136 39110934 39099958 39086700 39101216 39089797 39095613 39093209 39093284 39088330 
222 39073683 38982081 39100079 39092891 39098486 39104419 39096808 39105244 39104444 39105351 39103676 39103041 39097661 39102348 39094427 39087670 39102928 39098447 39107709 39091291 39099709 39094986 39097903 39091542 39106164 39103746 39102547 39103816 39093909 39104723 39102840 39089484 
223 39059075 38944726 39111596 39108230 39111080 39100190 39103487 39095863 39108631 39095048 39107643 39095159 39097135 39097648 39100125 39100698 39096199 39091290 39097198 39099704 39095346 39096385 39099025 39097046 39093184 39097048 39103165 39105131 39097883 39094480 39085556 39099425 
224 39061170 38976641 39107648 39104188 39105995 39093258 39101699 39103285 39089692 39105925 39109109 39111129 39104792 39111137 39105503 39103703 39094125 39106172 39097717 39100803 39101483 39097334 39092506 39109770 39101306 39096673 39085035 39107559 39090167 39098510 39082423 39989314 
225 39021990 38982320 39097599 39114117 39103055 39113702 39098330 39094796 39093644 39106563 39091718 39100610 39086785 39109814 39098840 39101800 39102917 39114234 39092065 39096584 39100103 39094464 39098277 39106948 39112572 39102505 39095525 39094618 39111760 39097153 39097210 39105530 
226 39075826 38967763 39099597 39107152 39100270 39112837 39098288 39098357 39111372 39093696 39102088 39104849 39101292 39092789 39103459 39089766 39112764 39109533 39101439 39102391 39100964 39102932 39095401 39094422 39090670 39099936 39097706 39098776 39091624 39094436 39097239 39102999 
227 39064231 38971692 39107348 39100999 39111601 39101910 39104011 39103791 39100927 39099196 39098352 39108502 39099388 39107294 39108590 39097783 39093537 39108905 39094100 39099222 39104050 39098853 39112651 39100679 39102664 39094142 39103126 39097227 39099763 39097566 39093374 39104913 
228 39057109 38975502 39101868 39109782 39116517 39109270 39105556 39101637 39099927 39093155 39101340 39109736 39107743 39106534 39119115 39100804 39102799 39105831 39102917 39099770 39112265 39119278 39093920 39094823 39098541 39098118 39094927 39095341 39095055 39110644 39090514 39114386 
229 39051823 38982272 39108431 39112457 39094632 39121363 39099975 39108807 39105722 39104953 39107911 39099573 39102584 39106281 39104244 39107203 39106820 39110686 39092019 39107837 39097392 39100516 39101982 39094988 39108265 39116124 39105552 39087089 39103548 39104485 39093845 39109366 
230 39047724 38976451 39107354 39117916 39102181 39099566 39106489 39106153 39107465 39107427 39095621 39095527 39108915 39105840 39105635 39089262 39094797 39100307 39109650 39108165 39105227 39101950 39103343 39104213 39115218 39114451 39107332 39101820 39095882 39099753 39099116 39099476 
231 39048778 38970284 39106431 39105719 39100590 39113893 39111082 39107595 39112569 39107344 39113059 39109784 39099625 39096558 39104261 39101544 39092260 39118401 39102542 39109112 39104463 39118690 39103004 39107359 39095947 39104645 39100385 39102549 39101089 39111564 39089326 39097221 
232 39040042 38971342 39100583 39108678 39114331 39108594 39108250 39121139 39103526 39101279 39111817 39107155 39109727 39101111 39116084 39104995 39106101 39108801 39108129 39096400 39104493 39110762 39114735 39105795 39102114 39101933 39112469 39105941 39110560 39100081 39094483 39107648 
233 39045656 38973118 39112906 39109259 39120324 39112741 39121064 39120776 39104218 39104691 39117218 39106910 39107502 39100128 39110424 39108596 39104330 39099218 39107164 39108964 39105710 39106589 39107382 39109851 39102388 39109201 39095746 39106838 39095834 39097962 39089265 39101729 
234 39037613 38975765 39113538 39123023 39113967 39110034 39105620 39101681 39102368 39104935 39104403 39108785 39108176 39107250 39112466 39104678 39110769 39110381 39097488 39107185 39094178 39095329 39107181 39100382 39101195 39109127 39106450 39111913 39110082 39106591 39100753 39101974 
235 39039372 38979729 39107405 39110846 39105156 39104314 39113585 39115020 39108572 39126043 39106824 39111378 39109624 39099259 39105783 39107514 39114337 39092599 39118359 39101837 39108000 39105273 39097260 39097679 39103863 39094252 39107312 39107016 39112681 39105141 39094784 39095684 
236 39018178 38975706 39111764 39119513 39107567 39103642 39112154 39112410 39118349 39121124 39101952 39109441 39118728 39111005 39104174 39098419 39128242 39101707 39092673 39101201 39097806 39103395 39108493 39109775 39099409 39116426 39100209 39101511 39109296 39100491 39100225 39106237 
237 39020417 38990581 39103823 39111679 39097925 39105099 39114465 39093736 39111925 39117829 39109563 39117320 39098291 39103606 39117854 39097368 39116050 39109550 39097932 39103272 39106780 39111393 39105094 39102137 39107110 39105682 39099825 39104101 39097247 39108826 39100633 39108916 
238 39014592 38987931 39105533 39114637 39112620 39106178 39112528 39128668 39107620 39109193 39120498 39116219 39111271 39111112 39106061 39101537 39099532 39109026 39093561 39098985 39113103 39113782 39106518 39106147 39098604 39109032 39096723 39105020 39111643 39115287 39102159 39118764 
239 39030576 38979235 39111580 39114494 39120307 39114817 39110924 39113778 39108324 39116928 39117974 39111933 39128888 39121191 39107073 39101689 39107096 39112906 39113023 39110031 39103530 39107005 39107534 39113828 39111377 39112943 39110411 39109737 39111527 39099640 39101146 39117602 
240 39020209 38981961 39120708 39110894 39106572 39116749 39113946 39108981 39123828 39116331 39119761 39115861 39118171 39106295 39103617 40450360 39109660 39113170 39120815 39112739 39109688 39108639 39103104 39117132 39106834 39100974 39109905 39119471 39120179 39101037 39101454 39112547 
241 38989272 38987732 39119129 39119394 39111467 39116513 39110204 39116798 39114606 39104517 39110898 39110800 39119856 39115005 39110071 39125697 39113580 39111374 39112080 39104189 39107230 39114668 39112166 39104185 39117669 39100896 39103344 39119528 39115240 39100873 39115780 39111860 
242 39017093 38973368 39101779 39121168 39112210 39103900 39120379 39122732 39110071 39100491 39117224 39113525 39116869 39103718 39116161 39113535 39102119 39115628 39118091 39108091 39101816 39107881 39127948 39119200 39110674 39107973 39113917 39114872 39093048 39123022 39101443 39116194 
243 38997492 38976571 39109575 39118804 39119236 39121364 39117932 39118372 39112962 39117708 39117925 39110325 39111429 39110749 39114411 39119426 39103507 39134843 39116958 39108463 39116585 39106566 39110811 39110011 39109012 39105850 39101623 39115486 39101248 39117203 39112560 39109923 
244 39000286 38964270 39127960 39116443 39118258 39113864 39125942 39118075 39126739 39121414 39128565 39097902 39118498 39111682 39099827 39120121 39105067 39112393 39114355 39107121 39114326 39121487 39113493 39109640 39111971 39108265 39106573 39114991 39107583 39119149 39115912 39111614 
245 39009082 38984070 39120155 39118217 39108628 39116152 39123547 39116526 39105354 39115174 39117285 39114753 39122773 39116014 39110646 39119028 39109352 39108068 39113275 39123467 39110664 39114650 39117905 39115565 39101212 39112163 39108586 39105874 39102301 39111460 39113861 39112694 
246 39012271 38982384 39130690 39117664 39110613 39119864 39122982 39116670 39117444 39124423 39118979 39130709 39117340 39118862 39119809 39129733 39124530 39110695 39125912 39110862 39115513 39111941 39105544 39103083 39110092 39112039 39127262 39114755 39112442 39113601 39113075 39133645 
247 38992004 38973850 39128788 39122966 39118020 39119861 39118463 39123438 39116694 39120469 39119453 39125482 39120347 39115667 39118996 39117747 39129547 39110056 39120511 39114769 39111555 39128161 39112708 39111357 39108449 39106588 39117145 39109726 39110500 39114368 39106374 39117627 
248 38995499 38974076 39123921 39127118 39121770 39119647 39124146 39127190 39124729 39119555 39112173 39122298 39127247 39113560 39120500 39127724 39119836 39113895 39110386 39122022 39104076 39105999 39110709 39133207 39120574 39111939 39111219 39124644 39115121 39107951 39117041 39119271 
249 38978965 38982285 39124610 39119283 39118073 39122859 39123140 39133603 39121417 39112953 39119074 39126489 39114786 39122351 39112628 39121436 39122795 39113783 39118691 39105314 39113535 39126593 39128832 39130097 39104368 39119657 39111089 39116761 39122575 39117689 39121085 39116291 
250 38990846 38989418 39122806 39120280 39121344 39120502 39114506 39120013 39127146 39120029 39132444 39122065 39113412 39112825 39111253 39123029 39134751 39116441 39115133 39119551 39115672 39116775 39118073 39120349 39109166 39110255 39115978 39107186 39123132 39125610 39116467 39115419 
251 38976876 38983583 39118637 39123295 39123992 39127478 39114130 39127778 39118158 39122141 39113267 39120901 39122331 39124511 39113183 39123424 39131366 39115405 39122010 39122654 39123026 39116655 39118861 39125125 39116941 39129989 39111452 39125249 39122924 39117273 39126772 39118031 
252 38976596 38985748 39137714 39122849 39118691 39135346 39129177 39123228 39120111 39121342 39114871 39127287 39119164 39125733 39125366 39117984 39118508 39124039 39120758 39114393 39116433 39124329 39119020 39113562 39130303 39113915 39097549 39124545 39123021 39118524 39122764 39127239 
253 38969090 38989208 39129692 39121244 39121254 39128372 39126500 39134041 39130164 39116805 39121560 39116439 39121621 39118291 39129527 39131392 39119744 39129180 39127442 39110845 39114215 39109582 39110947 39122514 39117755 39125020 39122073 39121241 39113690 39115866 39124217 39122189 
254 38961005 39004722 39133215 39126787 39114682 39123518 39129114 39127703 39132117 39117837 39121344 39127409 39126577 39117365 39113816 39124458 39127182 39123548 39117062 39116278 39126068 39123917 39129559 39116716 39120776 39127393 39117484 39115507 39111635 39135308 39116585 39117344 
255 38969364 38993717 39126145 39132901 39141144 39123487 39126963 39118203 39132928 39133757 39119998 39123911 39128010 39132525 39123245 39134288 39112619 39120629 39116426 39125177 39121461 39127781 39121068 39124269 39124703 39119728 39115941 39118694 39136722 39127145 39123562 39115153 