n P1 P2 P3 P4 P5 P6 P7 P8 P9 P10 P11 P12 P13 P14 P15 P16 P17 P18 P19 P20 P21 P22 P23 P24 P25 P26 P27 P28 P29 P30 P31 P32 
0 38944248 78188421 39120695 39264597 39274090 39263625 39258904 39261866 39248795 39259008 39243092 39250074 39249156 39246125 39252818 39248532 39247434 39243834 39247008 39243298 39240324 39241097 39246910 39229593 39232283 39250268 39235288 39233131 39234391 39235030 39218829 39226733 
1 39049247 38759589 39063452 39043547 39035354 39044381 39044474 39043450 39028666 39050306 39059502 39049787 39032118 39045335 39043998 39049875 39050707 39045474 39039588 39046351 39037786 39041824 39043170 39043313 39045031 39041517 39035780 39035778 39046162 39046249 39045091 39035191 
2 39073423 38547530 39028536 39189079 39045196 39048075 39043559 39040462 39039834 39053110 39052373 39036493 39047253 39051139 39052554 39040099 39050050 39046567 39040916 39038480 39036827 39050889 39051572 39044400 39028956 39044083 39044710 39035438 39047443 39038522 39046704 39031960 
3 39102793 38806413 39111603 39040428 39047107 39047486 39043586 39051041 39042600 39050917 39039929 39051710 39045248 39035717 39041854 39048441 39047068 39045121 39046254 39040944 39056910 39036938 39046754 39044953 39047633 39049684 39042842 39035127 39045242 39051461 39040984 39047211 
4 39108983 38798233 39011981 39251730 39044213 39050798 39062732 39045340 39045368 39052720 39061759 39047510 39049061 39036066 39038396 39042416 39045030 39045912 39042513 39053396 39041772 39040373 39036916 39052365 39047855 39055081 39046207 39054165 39046471 39044281 39042536 39039018 
5 39112958 38798382 39036672 39011292 39302777 39030643 39048199 39041727 39052384 39038413 39051475 39049539 39042378 39045328 39036072 39041919 39053820 39040501 39045508 39038101 39039184 39050958 39048348 39042976 39043509 39037985 39040823 39049209 39037681 39056802 39052744 39053501 
6 39097620 38809002 39035939 39015336 39015733 39300325 39034941 39048903 39041248 39048161 39050220 39040045 39046256 39045227 39040155 39044167 39057360 39052901 39042751 39049706 39043478 39041888 39058578 39031561 39050811 39052107 39042229 39045943 39048492 39042253 39047649 39048078 
7 39086758 38808317 39021548 39009718 39022295 39014469 39300525 39038832 39060881 39046803 39026894 39040002 39040322 39044700 39055538 39043476 39041191 39036830 39060122 39054400 39034022 39063575 39041394 39040192 39050045 39043080 39046989 39036188 39046836 39050532 39045630 39043136 
8 39098533 38824865 39020618 39007356 39025171 39014164 39018639 39304303 39039750 39043951 39044504 39034000 39042053 39046681 39047077 39055301 39051950 39043040 39051490 39037265 39043725 39062671 39054742 39040876 39048513 39045827 39052582 39043972 39039893 39046153 39048356 39035351 
9 39082264 38805717 39022230 39019941 39028212 39032809 39013128 39022209 39302745 39028199 39052512 39041060 39048864 39051883 39063804 39050940 39044665 39053976 39052016 39048199 39046809 39038959 39040286 39047112 39036139 39056022 39045702 39044067 39043471 39051198 39047833 39050208 
10 39067136 38810447 39020137 39018717 39029510 39022488 39029161 39032187 39007778 39294766 39035464 39043897 39046143 39038127 39044053 39037877 39052209 39049936 39044748 39047396 39048839 39039989 39054880 39043842 39051040 39040265 39051475 39052268 39049892 39043740 39051349 39045042 
11 39076139 38815542 39025219 39028193 39021961 39020460 39008355 39026836 39042143 39022986 39287083 39038678 39055075 39055851 39049718 39045482 39045496 39043331 39036191 39033151 39047937 39034405 39035638 39048464 39052832 39051194 39042851 39039898 39052217 39028837 39059405 39043926 
12 39076574 38814058 39025570 39021592 39026713 39032764 39015312 39021289 39027349 39022534 39030430 39277438 39039021 39056836 39042703 39037293 39041375 39058133 39056354 39054582 39045919 39044081 39045392 39054125 39043455 39048115 39052565 39049776 39048353 39047139 39046233 39048354 
13 39071847 38817805 39026790 39031111 39025873 39022951 39022983 39023724 39016579 39033717 39018948 39011093 39282624 39035703 39059329 39045432 39038413 39049353 39039400 39048741 39048279 39046520 39044766 39038622 39046021 39038415 39043542 39051296 39049843 39036614 39047601 39036913 
14 39068524 38813108 39021686 39012702 39012130 39025565 39019006 39018443 39023710 39022235 39025196 39007926 39017462 39279592 39036495 39042741 39046680 39057479 39055825 39041830 39054479 39051680 39056027 39044158 39044426 39039717 39041903 39038559 39031556 39044474 39056439 39055722 
15 39070799 38818157 39015249 39035229 39026495 39009861 39015716 39016610 39013176 39021103 39015446 39022374 39021974 39009041 39270407 39040331 39043923 39059308 39050237 39050273 39040259 39043556 39049603 39035373 39045978 39049234 39052514 39053567 39043120 39034324 39041799 39051739 
16 39070360 38816684 39030038 39033780 39031025 39036782 39019740 39021363 39030002 39017784 39020425 39029906 39021090 39023950 39024387 39249362 39037860 39046546 39051639 39046590 39056517 39042586 39045452 39042655 39051748 39042412 39050767 39041040 39039048 39033546 39041311 39056783 
17 39060315 38830811 39025764 39031631 39026590 39022428 39026447 39017080 39031008 39018062 39029706 39018594 39028763 39027485 39033708 39023081 39256293 39044846 39044370 39045436 39049242 39041531 39045690 39041773 39044157 39045633 39046008 39045936 39051568 39041512 39052042 39044667 
18 39072323 38817386 39018964 39016376 39025900 39018556 39017593 39017938 39025984 39015807 39024053 39028519 39023108 39019221 39025265 39014238 39031623 39268568 39048221 39043868 39050000 39051784 39050639 39051745 39037757 39066071 39045631 39050851 39041667 39054215 39050208 39039315 
19 39061131 38826407 39018561 39014862 39034604 39032754 39022665 39026960 39020487 39029119 39024206 39017059 39035254 39022357 39030639 38998418 39019995 39022915 39262815 39032256 39040766 39042345 39050139 39047715 39044286 39052271 39044699 39053710 39046859 39046376 39050824 39049362 
20 39049499 38828691 39021125 39024987 39022949 39021174 39015424 39027652 39019659 39030285 39016091 39017016 39030623 39025799 39023782 39022193 39028908 39022863 39018644 39263972 39039837 39048982 39046344 39050423 39035139 39044301 39036862 39040114 39047022 39040157 39039568 39044624 
21 39047152 38832315 39021218 39015424 39016088 39017189 39023370 39031638 39028786 39035583 39031799 39027213 39017878 39024528 39019798 39016952 39017469 39035771 39025517 39019434 39261045 39032393 39043368 39053030 39039528 39047914 39045976 39045280 39054601 39053974 39050865 39046194 
22 39054553 38823447 39033799 39025358 39021493 39020210 39021793 39027316 39017872 39020845 39021399 39028855 39023371 39028083 39018047 39006178 39023924 39018513 39017823 39024511 39032278 39261339 39050493 39063136 39047328 39041917 39045462 39042567 39052852 39039814 39045740 39049270 
23 39047788 38842235 39021911 39029326 39015245 39018654 39028393 39020435 39030052 39025507 39021499 39023425 39029955 39019657 39017608 39013042 39023282 39027112 39021574 39034813 39021936 39032575 39251845 39039116 39047462 39048566 39053385 39041481 39059384 39043372 39047280 39047614 
24 39041385 38833345 39033060 39015352 39019400 39031297 39032531 39008512 39031435 39020798 39013937 39018275 39030797 39016431 39022589 39016384 39030455 39023132 39032266 39022515 39027701 39028833 39029646 39244655 39050755 39047970 39057874 39046407 39053031 39045846 39052070 39051037 
25 39040058 38839405 39023418 39036366 39029025 39023204 39028056 39021635 39026491 39015283 39020776 39012578 39017821 39025231 39023920 39028512 39027826 39027008 39013363 39019863 39021011 39040712 39022716 39029881 39248990 39047666 39053234 39059655 39044632 39051597 39039383 39051478 
26 39034475 38847776 39030818 39023959 39028317 39017629 39026856 39021539 39019780 39024666 39024945 39018768 39018074 39021623 39032203 39016135 39026444 39027404 39025992 39021332 39028628 39028324 39029315 39025086 39033261 39234657 39039091 39050488 39044709 39055499 39052120 39056347 
27 39033542 38837357 39031192 39028195 39034472 39034023 39023550 39026095 39024817 39024942 39039613 39023813 39025715 39033958 39035921 39017016 39031235 39036700 39026634 39040390 39016335 39022839 39020115 39034000 39024829 39024543 39240046 39039018 39043849 39046612 39051665 39057083 
28 39036492 38829056 39039469 39035288 39017823 39015602 39014258 39035394 39023641 39019649 39020817 39026340 39011431 39030320 39017769 39009431 39032431 39024281 39013966 39023353 39018954 39016079 39021714 39027397 39026340 39030289 39018303 39237202 39044843 39046283 39047947 39046836 
29 39027651 38843539 39049641 39028751 39028407 39034660 39017599 39025988 39041731 39030448 39032018 39028909 39030182 39029580 39020276 39026443 39020820 39030980 39026552 39040818 39023261 39023682 39019851 39029372 39034795 39036469 39035241 39022699 39236024 39045250 39050576 39045890 
30 39042775 38847524 39025622 39019571 39020870 39034291 39037135 39028691 39035619 39042147 39027233 39016373 39026713 39022035 39020426 39025533 39029843 39035004 39028216 39024529 39021923 39032716 39031551 39021570 39034136 39026442 39023275 39034647 39024798 39225678 39040587 39045529 
31 39050400 38824752 39036302 39020040 39021553 39026559 39025415 39024576 39030885 39029435 39030425 39030000 39028769 39029319 39031279 39013935 39027003 39029666 39033932 39024768 39038859 39026298 39030667 39021879 39024377 39022723 39041402 39024983 39034033 39025786 39237517 39030728 
32 39036786 38853209 39033355 39027659 39028600 39015877 39026476 39018702 39034257 39021459 39018223 39029181 39030889 39034836 39037823 39013155 39037018 39014181 39034786 39026535 39029419 39034309 39030811 39030184 39019134 39021507 39025051 39014488 39025877 39025630 39019132 39209306 
33 39026724 38843522 39033490 39030352 39030019 39021478 39037594 39038592 39028113 39031881 39022735 39028974 39023217 39028095 39022463 39029831 39033694 39010693 39016260 39035536 39023539 39029999 39017905 39017331 39029208 39034041 39033577 39030771 39052773 39027138 39042369 39019356 
34 39028873 38840195 39018519 39019622 39024833 39025935 39018795 39025361 39021787 39020130 39029938 39016022 39031457 39019022 39029381 39020534 39034796 39029807 39030509 39041889 39027783 39031387 39023981 39028747 39028153 39022879 39027398 39015904 39028882 39020014 39019435 39019494 
35 39044608 38846060 39024410 39027913 39030954 39023568 39022327 39037663 39027511 39019874 39034501 39020880 39026722 39028373 39028887 39036570 39034119 39028438 39021739 39031709 39019027 39035555 39031246 39042403 39028766 39026906 39037195 39036180 39019949 39024494 39040232 39018280 
36 39036667 38848594 39012747 39035568 39037265 39042313 39038503 39026232 39024639 39030624 39031971 39019392 39032707 39040862 39038112 39011343 39026027 39024852 39022972 39029520 39031486 39028014 39022748 39024765 39020617 39025650 39032019 39022452 39028380 39026057 39030382 39024397 
37 39020505 38852776 39029266 39035295 39017444 39018891 39026020 39024783 39020431 39036776 39023567 39036588 39016725 39018710 39038837 39033640 39038213 39020525 39031932 39022888 39030299 39030533 39022820 39032618 39019136 39026620 39033811 39030542 39023204 39016710 39037555 39028297 
38 39021809 38864148 39031678 39014832 39026642 39034454 39018170 39033404 39032842 39013215 39024618 39023105 39029780 39036935 39029488 39009875 39024882 39028331 39030066 39021117 39033507 39037741 39028275 39039027 39041351 39028421 39032912 39024858 39029760 39026591 39030025 39020231 
39 39031563 38858134 39034446 39028091 39022876 39030242 39027301 39041107 39023815 39024014 39030523 39022231 39033325 39034159 39017978 39023270 39029732 39029210 39024504 39022021 39026531 39027205 39016012 39029624 39026146 39025398 39024172 39033984 39021381 39025033 39033202 39017557 
40 39025878 38852438 39016928 39025196 39022292 39027132 39022313 39028769 39027582 39023087 39037452 39022402 39032588 39032358 39024728 39018257 39024775 39033494 39023685 39027168 39015059 39028857 39031940 39029399 39015785 39026542 39031456 39041312 39030226 39031655 39011035 39014311 
41 39024387 38853372 39024179 39035866 39025568 39028118 39039305 39028281 39025944 39037396 39034607 39026530 39022704 39031684 39043688 39034905 39024922 39032370 39029195 39035321 39019423 39034452 39029544 39027912 39020152 39029298 39030364 39034196 39032129 39036852 39035798 39019815 
42 39024564 38844239 39026541 39031383 39025970 39036462 39030706 39032583 39022451 39042805 39035484 39024518 39026577 39021271 39037779 39031406 39029516 39027089 39026474 39041105 39024168 39033778 39025091 39028935 39027251 39026868 39031362 39034008 39027550 39030659 39022664 39033323 
43 39006757 38862093 39032930 39034623 39029864 39023351 39036819 39020319 39029392 39033564 39028150 39027148 39028893 39025847 39007406 39013512 39014416 39035563 39030679 39025680 39037080 39028610 39025219 39034271 39029963 39034573 39032363 39034400 39023191 39019242 39032017 39028999 
44 39016868 38852607 39021217 39031010 39038656 39027045 39024828 39026808 39030540 39021745 39031251 39023504 39022067 39027282 39039566 39031232 39019190 39034951 39033588 39031610 39023598 39028101 39030741 39018728 39033231 39024372 39026431 39028042 39041301 39029340 39026727 39027509 
45 39016198 38850646 39026078 39029392 39039339 39024074 39032164 39017032 39034253 39027324 39032883 39029636 39026997 39033364 39025634 39030589 39034600 39032692 39030669 39030000 39019202 39027541 39022155 39027669 39033072 39033956 39036075 39030890 39036790 39041280 39039576 39021793 
46 39016399 38869521 39037355 39032032 39038294 39027872 39034518 39037669 39033049 39024933 39033884 39022462 39030276 39032724 39027791 39027529 39030192 39026281 39034445 39035070 39023038 39025198 39037811 39029632 39039312 39023962 39031201 39018771 39014368 39047002 39015161 39025992 
47 39007019 38865533 39040245 39035851 39038506 39029175 39023811 39029190 39041519 39022313 39039527 39032661 39024548 39026543 39027881 39021687 39029216 39032063 39036183 39038154 39030389 39043009 39039995 39033765 39040096 39024264 39034519 39027133 39033139 39019071 39052857 39032779 
48 39026371 38865046 39037386 39031223 39034118 39024982 39026765 39035823 39027371 39033077 39030314 39039996 39029008 39024428 39041388 39023430 39020068 39034937 39042332 39028813 39034192 39032212 39025006 39045081 39026043 39035723 39028049 39040250 39035833 39034657 39018766 39031459 
49 39003489 38864220 39037724 39029752 39031794 39032063 39032844 39029319 39042967 39031298 39029185 39035193 39024473 39035462 39025893 39024190 39032180 39037666 39031447 39042770 39022013 39035103 39027282 39037645 39042001 39038955 39031560 39047930 39044893 39032460 39039867 39023812 
50 39018998 38866713 39031550 39040508 39028935 39034866 39034464 39033116 39020326 39033635 39022405 39030904 39030782 39023377 39024318 39033001 39045368 39018299 39038447 39029077 39023926 39026014 39024822 39032277 39033141 39030541 39020472 39034718 39036919 39034385 39038271 39018091 
51 39018209 38870455 39051696 39023672 39024810 39040257 39028868 39024338 39029764 39036702 39028934 39033545 39038181 39034119 39030763 39045312 39034573 39021179 39030909 39034359 39035956 39030136 39030555 39026229 39037124 39028583 39040853 39019561 39021264 39039690 39042561 39021586 
52 38999765 38854205 39032543 39024593 39026623 39037570 39026183 39016472 39030064 39033729 39034946 39038295 39024656 39032197 39033112 39017694 39036201 39029881 39026563 39023973 39044006 39041421 39035100 39031474 39037823 39032871 39038384 39018624 39034474 39025459 39028404 39023652 
53 39019079 38876975 39021062 39027803 39023847 39040450 39031322 39048321 39033964 39031198 39027383 39023929 39030763 39036137 39028571 39026223 39021824 39029023 39022121 39036824 39036814 39039298 39025407 39035957 39029970 39033764 39019826 39044305 39025410 39042484 39047911 39025813 
54 39002158 38864150 39034960 39037452 39028992 39018826 39026933 39030174 39024378 39048610 39028746 39028724 39026388 39023833 39042418 39035215 39027291 39030633 39023101 39027327 39040452 39041411 39026544 39028903 39034937 39035545 39030233 39030555 39040116 39027820 39035637 39019955 
55 39012210 38861855 39038483 39027957 39034160 39032415 39045899 39044897 39039284 39031210 39030835 39030200 39032156 39033342 39036129 39035354 39027504 39026049 39031441 39033008 39035453 39036488 39032696 39027976 39041935 39034510 39037339 39024893 39032415 39036369 39043896 39025869 
56 39015817 38874665 39041181 39030387 39036151 39036518 39032114 39020042 39042058 39028477 39030517 39028797 39027412 39037396 39033963 39021926 39030057 39020131 39040319 39029577 39032779 39041289 39031190 39030102 39036083 39032125 39031990 39029911 39039166 39026380 39034455 39021794 
57 39018420 38870698 39028163 39044832 39034940 39032628 39038870 39038490 39032546 39037166 39041858 39041545 39034620 39021419 39032038 39025439 39036711 39041277 39031639 39025593 39033102 39037299 39027512 39034114 39042630 39031544 39026065 39024784 39019818 39026383 39046943 39025114 
58 39016523 38878622 39031738 39019887 39027671 39029812 39034348 39032102 39027738 39022746 39030416 39032800 39032927 39032469 39028808 39031174 39035122 39030630 39028370 39032894 39043481 39019553 39031072 39034663 39028836 39038370 39036515 39042981 39037459 39045235 39022971 39025621 
59 39022260 38861776 39039158 39036885 39023609 39039495 39042917 39025010 39030899 39039196 39039981 39033902 39039470 39037826 39037086 39028326 39029456 39035225 39024689 39033095 39032677 39028305 39029229 39048821 39028694 39035518 39033960 39033171 39039376 39043255 39041023 39032429 
60 39023265 38876436 39034230 39037816 39043522 39033081 39018622 39026899 39033970 39034817 39029078 39032310 39036726 39042064 39034718 39036434 39045707 39030392 39040414 39055808 39042247 39036369 39044580 39022995 39028685 39027728 39027437 39039783 39023951 39040438 39030005 39025065 
61 39010318 38874613 39027669 39033951 39028655 39044677 39031024 39034885 39028590 39025160 39034345 39028172 39027582 39031869 39035642 39031739 39035524 39031216 39030285 39037622 39031313 39020939 39038555 39039712 39025551 39032625 39024948 39031742 39027234 39036332 39042503 39029222 
62 39016941 38867106 39041859 39032596 39036640 39028234 39041673 39017389 39046158 39015376 39038468 39036078 39044906 39038565 39045461 39030396 39041837 39019044 39025237 39030003 39024946 39029698 39039579 39032564 39029919 39039634 39033026 39040065 39047657 39036752 39032497 39029313 
63 39017495 38862617 39037661 39040556 39033633 39029258 39040002 39034218 39031386 39034215 39042443 39029926 39032349 39030753 39047354 39028679 39037013 39032090 39034320 39039623 39026526 39049108 39022706 39027024 39039824 39048981 39036336 39032975 39043748 39026222 39038822 39018888 
64 39029407 38864926 39035874 39023434 39042061 39040223 39030121 39033421 39032390 39028785 39035727 39036382 39028415 39025334 39037489 39027896 39026961 39042203 39039154 39041263 39019895 39041069 39041959 39037499 39035420 39049235 39036630 39038472 39036214 39040438 39020457 39035568 
65 39017224 38870949 39032036 39031316 39025024 39034250 39025590 39026329 39037987 39030288 39036915 39043024 39050710 39040191 39044705 39032090 39039904 39014757 39048229 39027123 39029396 39034401 39034619 39035559 39049143 39041314 39046314 39034468 39042910 39038612 39044955 39017573 
66 39015501 38871074 39037724 39030187 39026485 39040120 39033771 39026990 39036406 39042324 39032740 39040128 39024420 39033624 39027652 39033945 39035246 39042873 39042124 39027969 39032393 39029737 39029756 39031377 39039112 39044854 39034238 39019480 39024298 39049636 39027058 39031114 
67 39031403 38882131 39036007 39043166 39025196 39023179 39025490 39035138 39044736 39023326 39049358 39040371 39041244 39034518 39026041 39025638 39022058 39030863 39034853 39030321 39038273 39032887 39025160 39024883 39030048 39039119 39029223 39038050 39024179 39033554 39037582 39038901 
68 39020376 38872667 39037057 39042680 39033624 39034938 39046624 39036952 39035785 39037601 39044344 39031145 39031804 39022535 39043848 39022350 39029318 39038627 39055681 39038922 39031444 39027656 39053901 39031835 39040249 39045973 39045151 39039467 39042501 39036564 39036903 39033878 
69 39012260 38880352 39035308 39040803 39038089 39019784 39031145 39033972 39043657 39040971 39041518 39050624 39034122 39041365 39038516 39029835 39032563 39034299 39034726 39049022 39047070 39040203 39033627 39039367 39033694 39028555 39036779 39034997 39044149 39039921 39041731 39029117 
70 39012145 38865405 39040683 39049662 39039184 39028008 39035422 39037073 39038810 39033456 39037513 39035346 39027021 39041428 39036373 39031256 39042702 39043680 39023272 39034666 39040844 39033330 39040643 39035315 39028650 39055870 39032416 39029359 39036865 39027899 39032910 39037788 
71 39015662 38891211 39042318 39040182 39036035 39033259 39033739 39028768 39044865 39032002 39039812 39036421 39037006 39025948 39029756 39040035 39043381 39039615 39026319 39037492 39041231 39030743 39045615 39042834 39050641 39032736 39037032 39037141 39028225 39054062 39043610 39015356 
72 39017897 38875618 39031644 39036102 39042088 39034581 39048722 39035829 39028867 39035393 39030541 39042187 39037108 39046601 39045360 39032066 39044488 39029009 39029317 39034209 39039855 39043075 39046626 39026113 39037429 39020871 39036246 39033433 39040794 39035940 39022827 39038431 
73 39018922 38877120 39045457 39030488 39039897 39038313 39037057 39031880 39033477 39033106 39042578 39038263 39041548 39037319 39043601 39025948 39035722 39036686 39044100 39045295 39032227 39032410 39046412 39045841 39037893 39034405 39032319 39039855 39029194 39032572 39047958 39035278 
74 39018580 38892456 39032655 39035198 39036849 39035624 39037291 39028190 39031077 39039281 39027417 39038778 39034230 39036192 39032341 39024622 39033752 39052252 39031289 39042830 39042245 39033545 39023606 39045019 39029388 39047459 39034725 39026951 39041375 39034594 39026381 39036310 
75 39018764 38886850 39025409 39033811 39036878 39028781 39041661 39035632 39029543 39046243 39026044 39040626 39045190 39040827 39037483 39029081 39033319 39039433 39035639 39032261 39043738 39032559 39035982 39042943 39033392 39024645 39033599 39037876 39038732 39036728 39043110 39032353 
76 39026081 38887686 39041734 39032251 39045374 39040736 39025024 39026598 39036156 39045286 39044483 39045977 39038028 39028623 39039468 39033882 39035131 39046754 39034058 39040448 39032969 39032419 39039530 39041099 39045119 39039291 39040654 39038724 39034657 39022605 39029452 39032182 
77 39018706 38883461 39035167 39027211 39036274 39031154 39038540 39044023 39034998 39041313 39037603 39048087 39033082 39035833 39036214 39034929 39039392 39031021 39034582 39045823 39050213 39034006 39041165 39038853 39035903 39034032 39051552 39041287 39040848 39032797 39038993 39032103 
78 39027446 38882435 39049419 39037223 39038230 39030452 39046982 39034796 39046483 39034997 39031794 39037110 39026841 39044070 39037527 39029008 39038952 39049868 39052659 39031996 39045683 39038270 39038941 39038887 39045314 39044827 39034007 39029341 39039286 39041520 39024732 39048388 
79 39009993 38880220 39045717 39035318 39029649 39032774 39035790 39038025 39039703 39029241 39043070 39048170 39031444 39046113 39025391 39027868 39032410 39032914 39036084 39040828 39039956 39042545 39044300 39024570 39031838 39028461 39049173 39039054 39042250 39044360 39023279 39032981 
80 39037472 38880501 39044536 39041118 39039352 39037422 39037102 39034561 39027818 39030979 39023355 39032580 39027084 39045312 39043303 39031529 39045210 39034684 39037064 39022554 39048674 39035016 39029101 39036901 39039378 39039732 39040056 39049204 39038731 39035135 39037228 39034494 
81 39022962 38888029 39042104 39040160 39043566 39039849 39039066 39040061 39046469 39043810 39041805 39038822 39044461 39048285 39035695 39034203 39036332 39042356 39028814 39029963 39025675 39038505 39037561 39041076 39039852 39043165 39034125 39036284 39037413 39039821 39047269 39039248 
82 39030564 38885571 39040029 39038704 39038481 39034459 39034761 39037988 39027993 39043574 39035109 39041924 39034228 39038358 39038502 39037761 39044112 39033595 39034299 39028316 39049552 39042212 39035556 39038871 39043776 39045999 39044504 39029866 39043403 39045753 39036300 39043162 
83 39030392 38892471 39042228 39041790 39036320 39040118 39045120 39044365 39042487 39043591 39039157 39041014 39036380 39033872 39044846 39030297 39040233 39040589 39039450 39045860 39032150 39043114 39035146 39046140 39038052 39028726 39032779 39042328 39032593 39023288 39040199 39035341 
84 39029088 38891489 39043884 39040896 39044550 39045246 39041807 39030243 39041043 39049959 39027660 39046627 39026271 39051467 39030665 39039302 39031050 39034151 39043241 39034620 39051529 39046761 39035652 39041735 39036901 39031974 39050989 39033634 39043776 39036868 39023014 39035533 
85 39026718 38885171 39046699 39040534 39040397 39033115 39032948 39048483 39034882 39033746 39045334 39040231 39042726 39040579 39040172 39031603 39032604 39032763 39050304 39035368 39032551 39051867 39040376 39035066 39031520 39056662 39035276 39041789 39038039 39043919 39053013 39050176 
86 39025129 38882198 39038705 39039862 39032968 39038762 39048510 39034890 39043453 39039781 39040090 39040588 39046518 39038122 39046169 39040892 39043263 39035478 39034137 39054131 39042743 39039615 39028871 39036109 39033451 39037172 39038673 39032999 39046858 39047881 39031380 39053498 
87 39021766 38886597 39040345 39034659 39053040 39038574 39036855 39041919 39037662 39042473 39032364 39042074 39046131 39049761 39034474 39031829 39049797 39028674 39035769 39046197 39042400 39037916 39032796 39026979 39030687 39037442 39052044 39047067 39039623 39045510 39049030 39030828 
88 39027430 38881594 39035065 39042758 39034000 39031040 39042782 39045282 39043246 39038687 39049393 39035428 39047692 39022881 39039583 39025847 39043307 39035910 39044403 39045196 39029234 39035113 39037366 39044585 39032640 39036943 39045029 39045263 39047521 39043540 39033849 39038199 
89 39031706 38892029 39032675 39038552 39035822 39040649 39047128 39052888 39026433 39047855 39052327 39040838 39041575 39046035 39030797 39039473 39029457 39049035 39029835 39034625 39035837 39036554 39042569 39035794 39044943 39032819 39030483 39021400 39051048 39049817 39050206 39042720 
90 39027992 38895065 39038891 39039629 39049755 39037209 39046488 39035270 39039521 39023419 39045994 39030787 39047805 39036484 39050872 39026833 39046873 39037457 39041262 39034233 39038728 39038463 39044979 39046212 39046636 39041925 39048263 39023317 39053155 39052569 39031941 39026199 
91 39026049 38888224 39038765 39056203 39043179 39043325 39032586 39051256 39046369 39041592 39033397 39047259 39042728 39038569 39031818 39037109 39035936 39034500 39035681 39039014 39048896 39032922 39032894 39048497 39044481 39051698 39045853 39045596 39038311 39037860 39046237 39034601 
92 39028666 38892402 39028411 39037683 39054632 39038629 39038681 39037216 39042239 39038033 39035820 39045535 39044539 39040492 39045666 39034436 39046306 39040248 39046576 39035157 39035902 39039878 39038152 39050752 39050037 39046408 39050426 39044308 39038737 39045474 39040029 39033466 
93 39037845 38884873 39052423 39041803 39044796 39046914 39045422 39033295 39047081 39041324 39040815 39048062 39057918 39037554 39048981 39039421 39048273 39055401 39046012 39045367 39044111 39047607 39045197 39044555 39042489 39033411 39037163 39038973 39034175 39037872 39044000 39032131 
94 39039635 38894376 39033459 39045714 39054143 39046650 39045547 39044602 39046968 39044432 39048103 39044159 39031046 39042235 39044112 39042618 39044452 39032483 39045173 39047847 39038790 39032223 39047487 39037997 39033522 39044368 39049518 39044197 39049938 39045318 39042363 39033146 
95 39021317 38894201 39028070 39038202 39041827 39051562 39040538 39034575 39044894 39043367 39029419 39041394 39043807 39040913 39034452 39036644 39031102 39033125 39049094 39034866 39042635 39030647 39033715 39053397 39042049 39037710 39045937 39041045 39040804 39040348 39053016 39039326 
96 39031908 38895736 39052037 39040767 39042246 39045563 39046654 39035557 39046957 39051106 39047022 39043141 39054118 39045912 39047400 39027543 39044863 39040997 39049053 39046618 39039853 39039690 39048289 39051346 39055422 39041855 39053895 39039636 39049110 39056830 39038491 39049842 
97 39025831 38913443 39048736 39044823 39036502 39027068 39038409 39039209 39041596 39048291 39049531 39044694 39032202 39042247 39036857 39050414 39042373 39041516 39031335 39055495 39042248 39055292 39043778 39041581 39055204 39046056 39046000 39052933 39043713 39049310 39053728 39031986 
98 39049698 38888161 39033027 39050779 39038365 39043264 39034270 39042325 39056358 39033812 39033094 39053697 39046259 39034679 39058641 39035980 39039931 39050444 39040542 39041305 39049494 39046604 39057075 39047216 39048664 39039732 39048144 39043284 39044452 39034547 39047006 39047463 
99 39044789 38888693 39038069 39044568 39044327 39037112 39044046 39041353 39042749 39035536 39025105 39049916 39038748 39049929 39048055 39032763 39036931 39053863 39047911 39057401 39046751 39041293 39054578 39042921 39043146 39044410 39040681 39044057 39036999 39039750 39057385 39034504 
100 39051032 38890895 39042961 39045961 39045445 39057260 39049241 39044590 39054151 39051964 39043348 39050635 39046764 39043869 39048069 39038884 39038788 39044857 39052099 39034508 39027345 39045142 39032553 39033136 39031873 39041482 39038394 39037987 39043187 39047559 39038833 39044172 
101 39046968 38895474 39039278 39053305 39042085 39056903 39047660 39040431 39035873 39034277 39044642 39046914 39048325 39032794 39051824 39044017 39037248 39043833 39042827 39037628 39055558 39046642 39051419 39048447 39046571 39043919 39040821 39036468 39049723 39038338 39054906 39032252 
102 39035797 38898957 39044302 39051147 39044359 39048577 39042046 39048902 39044936 39042490 39044046 39045188 39050093 39052294 39048296 39040355 39046407 39053604 39038365 39041489 39048847 39050221 39036748 39041456 39052239 39049758 39041788 39050884 39037555 39051848 39036116 39038719 
103 39046210 38896879 39047815 39039707 39045635 39046585 39044862 39044354 39045301 39060527 39054962 39044656 39048638 39050974 39047309 39041495 39049940 39044917 39038305 39050512 39042564 39043800 39041758 39046536 39048926 39040591 39039240 39037477 39042894 39041243 39052116 39031759 
104 39039952 38896316 39041994 39041938 39035306 39035575 39038912 39039103 39040144 39048875 39031749 39053481 39053659 39043925 39035096 39038665 39044893 39050968 39044627 39044536 39049122 39044503 39048714 39039267 39047991 39043804 39055886 39044586 39049191 39036556 39028830 39048929 
105 39030982 38900932 39053426 39042538 39049942 39042788 39035884 39041220 39046874 39053815 39048582 39046803 39047212 39054933 39051271 39045283 39050257 39037464 39037845 39047023 39046083 39046688 39050091 39043651 39049708 39035075 39044113 39048240 39050750 39049287 39037149 39040998 
106 39051316 38892060 39038242 39038258 39042605 39050469 39049954 39048963 39042330 39050871 39049189 39047767 39033366 39044221 39056440 39051036 39035261 39039813 39045418 39047216 39040622 39055554 39044654 39046519 39039061 39043547 39049100 39049212 39044797 39043976 39030530 39044920 
107 39035515 38892237 39052165 39053992 39049039 39060893 39049620 39041543 39048697 39044859 39053384 39050213 39055607 39048485 39051419 39048986 39046995 39043669 39035649 39040953 39045288 39045832 39049326 39052045 39048802 39040134 39037745 39051969 39049558 39039819 39049821 39041165 
108 39047987 38889718 39027186 39042708 39048026 39043907 39039946 39049295 39048088 39047876 39046623 39049137 39045243 39046259 39049559 39020423 39047943 39042368 39047221 39050657 39048015 39061012 39049134 39039143 39053321 39032941 39055825 39042016 39051326 39043568 39038271 39049809 
109 39049805 38897858 39041479 39049651 39050375 39048520 39047324 39047644 39047208 39049408 39055671 39050294 39058169 39048887 39038210 39031923 39052223 39040645 39038556 39046442 39055383 39048621 39052142 39036539 39052763 39045415 39050498 39043479 39045742 39052473 39043813 39045442 
110 39052587 38902152 39054645 39044630 39036003 39050248 39041475 39051425 39047063 39031918 39054959 39054857 39055919 39050341 39053012 39048249 39044702 39055104 39056282 39048976 39040724 39045408 39050735 39045633 39063957 39040044 39047549 39047831 39048599 39037612 39043871 39026188 
111 39052832 38900674 39048840 39053269 39042617 39051270 39054487 39047067 39042338 39055966 39040444 39050263 39052156 39057914 39049558 39032562 39043446 39038911 39043443 39041046 39047926 39047250 39047811 39041766 39049480 39043120 39043407 39045086 39038989 39042630 39054563 39035610 
112 39069961 38899295 39047254 39053377 39050167 39053341 39035386 39048197 39057280 39048601 39039693 39055667 39045821 39038494 39040881 39042292 39047719 39042388 39053694 39048910 39039444 39047929 39052171 39048170 39047555 39041894 39057282 39055393 39048906 39051099 39049874 39047533 
113 39061094 38912657 39047653 39045392 39043789 39042095 39043840 39045557 39050143 39041769 39037910 39049184 39054773 39039792 39052969 39055205 39049963 39051492 39043586 39042348 39052201 39049579 39044282 39054098 39042046 39052917 39052130 39057512 39039903 39048125 39058007 39043481 
114 39055318 38899363 39029612 39048478 39063655 39051403 39057484 39052103 39054163 39040925 39040001 39045373 39041768 39050056 39047925 39047215 39046893 39041716 39047454 39037271 39041829 39050701 39040502 39037792 39038090 39052288 39049846 39052036 39044008 39043885 39031534 39039416 
115 39032110 38921002 39058648 39042933 39050384 39054828 39045828 39049298 39049545 39049717 39045317 39054560 39053389 39044713 39057533 39038540 39043081 39046979 39039096 39061218 39049667 39048500 39055085 39052220 39043695 39055104 39040924 39064848 39051619 39045036 39052102 39034936 
116 39047365 38902021 39055216 39046287 39054556 39050866 39051679 39035522 39044453 39051030 39046531 39050908 39051664 39054046 39046742 39040940 39058479 39044416 39046034 39062787 39062456 39059144 39051969 39048307 39043335 39048252 39044578 39044315 39036792 39040194 39044626 39035349 
117 39068502 38893287 39054812 39058155 39041840 39041668 39054676 39056076 39056053 39056051 39048627 39036449 39054992 39045391 39048546 39052696 39041923 39050901 39053778 39051579 39051620 39047801 39037661 39045848 39063152 39053952 39051315 39067162 39051047 39046365 39058399 39034980 
118 39057820 38902610 39050018 39051614 39053375 39044188 39053850 39046181 39040239 39051834 39046954 39054386 39053735 39052517 39049238 39053328 39045655 39055101 39040775 39058078 39057299 39048580 39045015 39052519 39048536 39043453 39057058 39043096 39032397 39050880 39045293 39048859 
119 39061492 38893736 39061049 39050844 39050781 39039273 39037770 39059158 39045981 39056663 39052959 39047289 39049208 39054332 39047344 39050177 39051063 39047881 39046848 39037097 39042629 39054884 39056754 39051091 39052437 39045115 39044324 39056849 39049210 39048097 39066974 39047800 
120 39055069 38897823 39050122 39049771 39051432 39040337 39049500 39047219 39067913 39045472 39054438 39053905 39062383 39041470 39055463 39038126 39047215 39040938 39047178 39038047 39043275 39040033 39052611 39051317 39044162 39050405 39047145 39045846 39056873 39047818 39048619 39039452 
121 39054674 38910202 39044866 39055807 39044194 39051353 39054775 39036614 39037243 39061171 39049777 39046634 39044566 39056231 39044758 39052178 39046305 39047932 39050387 39044377 39057058 39047239 39043557 39056307 39050501 39066450 39041940 39045945 39046911 39057141 39065165 39042234 
122 39055857 38912221 39049116 39060791 39059382 39041641 39045350 39040155 39040491 39041071 39049214 39056990 39053650 39048052 39050511 39042069 39045733 39052428 39052202 39040424 39054367 39057330 39061955 39059721 39055270 39048708 39039743 39053796 39055881 39050654 39037614 39044407 
123 39060240 38897253 39051015 39057018 39045758 39056060 39048063 39058023 39041627 39062888 39053085 39056005 39056389 39050158 39047260 39041229 39042685 39055608 39055600 39044242 39048398 39047110 39052250 39058324 39068686 39043224 39049878 39044652 39059853 39048585 39053466 39049781 
124 39057524 38897851 39058887 39049484 39040294 39050423 39053766 39053506 39059126 39056672 39054651 39053302 39049318 39057744 39059174 39046229 39051633 39052716 39047910 39056566 39051467 39047199 39050625 39046930 39053461 39048289 39054514 39046828 39051430 39041786 39046103 39055218 
125 39069344 38904068 39061147 39051341 39047945 39049129 39046899 39055543 39053477 39031578 39047693 39050433 39044788 39060145 39040296 39044783 39052289 39058914 39057495 39040193 39053055 39063206 39051193 39055949 39058243 39053217 39047159 39046123 39059395 39050621 39066379 39048381 
126 39060586 38906047 39053641 39052045 39061153 39047383 39050326 39048445 39056498 39056994 39052300 39058190 39059958 39050270 39041482 39049650 39058155 39057353 39057129 39061550 39059603 39053374 39051982 39051415 39051924 39054957 39059900 39046445 39059723 39046614 39050983 39045270 
127 39044030 38891333 39062481 39047812 39045939 39060322 39054977 39049955 39043301 39050620 39062563 39051804 39061893 39061187 39052781 39049349 39056900 39053028 39050695 39049556 39053001 39057199 39043512 39053344 39047237 39047670 39062353 39046630 39049112 39055696 39051772 39047320 
128 39042202 38903914 39053739 39058306 39061295 39068996 39064116 39059239 39056540 39058054 39050950 39057540 39058807 39056298 39054480 39049681 39069349 39057020 39047517 39053534 39062393 39050601 39056728 39064622 39051130 39049735 39057961 39054126 39060549 39048037 39031877 39052411 
129 38810804 38781838 39072519 39054918 39048686 39039742 39047782 39054381 39032878 39053743 39055534 39048280 39053176 39054987 39047655 39053871 39062698 39053769 39057394 39057821 39052283 39044623 39059191 39058392 39054819 39055658 39055840 39048807 39054082 39043740 39061202 39050764 
130 39124791 38895555 39050399 39051875 39058945 39050170 39060908 39049653 39050719 39052356 39055885 39057578 39051781 39049850 39056797 39044006 39057822 39051146 39058359 39060727 39062596 39051558 39059011 39057509 39057715 39051170 39048579 39056206 39056432 39051784 39034225 39043838 
131 39120526 38899407 39221110 39045514 39043497 39049989 39048049 39061679 39047959 39042039 39062199 39055193 39057589 39061890 39051763 39053674 39046133 39050570 39055422 39048640 39051394 39059472 39046719 39053977 39053517 39047234 39062783 39048426 39056134 39055849 39069437 39047470 
132 39129764 38894212 39062133 39051448 39055703 39055683 39051797 39043437 39048737 39053057 39052283 39061836 39051717 39051678 39056687 39039923 39057026 39050946 39048709 39052052 39057267 39061327 39049952 39051188 39061673 39059066 39048249 39048116 39047439 39051524 39040152 39061907 
133 39126822 38917955 39056710 39058949 39056742 39054544 39058440 39057600 39051750 39048026 39066582 39056430 39055885 39057905 39045736 39050640 39057269 39053644 39047435 39051192 39058816 39046224 39054959 39054378 39053923 39050346 39042390 39048202 39059949 39050245 39055206 39049058 
134 39122947 38918455 39051509 39054507 39061775 39058844 39054993 39059431 39056941 39049244 39059070 39059211 39061209 39043847 39052621 39050424 39069262 39054422 39049784 39060856 39054400 39041933 39058442 39066174 39072659 39046510 39052458 39059349 39052415 39057552 39047633 39045607 
135 39111200 38896387 39054433 39043576 39047016 39050357 39048210 39056801 39056339 39056325 39048129 39058956 39060889 39056202 39055124 39048253 39063139 39057972 39049367 39045772 39054040 39054280 39051705 39054401 39051468 39057153 39059971 39062131 39051222 39058641 39063670 39045510 
136 39111578 38918473 39048857 39050771 39053602 39058295 39066477 39056932 39057607 39056678 39053223 39061029 39051263 39052507 39054610 39048962 39065784 39051304 39062661 39060484 39059047 39056230 39061702 39052623 39062669 39061842 39056145 39065825 39054551 39051867 39051551 39054494 
137 39127565 38916529 39063463 39064437 39057360 39063014 39051353 39071638 39060225 39058874 39056543 39057605 39059907 39058878 39050187 39046278 39057389 39058535 39042997 39045982 39059709 39057484 39052677 39049306 39060179 39069183 39044986 39062815 39054979 39056580 39075217 39059753 
138 39122362 38918397 39062481 39056569 39056358 39053950 39045147 39056366 39062118 39055525 39065736 39052788 39065618 39053509 39055682 39057355 39071732 39059176 39060283 39054782 39050860 39063683 39060195 39056280 39049480 39056520 39054299 39061182 39061314 39052654 39044184 39049314 
139 39113945 38918605 39052159 39067376 39050867 39061195 39076112 39056079 39056355 39058725 39058519 39063456 39050106 39056386 39043907 39044665 39057085 39048934 39053667 39059124 39046429 39062331 39045268 39061184 39053907 39061733 39071610 39067019 39041795 39066773 39055104 39053129 
140 39127046 38925201 39062919 39063927 39070217 39064858 39059751 39065229 39059558 39056871 39060660 39068729 39060858 39057561 39055150 39049553 39055500 39063107 39064507 39049912 39049854 39048997 39054527 39056006 39052723 39062741 39058139 39060266 39058406 39052099 39055437 39041678 
141 39123509 38934364 39068233 39059009 39061541 39059666 39057976 39066286 39052642 39044357 39059287 39056924 39074641 39062823 39060375 39047915 39056995 39064007 39061434 39061339 39070632 39057453 39052532 39060577 39052423 39062031 39060602 39061229 39061542 39055198 39055518 39048889 
142 39118597 38927440 39066736 39064667 39044216 39061045 39058994 39056447 39043352 39057296 39050235 39056631 39062270 39064402 39058237 39059385 39053863 39059147 39050064 39063806 39052491 39061680 39070982 39057009 39059375 39059572 39057970 39056272 39058953 39060349 39057942 39049091 
143 39132842 38917645 39050335 39065752 39061405 39060216 39058984 39063790 39051709 39062441 39063674 39059245 39064899 39061391 39044589 39062846 39071415 39058363 39063285 39049413 39065407 39057744 39061866 39054806 39052238 39065643 39059938 39055983 39069175 39058493 39069802 39048043 
144 39137250 38926400 39060700 39057959 39047578 39061243 39060176 39064471 39065124 39061780 39072793 39057376 39063535 39072305 39052035 39060631 39063921 39054801 39062642 39051517 39062995 39054093 39056512 39063137 39067855 39048393 39057404 39064572 39068229 39060921 39059398 39057179 
145 39105986 38936922 39064720 39049976 39061589 39065693 39060383 39068682 39064931 39064495 39067610 39066573 39061109 39058134 39071307 39061411 39057368 39058165 39074374 39068925 39063017 39067040 39056216 39053040 39055257 39065077 39061927 39053910 39067077 39064472 39074197 39056201 
146 39130251 38922471 39070375 39049890 39061064 39066700 39059612 39052632 39045107 39060016 39062394 39058363 39063402 39058546 39061625 39052628 39057227 39055174 39058192 39062244 39060862 39059277 39077985 39044984 39069456 39079587 39053281 39055048 39064402 39039489 39060486 39069108 
147 39125338 38931909 39070742 39061009 39053879 39059388 39073610 39060889 39062304 39057280 39060287 39066236 39060094 39059713 39058176 39050184 39065887 39057532 39067536 39054810 39052682 39055223 39057993 39062836 39062371 39058427 39062705 39055811 39054162 39062829 39067446 39054308 
148 39137491 38923614 39063194 39056014 39062138 39061168 39063465 39058491 39055244 39060654 39054270 39056423 39057503 39066960 39062704 39049571 39055820 39049593 39054970 39064467 39055544 39065956 39063270 39058091 39049233 39061441 39067698 39053527 39059590 39064527 39037757 39055157 
149 39132320 38929631 39075614 39057757 39061027 39061887 39061974 39057768 39055935 39064454 39079967 39056594 39048633 39063451 39055656 39049861 39060560 39055672 39061125 39068875 39048960 39056343 39074389 39059530 39060564 39055550 39059177 39058943 39058040 39072843 39064078 39059385 
150 39132818 38917456 39064145 39067308 39063543 39065267 39053813 39065780 39063791 39063468 39062488 39057271 39062741 39053374 39053665 39049920 39057553 39063252 39059204 39056867 39061235 39053208 39048714 39062550 39059856 39060702 39068834 39055666 39049232 39060142 39055222 39060549 
151 39131435 38933760 39055209 39060716 39057888 39059167 39061765 39053331 39077881 39063102 39048265 39067847 39057708 39058986 39063479 39047964 39071716 39068541 39067656 39060294 39052177 39057699 39070435 39054644 39059958 39060482 39063706 39064741 39049222 39056827 39059343 39044787 
152 39121863 38928904 39051612 39070359 39064776 39065377 39077692 39066770 39054402 39061590 39065999 39051320 39069394 39071965 39056687 39064355 39061468 39053685 39064910 39053655 39077999 39065739 39067187 39057538 39046344 39061751 39073323 39050760 39063620 39057080 39043696 39062723 
153 39121454 38929860 39066437 39072391 39065493 39054468 39064722 39074884 39074048 39070001 39066587 39063490 39065639 39068004 39051620 39047032 39061081 39070728 39062714 39062624 39065569 39050722 39062565 39055086 39066945 39071738 39057697 39061789 39057824 39062211 39054841 39067903 
154 39128592 38938893 39052538 39056554 39065540 39059311 39063267 39068288 39074795 39062087 39064477 39059516 39059355 39069256 39065024 39061535 39058106 39068485 39064332 39065086 39063178 39061959 39065287 39057020 39067134 39059665 39060288 39056795 39069192 39059612 39057984 39053970 
155 39123934 38929966 39074459 39068543 39073401 39068504 39060641 39058557 39065821 39075900 39067938 39068098 39059187 39069489 39056665 39049535 39059805 39068917 39059381 39067000 39066037 39064997 39045745 39066437 39069985 39061095 39064830 39054138 39058818 39058923 39072835 39054260 
156 39122000 38925953 39064132 39069264 39076921 39066543 39071047 39069055 39073576 39065241 39062545 39065598 39057981 39077120 39064415 39059737 39061776 39057612 39073123 39057955 39053024 39062942 39052505 39061671 39065464 39057803 39055912 39076094 39062895 39062942 39052463 39062020 
157 39132219 38942030 39071575 39060281 39077459 39071955 39080606 39066886 39068050 39064846 39058064 39070874 39060930 39063138 39075616 39059810 39065300 39063023 39053960 39060135 39050748 39064467 39065497 39061744 39076783 39064473 39062685 39070305 39066861 39065219 39069431 39050679 
158 39123861 38936757 39063512 39055686 39069619 39069377 39058937 39061077 39066604 39063242 39069143 39059662 39058591 39067144 39065596 39044903 39056832 39055558 39072410 39063888 39070278 39059640 39064147 39063443 39051781 39060646 39057573 39070767 39058390 39071135 39065488 39053458 
159 39129552 38933714 39068308 39069357 39066863 39072944 39075086 39063391 39068636 39067806 39075682 39061866 39070946 39065697 39060278 39059608 39068056 39059946 39068258 39065247 39062419 39056991 39068574 39065039 39069507 39057196 39064562 39069366 39064659 39070854 39069449 39053102 
160 39141789 38946485 39064951 39068704 39069801 39071608 39081771 39062835 39062957 39059407 39068894 39069553 39063101 39057127 39076938 39059346 39066704 39065940 39070745 39055610 39065061 39063378 39056522 39059541 39059121 39062468 39063235 39065436 39065508 39068937 39060698 39061500 
161 39121432 38950617 39073944 39073991 39063309 39061837 39070799 39071905 39060962 39069290 39060530 39057844 39070610 39064975 39062973 39059954 39060430 39064868 39064064 39067326 39075176 39063508 39063341 39061658 39066418 39054475 39063155 39062318 39063569 39079778 39081875 39058080 
162 39131140 38928638 39068330 39070782 39071455 39073285 39066662 39076904 39062755 39072485 39069052 39059617 39057371 39065829 39071725 39042374 39063531 39069127 39052393 39077914 39072925 39069127 39064343 39062439 39063625 39059524 39061195 39070960 39069758 39068050 39058322 39069686 
163 39134912 38942801 39060631 39077028 39071333 39068134 39066773 39068174 39069218 39066967 39057134 39066758 39056193 39064004 39061857 39052319 39069926 39077447 39081288 39069892 39067264 39062856 39065165 39065293 39077911 39070840 39071804 39058524 39060305 39052664 39073533 39053195 
164 39132790 38944568 39067209 39068131 39065761 39060844 39072903 39055028 39072477 39064940 39070816 39062087 39071356 39061716 39072768 39071483 39069661 39075349 39059662 39071782 39066340 39058840 39072318 39073721 39075697 39070270 39063137 39080751 39067596 39063316 39056125 39060605 
165 39126402 38941646 39067872 39059378 39063837 39082791 39069103 39073653 39063678 39062441 39076629 39067592 39066021 39066663 39066110 39055733 39068730 39078670 39059126 39071152 39072999 39067227 39058926 39076032 39055563 39062265 39068637 39077060 39073858 39066579 39075555 39054658 
166 39126008 38943974 39063810 39064440 39070860 39064209 39070915 39077139 39068393 39071644 39072402 39073915 39064419 39081076 39069935 39053370 39079446 39063723 39071159 39064787 39070482 39070740 39067753 39081578 39069549 39073504 39061948 39074802 39066603 39065480 39057484 39061586 
167 39131056 38950632 39071250 39061718 39073329 39071923 39063307 39067626 39059397 39059917 39074792 39066953 39072929 39063085 39061685 39066717 39055554 39071749 39068160 39069707 39062427 39066760 39070158 39071729 39060537 39059929 39064804 39051649 39069558 39069073 39071016 39061602 
168 39123181 38945815 39066513 39072043 39076261 39062069 39078144 39070551 39075234 39076879 39060217 39072225 39061244 39074259 39080289 39056129 39055771 39067179 39078556 39062025 39064832 39063251 39067505 39069046 39062915 39072553 39069021 39068871 39064811 39066974 39062605 39073312 
169 39122843 38937686 39074753 39058620 39075702 39066919 39067724 39065482 39064944 39072130 39081352 39070719 39072239 39076015 39077155 39049452 39060234 39081089 39077992 39075386 39070368 39073568 39069161 39071354 39061847 39069009 39066603 39082287 39064899 39066183 39074602 39054992 
170 39134473 38945099 39079688 39071748 39067883 39067488 39066940 39069744 39088536 39066326 39070118 39067819 39075416 39066935 39071585 39058831 39060770 39059820 39063926 39074081 39071346 39067912 39065536 39078858 39068792 39066436 39056264 39061544 39059385 39072989 39060853 39065910 
171 39140416 38946271 39072465 39066997 39077254 39065654 39077105 39075727 39067152 39068587 39064070 39078522 39058827 39069415 39079470 39062765 39075350 39059128 39065297 39072913 39070805 39062043 39071741 39072888 39061316 39071385 39064459 39078463 39067840 39066182 39078148 39057052 
172 39124794 39097629 39068253 39080148 39070748 39073755 39076062 39077648 39075664 39072674 39064175 39067268 39072249 39061615 39065672 39067884 39065934 39065347 39076325 39073006 39068304 39068630 39074049 39070844 39078793 39086661 39075502 39071483 39068681 39065806 39056811 39063441 
173 39128464 38933067 39074340 39078336 39072329 39076563 39071085 39077510 39070732 39088375 39057337 39084308 39067062 39071970 39070178 39069191 39052962 39064910 39068714 39064574 39069000 39075028 39070371 39070622 39065415 39068396 39060532 39073372 39078511 39074557 39070467 39070808 
174 39125347 38948528 39064091 39070176 39070111 39070127 39069440 39064749 39073233 39077319 39078487 39072412 39068467 39072570 39059538 39069504 39082312 39073131 39069162 39073434 39074242 39075829 39066696 39074574 39068589 39060312 39078661 39071295 39074022 39069527 39082093 39066792 
175 39118782 38940516 39068732 39073887 39072379 39073793 39072224 39066793 39079381 39080828 39066082 39066513 39077813 39084774 39075672 39065514 39074002 39084017 39079511 39085355 39068003 39072461 39074462 39077470 39061583 39072592 39065487 39066247 39073953 39070195 39082130 39057184 
176 39127175 38954478 39080752 39073232 39064892 39083107 39067352 39062215 39064493 39072292 39074818 39080257 39064998 39079930 39066056 39068548 39071592 39066090 39074609 39078279 39067907 39071187 39071588 39075233 39071055 39074255 39066780 39069422 39075915 39085032 39056930 39070313 
177 39118107 38957446 39073924 39068638 39070290 39060348 39073523 39086113 39077029 39071831 39066607 39074588 39062614 39071541 39076767 39058948 39065320 39068977 39063554 39068887 39068182 39075269 39077212 39067838 39073588 39063733 39066078 39070038 39067969 39077227 39075149 39060424 
178 39122490 38944087 39081881 39074259 39080933 39074962 39074770 39078999 39078453 39079807 39073633 39070266 39072778 39070134 39081779 39069908 39077669 39069324 39073970 39066506 39077673 39061428 39086746 39068424 39071277 39075799 39074948 39072172 39061731 39072322 39059955 39073690 
179 39128843 38944351 39070972 39079190 39072080 39077054 39080884 39071445 39058004 39063706 39082476 39072524 39077996 39071775 39079431 39074901 39075083 39071638 39077542 39074803 39070172 39058911 39072937 39068308 39060741 39067080 39082951 39071738 39070826 39078649 39079653 39067550 
180 39122191 38946195 39078319 39076774 39080170 39074219 39080134 39070959 39068321 39071048 39077264 39081379 39079936 39075670 39086544 39063758 39062077 39070463 39076980 39082805 39077248 39076850 39071741 39080104 39069758 39084787 39074683 39070852 39076488 39065708 39066783 39075253 
181 39115385 38950889 39074412 39071239 39066917 39067256 39082391 39077640 39079303 39076858 39090716 39076699 39076306 39075899 39080935 39063651 39078576 39080272 39075536 39074241 39065280 39071302 39069129 39067872 39065433 39071852 39073519 39078769 39065723 39072483 39081162 39069192 
182 39121039 38956855 39060369 39078679 39077259 39081399 39074154 39086067 39077787 39073082 39069719 39058785 39074611 39079412 39061157 39072052 39060916 39074198 39070399 39074384 39069158 39078684 39080523 39077825 39078633 39073427 39065315 39075998 39080393 39068031 39080832 39077950 
183 39123798 38956821 39074604 39069812 39075087 39088352 39071166 39083535 39068078 39080698 39073300 39077925 39087472 39066301 39070542 39072643 39075132 39079099 39071588 39073963 39082482 39085110 39073411 39068080 39073377 39072347 39068814 39071026 39073246 39066680 39080253 39064455 
184 39116548 38959054 39077843 39080959 39089183 39079439 39077495 39083417 39078031 39075727 39070833 39071123 39079705 39081049 39076105 39069140 39069138 39087745 39093558 39071182 39076240 39065414 39079769 39076447 39081225 39078778 39089044 39081411 39075136 39064468 39074046 39074082 
185 39122808 38959055 39073576 39071100 39066726 39081943 39072089 39082022 39088155 39079132 39081429 39075812 39074299 39072602 39071124 39066412 39070715 39066442 39083821 39084287 39080703 39074910 39068126 39078219 39071659 39068018 39081197 39076405 39075315 39074194 39083553 39074574 
186 39114536 38944562 39081942 39078330 39067696 39084017 39080199 39088237 39086743 39075194 39085587 39076496 39076491 39081833 39072487 39063293 39078460 39077204 39090120 39075740 39089572 39080436 39079546 39089429 39079354 39073084 39066412 39083679 39082203 39076790 39071484 39079261 
187 39111910 38956110 39074353 39078741 39077064 39081396 39084883 39083886 39073097 39086354 39080915 39084099 39081214 39073969 39071589 39079268 39080716 39079811 39077179 39078865 39071204 39079703 39068980 39067696 39065908 39082343 39070129 39076896 39081402 39073939 39079693 39070613 
188 39122305 38955986 39084503 39082232 39080566 39078218 39069362 39072495 39074650 39081348 39090276 39071373 39075658 39091848 39077490 39073754 39078519 39073374 39072093 39081632 39077996 39061535 39075141 39075775 39073936 39083452 39078077 39083289 39078977 39083157 39073824 39071440 
189 39117255 38958227 39079253 39076698 39087380 39086063 39084494 39082133 39081370 39079500 39068186 39085064 39086935 39072870 39078023 39065705 39076349 39088899 39087465 39076185 39076231 39078762 39076014 39080430 39079103 39077574 39078167 39071021 39074689 39076560 39076924 39064481 
190 39117440 38954588 39087335 39079900 39087774 39079471 39079640 39076201 39087325 39088422 39075422 39084210 39073158 39082871 39075872 39075188 39075788 39078527 39076660 39085345 39078867 39069347 39073874 39065938 39080992 39081295 39082151 39071042 39085946 39080183 39071224 39082011 
191 39101207 38953871 39082102 39076344 39081861 39082046 39077535 39084610 39090704 39087868 39073707 39076602 39072430 39087632 39074569 39074839 39078476 39077688 39076931 39083402 39082396 39083893 39082009 39076672 39083624 39076991 39079154 39074065 39080898 39075456 39091339 39075224 
192 39124903 38966949 39107709 39086499 39085959 39081353 39089178 39079498 39085643 39076248 39085166 39080503 39087415 39082242 39088619 39069690 39083772 39079972 39069766 39087320 39078193 39094978 39083193 39077851 39077434 39083940 39071919 39074774 39088395 39074655 39085593 39071924 
193 39098978 38952108 39090620 39078950 39076777 39074552 39086836 39081929 39082216 39077703 39074078 39072971 39080721 39086864 39075857 39072425 39077704 39083677 39081149 39068959 39073942 39086145 39075701 39079124 39076696 39073663 39079140 39088359 39078302 39067461 39084603 39068022 
194 39111862 38946844 39078901 39083249 39081040 39081848 39082752 39087270 39085753 39071474 39091088 39091211 39083153 39077416 39094338 39070561 39088619 39083821 39083451 39087902 39084293 39072757 39087481 39089433 39075203 39079302 39081444 39081179 39084189 39077468 39065568 39076352 
195 39113296 38966030 39087753 39087821 39093261 39087891 39088462 39079767 39079672 39083873 39085781 39083596 39088112 39083603 39084181 39072288 39070229 39082209 39077844 39082369 39078834 39069261 39079058 39080000 39089851 39078389 39081158 39076807 39078863 39077706 39091910 39065990 
196 39110511 38951579 39086940 39081997 39085652 39086160 39081835 39090793 39085508 39076338 39072685 39092848 39086415 39073949 39088974 39080541 39070629 39089924 39082014 39085009 39085353 39082275 39072636 39081649 39073247 39086886 39071829 39067608 39074190 39085540 39086760 39080221 
197 39103494 38960324 39076750 39090155 39094503 39092184 39091839 39089781 39080835 39080754 39087906 39084219 39086234 39083024 39083814 39077683 39084172 39084349 39091627 39080212 39082137 39093139 39075544 39078285 39072921 39079619 39084154 39090276 39076103 39072989 39083245 39072658 
198 39099932 38961971 39088631 39073310 39094746 39087409 39090335 39080588 39081656 39088866 39083764 39091847 39091114 39084458 39081731 39081092 39092397 39084503 39086120 39090683 39084681 39073731 39079469 39083472 39084296 39088073 39078434 39066513 39070137 39076028 39079089 39075470 
199 39106483 38963435 39085268 39086326 39081628 39082219 39081058 39085206 39095191 39083512 39082124 39092679 39081392 39076651 39076861 39087759 39085624 39084862 39083363 39092775 39091736 39086656 39084026 39073278 39072017 39080848 39071599 39092658 39078458 39083554 39087417 39080757 
200 39096625 38964497 39083580 39089098 39087227 39084554 39092864 39082009 39088398 39080817 39077257 39092844 39087716 39100583 39094686 39070611 39095392 39080859 39091604 39081503 39091395 39088136 39074985 39080322 39089887 39083701 39072404 39082398 39082031 39086209 39070775 39075045 
201 39106499 38961515 39086616 39092834 39089784 39087228 39078671 39089413 39091095 39099704 39092476 39086330 39077225 39087428 39073303 39077281 39093033 39090706 39089525 39074028 39073165 39081932 39085781 39083245 39087275 39075189 39091727 39082677 39080874 39077802 39089355 39062026 
202 39099381 38960927 39087946 39093141 39099281 39084986 39089863 39092976 39089703 39092929 39092184 39082354 39084320 39080330 39081386 39074064 39086889 39091222 39091024 39088929 39073226 39085022 39081049 39083669 39088983 39081695 39078890 39081304 39081346 39085619 39061244 39086240 
203 39095542 38961742 39096343 39074960 39092850 39090944 39090179 39087585 39090678 39082309 39091518 39097853 39082070 39087077 39099657 39076219 39084542 39080668 39082572 39080451 39081833 39084460 39097797 39076221 39091595 39088800 39082969 39089969 39086425 39083406 39094457 39072685 
204 39094071 38967328 39092360 39093555 39092372 39089068 39084409 39090665 39100698 39089639 39084313 39092454 39089824 39088905 39078170 39081392 39086206 39091689 39095394 39086902 39092614 39085984 39088498 39085474 39086278 39078888 39084697 39091894 39093770 39082260 39080044 39087444 
205 39086984 38960422 39091537 39102824 39090204 39091623 39090603 39082788 39092829 39093949 39081766 39082688 39083616 39085164 39086948 39091599 39093455 39082079 39085900 39077797 39103890 39086048 39085576 39075012 39081920 39080159 39078791 39092173 39081344 39095210 39092512 39072645 
206 39087484 38975008 39076943 39087867 39094170 39087430 39089900 39099228 39083354 39100162 39083620 39092153 39085794 39086689 39085184 39081421 39089151 39097939 39093813 39091984 39083681 39086038 39092434 39085981 39081955 39087532 39080324 39081484 39076511 39088079 39086921 39081704 
207 39099380 38949587 39092903 39089084 39096967 39087991 39092666 39100299 39093918 39094688 39094739 39088454 39087694 39090800 39083209 39083784 39094718 39095849 39093435 39088825 39095597 39095366 39086569 39092445 39093109 39099667 39079334 39093311 39077281 39083730 39083933 39080186 
208 39107884 38970511 39099165 39079601 39101029 39095890 39095936 39083729 39089324 39089387 39089598 39095830 39086325 39092724 39095893 39095645 39094281 39102590 39099448 39081512 39091171 39086375 39094567 39098741 39091167 39081990 39085197 39086413 39078558 39090792 39084397 39085928 
209 39083450 38970916 39085889 39092590 39096044 39093221 39098990 39095706 39104473 39090338 39082366 39099207 39090347 39092664 39084274 39085632 39096016 39098453 39100859 39089741 39099435 39099970 39081404 39103031 39088645 39090761 39087236 39091667 39084462 39089395 39095504 39074625 
210 39085385 38964553 39088914 39095287 39095695 39093684 39097123 39087101 39090922 39095545 39092658 39087432 39083742 39078567 39083026 39069183 39092269 39086528 39100611 39085343 39096974 39097757 39086081 39093386 39094444 39104219 39092117 39089121 39091886 39090857 39085989 39080087 
211 39085426 38969310 39096803 39081465 39089738 39096374 39082624 39098718 39102051 39085702 39098813 39100054 39081697 39092969 39095403 39088559 39088167 39087759 39090575 39089151 39084540 39080093 39105274 39090761 39095749 39091750 39086736 39099867 39095585 39092113 39092581 39077836 
212 39086282 38969100 39099289 39082706 39092727 39106524 39096840 39087600 39103099 39092104 39091114 39100039 39084458 39083407 39095299 39086159 39090893 39102299 39087074 39087719 39093127 39081921 39095240 39082216 39088024 39087576 39098868 39077193 39085532 39090941 39077393 39074277 
213 39080499 38961854 39097152 39097909 39102893 39088136 39097001 39090312 39090170 39103082 39096084 39093601 39091737 39101086 39095851 39079196 39093270 39091904 39089496 39084085 39088288 39085105 39090208 39081705 39092129 39094069 39089275 39089417 39086084 39087997 39095734 39089313 
214 39088484 38968172 39101356 39100231 39102360 39094352 39098451 39107429 39100802 39092952 39097891 39103861 39102922 39087718 39092402 39087426 39092201 39089899 39097494 39094677 39095453 39097700 39079696 39095898 39089361 39098855 39095876 39093930 39089896 39096038 39086312 39089521 
215 39084153 38967270 39091310 39100574 39093258 39088144 39090944 39103803 39092817 39094646 39100920 39098658 39093634 39104593 39087126 39090336 39089393 39090316 39089087 39096240 39088172 39101493 39094333 39091148 39092386 39091326 39082654 39098844 39089323 39085741 39108866 39087839 
216 39084183 38968645 39095520 39100052 39102729 39096802 39086487 39090454 39092795 39096869 39095821 39091849 39111288 39091217 39094280 39089592 39098730 39092751 39097999 39097569 39103537 39088366 39100023 39088374 39103863 39092825 39090038 39092472 39087058 39089589 39084025 39078583 
217 39082309 38967208 39104332 39099649 39094981 39091948 39107518 39106799 39097142 39094185 39086692 39081197 39106864 39115853 39097775 39090709 39087058 39097663 39096884 39097471 39104253 39093014 39104798 39102913 39089526 39091845 39087882 39097961 39094179 39085806 39089835 39084687 
218 39073765 38969813 39091339 39103880 39093191 39099424 39091001 39095256 39096557 39091845 39100914 39082445 39100416 39093684 39092436 39096827 39095064 39090714 39096065 39094701 39097119 39087939 39106128 39098483 39094741 39091412 39092114 39090802 39091108 39105491 39089193 39091701 
219 39082735 38964082 39110257 39095608 39100846 39112266 39097151 39098219 39094021 39099023 39106510 39097076 39108286 39088526 39096240 39091972 39096853 39110093 39095874 39101538 39092038 39093871 39088589 39091795 39104813 39091991 39102499 39093798 39097965 39097116 39102258 39078472 
220 39067587 38961862 39103859 39097322 39102080 39107329 39095238 39117044 39100443 39089785 39095786 39100026 39095995 39101932 39098638 39090738 39099813 39100769 39097473 39094475 39105323 39090834 39098020 39094521 39098655 39090384 39091110 39089982 39087793 39091326 39077430 39094449 
221 39081820 38978002 39105806 39108574 39090287 39099661 39093189 39100519 39098439 39102049 39093210 39092886 39092464 39102256 39113482 39085218 39093117 39105505 39089890 39102870 39096771 39105421 39089324 39103133 39100430 39090844 39090526 39085307 39097274 39093846 39101362 39082189 
222 39070713 38984407 39098903 39100215 39112212 39103975 39104190 39108913 39107591 39107977 39097947 39099771 39098660 39108802 39095476 39088212 39110234 39098032 39104072 39096059 39111433 39095850 39106518 39091917 39098348 39097062 39106605 39104418 39087907 39091433 39101593 39084717 
223 39064172 38957677 39108769 39104675 39113478 39108406 39105556 39101206 39104521 39101480 39107556 39098266 39111327 39095486 39103340 39098407 39098247 39091662 39092980 39090906 39100528 39107411 39102836 39106869 39092186 39102253 39093427 39109849 39095130 39099482 39081075 39105164 
224 39059920 38967410 39101960 39119125 39098475 39098511 39103090 39099482 39097626 39105778 39115341 39098883 39101122 39097766 39111606 39097700 39097970 39110232 39106103 39097953 39104162 39097325 39102854 39097383 39100353 39101342 39093670 39103657 39088441 39100800 39083749 39998190 
225 39033149 38986253 39107842 39112853 39102032 39119224 39104475 39098573 39099794 39098876 39090220 39104878 39093096 39102903 39097563 39103529 39112514 39116668 39097338 39097723 39103228 39093115 39106768 39097949 39104526 39104185 39107644 39093069 39105979 39105268 39095976 39104540 
226 39066398 38968134 39107073 39088045 39100003 39113508 39111840 39099544 39103281 39091220 39104746 39093089 39099412 39099098 39099695 39096794 39107128 39099515 39092770 39107286 39102912 39093354 39093463 39095155 39084606 39091354 39096084 39092559 39095676 39093778 39093062 39106897 
227 39064047 38982477 39106730 39111027 39108030 39098919 39104472 39110999 39108392 39103698 39101736 39107989 39105134 39100649 39109600 39094077 39101178 39112730 39095268 39110882 39100422 39097156 39101660 39091512 39101030 39102772 39101976 39096237 39108409 39094155 39093066 39100724 
228 39055226 38976751 39096828 39112404 39105685 39102142 39099437 39098287 39105101 39089655 39103418 39115228 39108505 39106359 39113774 39104299 39099154 39104160 39096501 39093216 39100373 39119034 39093897 39099093 39093303 39090583 39097084 39098067 39107532 39103883 39087575 39115096 
229 39042130 38974083 39104783 39105471 39099299 39113626 39101460 39111288 39100108 39115253 39109113 39086114 39101946 39104700 39101544 39101170 39108700 39099822 39097809 39106521 39091885 39095463 39093829 39096984 39111003 39107209 39113197 39101136 39094017 39094341 39098736 39110806 
230 39046328 38979675 39109698 39110109 39099833 39111609 39100103 39102360 39104041 39110026 39103558 39099593 39103267 39116010 39100536 39085485 39099619 39097954 39100198 39103737 39114036 39103015 39108154 39107653 39098350 39106601 39113104 39095792 39093554 39102292 39102587 39101551 
231 39050218 38971516 39105871 39098654 39099352 39119856 39111628 39098614 39112506 39102918 39106005 39120449 39103825 39095666 39110387 39110338 39104334 39107676 39097279 39115355 39095677 39107756 39091726 39094582 39106857 39107821 39096522 39098951 39095446 39110877 39099936 39100081 
232 39038768 38968900 39104797 39112865 39111732 39096423 39110403 39118502 39114612 39111654 39117225 39106084 39101549 39121551 39120892 39098955 39101519 39104951 39117523 39093166 39108576 39103334 39116341 39100157 39098914 39101191 39107564 39099784 39098976 39095832 39091405 39108971 
233 39044587 38964049 39111117 39109229 39107416 39110782 39108826 39116597 39110692 39105214 39118447 39108414 39097786 39105983 39105710 39097128 39109738 39097482 39103839 39110992 39111240 39105305 39099063 39113312 39103246 39105524 39091475 39094795 39107988 39113211 39097571 39105179 
234 39040810 38968992 39103448 39116528 39111055 39108878 39106410 39101146 39105281 39099804 39097945 39109034 39113135 39104888 39104501 39096288 39101565 39116941 39117311 39107320 39093725 39098216 39111831 39094010 39102459 39112893 39107197 39113761 39098888 39112655 39097464 39107663 
235 39035000 38980554 39105458 39109316 39100680 39111950 39105757 39109883 39105053 39131159 39100946 39106630 39109115 39099418 39103402 39116035 39107821 39097382 39105255 39114888 39112214 39113955 39103092 39112981 39113588 39099957 39101310 39111620 39104022 39112022 39093294 39092878 
236 39024976 38977386 39111068 39105187 39115192 39111869 39104837 39106067 39119534 39120874 39108433 39114504 39115574 39108209 39110678 39101044 39125028 39093581 39105520 39110223 39104389 39107925 39114525 39106849 39100973 39102687 39110915 39109911 39112109 39090360 39102770 39103637 
237 39016916 38979260 39116500 39110988 39107297 39114433 39107153 39102608 39101051 39117924 39111016 39117219 39100902 39119736 39114008 39107760 39116111 39112705 39109431 39105861 39110839 39102213 39110720 39103432 39108370 39110776 39111209 39099267 39106796 39106778 39107653 39110896 
238 39023223 38975075 39114240 39122317 39107104 39111623 39119535 39128765 39094707 39107488 39118172 39112805 39115119 39102043 39106407 39100788 39111090 39103341 39097195 39111312 39110025 39113057 39106422 39113275 39102397 39104854 39102033 39099926 39115665 39109171 39102695 39114256 
239 39021539 38969350 39109714 39113226 39113668 39114004 39114830 39113063 39104771 39103127 39110070 39110833 39125811 39114367 39104413 39092078 39106277 39110397 39116481 39097943 39117495 39109772 39106134 39117553 39105767 39117146 39117318 39112315 39109286 39115392 39102971 39109713 
240 39028972 38974400 39123258 39103464 39113555 39120215 39113796 39111981 39112476 39111696 39115706 39111267 39119783 39101844 39108135 40454004 39114603 39103655 39114149 39115658 39109125 39102626 39113653 39118539 39108099 39112365 39106815 39111080 39101341 39105068 39107609 39102341 
241 38983928 38983811 39114148 39103199 39116436 39110693 39102757 39114282 39119392 39105870 39113193 39110182 39116887 39117391 39115160 39120920 39107201 39104510 39108534 39102567 39111790 39116414 39123361 39110960 39106353 39097173 39114160 39116552 39117433 39111015 39107884 39120941 
242 39013745 38976355 39110565 39118039 39115831 39107169 39117710 39117321 39104521 39107076 39108471 39111997 39124225 39107091 39111342 39115259 39104112 39121202 39110627 39112953 39095081 39109232 39119896 39117987 39114902 39114577 39112233 39121955 39094545 39124172 39115905 39109471 
243 39009769 38978070 39117625 39124405 39103456 39122611 39123145 39118531 39113183 39121597 39120738 39109448 39118648 39116109 39110989 39123288 39109703 39129254 39111070 39114691 39125544 39104187 39109769 39105181 39106461 39103632 39106877 39122818 39103412 39107784 39108770 39107655 
244 39005506 38964051 39122027 39112385 39119828 39120987 39123996 39123714 39120663 39115920 39129558 39100138 39119449 39113930 39108500 39122442 39119043 39117077 39103255 39102806 39114218 39113239 39110390 39116261 39106917 39107902 39103393 39114704 39108195 39112841 39126968 39110995 
245 39008576 38975166 39120563 39115474 39115896 39112176 39122968 39127270 39107358 39117252 39109354 39119419 39114930 39113223 39113270 39122014 39111564 39121141 39116295 39121146 39106635 39109514 39117062 39114657 39108503 39105915 39116179 39112679 39114195 39117776 39113474 39109636 
246 38996639 38979189 39127737 39109014 39121269 39114222 39130396 39117005 39113463 39113843 39121600 39119778 39120498 39106367 39122589 39123320 39115436 39106956 39125852 39116552 39116312 39127617 39102172 39108846 39103214 39112495 39117995 39114526 39113429 39117753 39105904 39135933 
247 38994699 38991700 39126098 39132333 39117941 39116937 39112569 39119286 39121106 39128337 39115163 39117348 39113751 39112105 39117004 39116381 39119863 39117450 39132198 39112953 39114401 39129802 39114739 39109374 39114879 39110289 39110545 39116462 39110146 39121442 39113308 39119121 
248 38994407 38971508 39123656 39122016 39118839 39126961 39122023 39117566 39121975 39123102 39124341 39123733 39130058 39122208 39121822 39131715 39116210 39111747 39104504 39115536 39107330 39117745 39118381 39121234 39121341 39114101 39120956 39117300 39112087 39109156 39101398 39124071 
249 38980480 38988230 39124693 39114584 39121719 39129453 39120597 39132004 39111010 39119387 39112666 39112670 39111632 39115599 39116833 39125608 39128954 39117828 39119576 39116767 39118171 39123769 39122992 39134880 39105263 39114688 39121182 39116864 39125898 39118475 39125029 39124465 
250 38989706 38981875 39125604 39123363 39122806 39118040 39128714 39119627 39128031 39122266 39127612 39116560 39119391 39117184 39134500 39123163 39120247 39123838 39114759 39111177 39114157 39116331 39117992 39113346 39113265 39108364 39116516 39113090 39126190 39114301 39119263 39124942 
251 38970277 38982478 39113504 39125855 39121123 39132590 39119049 39125529 39117075 39121460 39122720 39122930 39116042 39114730 39121251 39120820 39127790 39120132 39132031 39131268 39124486 39126939 39121064 39127826 39115110 39126070 39124057 39121051 39121032 39125906 39134380 39118640 
252 38979099 38991068 39136395 39121516 39124513 39125634 39126828 39118517 39126966 39126162 39115424 39119450 39115880 39123299 39127666 39114986 39126122 39125374 39113303 39109890 39110131 39128466 39119893 39119996 39131834 39109653 39108585 39120941 39126486 39118675 39118865 39128837 
253 38971088 38981235 39129324 39123139 39114643 39123362 39128098 39118909 39125002 39126618 39117582 39123132 39119879 39114051 39120407 39129004 39119253 39127507 39121455 39115308 39124111 39116734 39113093 39116357 39127978 39124110 39121170 39113167 39120072 39127948 39115016 39114335 
254 38966105 39008083 39127188 39129156 39128809 39129233 39124845 39132278 39127578 39123951 39113906 39122547 39126168 39117612 39117179 39126901 39132899 39115691 39123779 39123677 39115215 39120144 39120668 39116541 39112623 39121961 39116458 39120418 39108104 39122980 39109906 39125360 
255 38965806 38986243 39123535 39124909 39133182 39121933 39131839 39117350 39130866 39136289 39108637 39131093 39120905 39126534 39115127 39129924 39108312 39116561 39118249 39134413 39115832 39124402 39121451 39125505 39131568 39118409 39121711 39123565 39130965 39124702 39116511 39115235 