n P1 P2 P3 P4 P5 P6 P7 P8 P9 P10 P11 P12 P13 P14 P15 P16 P17 P18 P19 P20 P21 P22 P23 P24 P25 P26 P27 P28 P29 P30 P31 P32 
0 38943976 78182149 39120615 39271110 39268760 39261342 39260388 39268620 39257865 39258804 39262070 39256049 39252795 39244998 39259465 39247234 39247674 39245523 39252890 39246696 39255642 39237222 39246087 39231262 39240286 39252893 39231115 39238224 39238128 39226404 39217962 39218834 
1 39047777 38748902 39070581 39053060 39045544 39055031 39045966 39038207 39038965 39049299 39051169 39036429 39036394 39044217 39041339 39049273 39053904 39038661 39037632 39046719 39046519 39040745 39047503 39039146 39047085 39042799 39039902 39042139 39046907 39045270 39048816 39036516 
2 39079576 38549594 39031024 39187106 39044512 39056610 39041787 39039241 39032190 39044736 39059821 39034318 39044362 39057112 39044351 39044134 39054038 39048695 39042488 39033857 39050833 39041053 39050170 39044982 39037498 39046141 39055178 39031664 39039661 39037475 39040723 39036078 
3 39110270 38799164 39109725 39039934 39054518 39053730 39042868 39046751 39040534 39043737 39026965 39059326 39042613 39045529 39042152 39042778 39039477 39044760 39047430 39054524 39054091 39038744 39048491 39049272 39043001 39051512 39046002 39043020 39037761 39047330 39052334 39051422 
4 39109236 38799076 39013070 39268947 39044548 39048912 39056939 39050853 39050734 39051832 39055113 39042133 39049100 39043252 39049059 39055174 39045692 39041472 39044992 39050239 39051613 39062216 39049230 39043519 39053402 39055702 39031056 39048752 39050488 39050906 39041101 39033758 
5 39101204 38804535 39020599 39020523 39310277 39022744 39048417 39049280 39042368 39041145 39047100 39044223 39042847 39038407 39039460 39044947 39051862 39045368 39043875 39042458 39047752 39039576 39041640 39040326 39035771 39039265 39035980 39050199 39047663 39049508 39041462 39060918 
6 39099653 38810593 39026428 39018648 39013362 39303798 39040590 39043887 39039221 39040890 39057439 39039210 39050991 39039828 39038919 39049220 39051734 39053007 39046024 39049835 39043693 39048598 39049552 39042034 39048557 39052332 39041487 39045117 39041378 39034347 39045602 39055313 
7 39090658 38813009 39030004 39003375 39019702 39018606 39315467 39042670 39052118 39047261 39051425 39046247 39043538 39045774 39041609 39056228 39043120 39038300 39044127 39054906 39044029 39060661 39051403 39043512 39049236 39051340 39044676 39037384 39044542 39037108 39043468 39036332 
8 39095035 38818453 39032818 39018291 39027848 39015714 39021537 39309754 39041590 39056953 39043675 39045886 39043109 39045389 39044491 39051866 39051631 39045006 39045063 39044016 39046887 39057707 39057602 39042200 39042419 39054958 39052640 39045841 39041630 39048531 39044641 39036799 
9 39087740 38803750 39023579 39016884 39026299 39026575 39024346 39021490 39308889 39030837 39060126 39044426 39052997 39051367 39047513 39050049 39043412 39048879 39053862 39042612 39041964 39049046 39048225 39047060 39045419 39046461 39045018 39047831 39041740 39049489 39043495 39049063 
10 39079889 38807194 39029268 39024130 39022493 39021748 39032854 39025781 39014241 39283927 39030839 39034935 39055090 39042839 39038515 39038339 39056572 39051986 39046964 39045807 39050708 39035325 39039575 39039951 39046861 39041016 39051198 39053330 39046544 39042083 39053785 39047679 
11 39079475 38811252 39018205 39022201 39016868 39019346 39013043 39029431 39031723 39021605 39277313 39027276 39050736 39048035 39046883 39039110 39046803 39051463 39040788 39035453 39045592 39034219 39037129 39056645 39049877 39049164 39053361 39040657 39054207 39046333 39056300 39046295 
12 39075578 38809840 39024774 39026810 39025407 39030043 39015304 39025210 39019296 39011087 39035228 39278160 39034194 39049925 39042763 39050893 39040958 39047188 39052311 39045635 39046790 39044459 39053508 39050862 39039200 39042447 39045375 39051649 39050830 39041825 39046112 39046761 
13 39066982 38819327 39023030 39019617 39027796 39026337 39018381 39019188 39015691 39026499 39022475 39018889 39286279 39041496 39057602 39042656 39047911 39052504 39033433 39041941 39046380 39046397 39041430 39039451 39054104 39038102 39050434 39048012 39042827 39040393 39039232 39043372 
14 39076574 38813729 39023958 39013314 39009411 39013462 39032066 39017361 39025834 39016438 39029949 39009916 39018837 39280184 39032384 39045834 39038864 39050274 39047084 39036364 39044988 39042788 39057920 39037634 39044161 39042447 39043259 39040543 39024519 39041261 39054570 39043854 
15 39078210 38833956 39018744 39020696 39020979 39015212 39014341 39014485 39016688 39025643 39030869 39028315 39028002 39014991 39264865 39040340 39047168 39048329 39042883 39044988 39045989 39043218 39046992 39039664 39055228 39048779 39054222 39050047 39047336 39040403 39045895 39050099 
16 39073485 38828678 39027797 39026347 39023740 39024374 39022964 39023485 39023563 39020027 39027690 39025582 39029082 39028804 39036314 39244865 39037460 39049200 39052101 39044808 39047828 39046912 39041027 39054609 39052281 39038945 39052422 39039197 39040834 39048754 39042843 39049621 
17 39058993 38832004 39028213 39025443 39031242 39026458 39031674 39016945 39024550 39022355 39019753 39020178 39024211 39016846 39026363 39015900 39258196 39039995 39052511 39048862 39049359 39056606 39044668 39048645 39040221 39047768 39046937 39048901 39042150 39031275 39037457 39041524 
18 39068550 38820278 39023571 39024232 39026546 39033167 39016116 39023064 39023885 39024787 39020599 39030007 39026101 39019191 39027049 39028711 39034287 39270465 39044641 39054998 39051817 39058363 39043846 39054088 39040141 39058315 39046765 39049507 39045648 39046222 39049021 39048716 
19 39060446 38820167 39018073 39019592 39022199 39028770 39019358 39035857 39024341 39032321 39022571 39011636 39036070 39025259 39028342 39004280 39020210 39025989 39269688 39039834 39042679 39032077 39053606 39048419 39053285 39046329 39040705 39056812 39038336 39047807 39034423 39036125 
20 39047898 38821268 39024604 39028322 39021782 39019090 39018413 39016753 39014969 39032533 39012371 39023959 39035619 39024734 39026533 39023066 39024321 39017356 39014570 39251830 39036463 39049651 39047352 39039532 39049692 39051255 39052050 39041962 39045646 39037533 39034790 39035944 
21 39058646 38829716 39020734 39023145 39023950 39022122 39020969 39027543 39036026 39039537 39036616 39037408 39024195 39028061 39024677 39006949 39035180 39028830 39023853 39027096 39260935 39031903 39043887 39051949 39039550 39051959 39045767 39043129 39045128 39042076 39047501 39047646 
22 39054877 38822382 39029525 39019475 39020611 39015102 39022203 39022590 39013907 39021515 39017323 39025188 39024589 39027559 39018163 39013236 39018233 39032128 39015259 39028635 39020482 39253628 39048609 39061709 39053157 39051835 39048311 39044078 39057270 39038986 39046704 39052934 
23 39035963 38844660 39028972 39030357 39019658 39014789 39028035 39031805 39033388 39027571 39026432 39017747 39022505 39023419 39023091 39022728 39024434 39020861 39011573 39039534 39031265 39019893 39252056 39036738 39057047 39058303 39055081 39043488 39047600 39037409 39044161 39040872 
24 39041868 38821229 39037411 39023303 39015484 39030260 39020709 39013767 39025772 39031306 39009638 39020304 39026501 39030632 39017546 39017252 39030298 39026148 39030352 39025108 39028440 39025970 39034080 39248498 39044485 39048667 39048957 39041215 39052672 39048378 39049920 39048939 
25 39038480 38832679 39020630 39027240 39023980 39031686 39026097 39017611 39016475 39017816 39019757 39013188 39026184 39025123 39027647 39027890 39023300 39024291 39021912 39019814 39031072 39037485 39026437 39022788 39253715 39050125 39053858 39041081 39049256 39041451 39050340 39042899 
26 39045452 38847850 39025951 39020798 39023994 39017009 39018236 39019532 39023008 39026150 39028985 39031254 39028066 39025640 39025898 39023979 39026046 39032902 39029504 39022267 39032661 39028654 39024715 39024675 39029450 39242683 39032532 39058552 39050023 39053576 39048216 39048876 
27 39036737 38843322 39026951 39023821 39029850 39027660 39025482 39022987 39040516 39027182 39035836 39025265 39031323 39027557 39026561 39013105 39032207 39030648 39018995 39043780 39011508 39026436 39028000 39028994 39028091 39020325 39240501 39048597 39044824 39050347 39050009 39054451 
28 39042395 38836255 39034898 39025734 39023052 39022388 39018813 39036626 39011813 39035295 39024604 39022229 39020618 39031877 39024078 39012723 39028324 39022076 39027592 39026701 39016591 39027410 39027350 39027860 39030858 39030710 39024706 39234941 39053409 39052000 39046046 39049136 
29 39033771 38839249 39043528 39034593 39021670 39037320 39024941 39019751 39045191 39029767 39023782 39031578 39022175 39024235 39016513 39020052 39020671 39025680 39030035 39036266 39034314 39022296 39026054 39029099 39026315 39041371 39032631 39032272 39229894 39044840 39052737 39046860 
30 39039699 38837847 39017939 39025140 39017339 39021763 39034161 39027909 39029462 39036612 39028182 39016218 39029917 39021666 39033290 39021661 39029207 39038679 39030197 39021425 39035865 39032445 39027185 39011445 39025835 39027921 39028656 39031256 39018711 39229094 39042966 39046706 
31 39034569 38825183 39035687 39025358 39027832 39032444 39030965 39015110 39026046 39024657 39028302 39031748 39029850 39033316 39021398 39010923 39033083 39023210 39023679 39022352 39035562 39010675 39025800 39033058 39020288 39034570 39036774 39018798 39032610 39031464 39240788 39039011 
32 39034781 38852665 39031726 39029067 39022877 39025750 39033857 39012679 39030486 39028505 39021305 39025662 39022458 39023218 39027885 39011261 39042318 39020987 39030644 39030399 39030594 39027806 39034269 39026613 39021436 39023189 39019438 39023668 39024181 39032048 39019397 39210638 
33 39028628 38843135 39035223 39024177 39035713 39022665 39033668 39031628 39020897 39031045 39028800 39029619 39015693 39023357 39021013 39026964 39023269 39016392 39017353 39028830 39028531 39027804 39023882 39011896 39016810 39036574 39029518 39029221 39049361 39029572 39035420 39021236 
34 39021396 38831877 39023435 39013539 39026877 39022919 39022991 39028990 39026886 39018731 39024276 39023532 39022174 39017835 39035098 39022994 39032781 39024333 39026419 39030298 39022921 39035055 39025822 39033742 39025970 39022454 39036291 39021907 39029645 39025767 39025847 39023001 
35 39044754 38837851 39024910 39026394 39034091 39026609 39023646 39020184 39039293 39017735 39035027 39013865 39026589 39043440 39033159 39036223 39033052 39029014 39039571 39025706 39025243 39033577 39031141 39036040 39022751 39020614 39031880 39025055 39033649 39032400 39040299 39029004 
36 39037991 38854195 39032091 39017543 39033125 39034639 39034609 39025666 39022487 39033669 39028351 39011924 39025435 39034217 39036997 39015284 39028096 39021410 39026222 39031612 39028877 39029119 39026232 39023160 39019871 39039201 39030777 39014255 39032726 39021271 39031241 39022423 
37 39017373 38858404 39019808 39040294 39022272 39027368 39026324 39038980 39027843 39035457 39020858 39033314 39018475 39018682 39030682 39025065 39022841 39024260 39035419 39018995 39031975 39032946 39021921 39030057 39034664 39022013 39020268 39033707 39028256 39019291 39031060 39029204 
38 39025730 38853445 39019974 39016833 39033464 39034481 39016375 39024477 39023701 39021244 39029841 39037771 39026153 39039001 39027954 39030009 39028447 39031921 39031345 39013488 39034628 39029930 39024336 39038666 39032369 39026170 39029624 39021579 39037852 39024943 39017234 39022268 
39 39031224 38845511 39029759 39035438 39018762 39022308 39025720 39031769 39018896 39023942 39036394 39017212 39036025 39022781 39017178 39022627 39029098 39031481 39026295 39021343 39036079 39028336 39016484 39037680 39027194 39033420 39015799 39026949 39025899 39026913 39032967 39023652 
40 39029990 38855405 39019603 39029157 39026115 39026015 39019138 39036629 39028611 39032231 39034270 39030367 39029648 39026030 39029852 39025728 39027199 39028258 39024223 39017735 39025902 39024816 39021348 39030333 39016863 39022594 39026490 39036165 39032208 39032312 39016866 39016438 
41 39022403 38848686 39026603 39042273 39025978 39028840 39033164 39023126 39028458 39030837 39035386 39028456 39023230 39028268 39033943 39031302 39026908 39027429 39036578 39032183 39026639 39030574 39026225 39029559 39035966 39025910 39028898 39034553 39027641 39031405 39036486 39013698 
42 39020842 38854069 39020404 39034975 39030082 39030606 39019152 39032326 39014612 39037788 39025066 39033462 39033195 39020560 39037550 39022417 39028697 39023461 39031730 39029960 39028528 39039048 39025047 39029004 39042059 39025788 39036410 39036786 39032765 39041540 39025661 39030505 
43 39010842 38862296 39031587 39027645 39036957 39024589 39028650 39036433 39033325 39030409 39033336 39034122 39027659 39025192 39018951 39015532 39018715 39033172 39033970 39019436 39034636 39020774 39024116 39030001 39029512 39032093 39027365 39038129 39033038 39020291 39039878 39023132 
44 39023982 38845696 39023581 39036628 39035492 39026630 39035417 39028652 39036267 39025287 39028217 39027958 39022493 39032998 39045410 39027909 39021267 39037911 39027127 39031907 39021964 39022153 39036717 39006841 39027494 39025651 39023833 39020219 39036216 39022005 39023756 39024600 
45 39011858 38857126 39028683 39028247 39045637 39027229 39027083 39020154 39033739 39030051 39022592 39031943 39028072 39032985 39032287 39035854 39039544 39041188 39035905 39034436 39009662 39023416 39025379 39029272 39026279 39046537 39039779 39030360 39026708 39028571 39036237 39023489 
46 39019769 38861279 39033331 39020983 39034876 39029007 39035069 39034059 39036727 39023944 39038435 39027750 39029358 39027450 39025296 39030127 39030479 39023512 39030701 39035097 39022282 39017730 39037111 39033311 39036040 39025560 39029615 39034679 39021781 39031246 39030199 39023446 
47 39006926 38856089 39047219 39035464 39039303 39020704 39015780 39025864 39037836 39025554 39030059 39041912 39025200 39025945 39030543 39030410 39024726 39024182 39033666 39037926 39033762 39034429 39037385 39027556 39051013 39026679 39042584 39034760 39032671 39035596 39052193 39020176 
48 39025933 38857911 39044010 39037693 39034741 39026715 39039843 39032356 39018733 39023922 39025893 39040478 39030692 39030675 39039301 39031623 39025191 39031993 39035376 39026630 39030106 39032841 39027755 39044453 39019090 39034959 39032769 39030699 39036632 39026721 39024952 39028762 
49 39012025 38858056 39031203 39025038 39032748 39034120 39031154 39036200 39035888 39025208 39025545 39035553 39022887 39043375 39023609 39029338 39037017 39039053 39035076 39025915 39026768 39025144 39028928 39036001 39035929 39037543 39023765 39047830 39042135 39038070 39042737 39035854 
50 39011892 38871482 39028227 39034491 39031386 39040262 39023545 39035168 39027017 39039856 39026943 39034702 39037245 39033326 39026842 39029995 39033857 39032702 39036422 39034306 39020260 39025951 39032756 39032516 39035190 39022209 39027032 39038633 39034237 39049007 39036837 39023374 
51 39020967 38868604 39051661 39030749 39033138 39035222 39023761 39029439 39031895 39028988 39025891 39038739 39035481 39039898 39023678 39033105 39033764 39026622 39041245 39034154 39026379 39035401 39025705 39027375 39029206 39023103 39038290 39029836 39025508 39030641 39038933 39024708 
52 39007232 38859543 39033910 39026605 39015167 39037482 39030247 39019474 39044109 39037423 39030606 39032014 39032301 39024449 39031077 39021557 39034697 39031017 39030135 39029532 39040957 39039597 39027684 39036650 39022536 39028861 39040990 39034428 39032489 39034937 39036940 39021961 
53 39017758 38877173 39024364 39028263 39030549 39030791 39029662 39046650 39038710 39031394 39039357 39033683 39019459 39036424 39025490 39028464 39020642 39034431 39031506 39029031 39036304 39035817 39020984 39033928 39030167 39028160 39026700 39034523 39033841 39038875 39039539 39031079 
54 39014050 38857585 39033544 39026294 39028191 39023799 39029745 39036932 39029211 39028733 39023775 39024926 39026276 39026721 39034316 39025765 39028853 39030163 39028652 39034378 39029036 39040765 39024098 39022543 39037424 39031839 39043842 39031448 39033011 39024807 39026304 39021349 
55 39009829 38861831 39041042 39023361 39030821 39036704 39038894 39043026 39035007 39027952 39028782 39036698 39036537 39033233 39043122 39034352 39030559 39028743 39030287 39031511 39033712 39036085 39043524 39027453 39038788 39032440 39038474 39032105 39027500 39024316 39045739 39025306 
56 39013198 38878418 39046446 39033118 39035652 39035633 39029653 39020615 39039274 39027240 39030245 39035745 39029270 39041282 39040593 39020060 39036828 39027915 39042738 39038932 39031358 39036808 39022649 39033618 39030176 39030147 39031773 39035441 39033141 39033572 39030157 39033446 
57 39007459 38869482 39028842 39036131 39027534 39034284 39036455 39033611 39034223 39029164 39040858 39031428 39033913 39025088 39033962 39028745 39037648 39024778 39032180 39037809 39033731 39029847 39033056 39032370 39050726 39032140 39027855 39029396 39028914 39032627 39043378 39023642 
58 39012108 38865383 39029833 39028741 39024394 39036084 39026322 39026774 39023145 39023853 39035215 39034664 39031619 39035701 39023366 39029193 39048673 39037760 39028299 39026851 39040569 39017264 39036798 39026128 39026211 39039934 39030502 39037189 39044791 39037503 39026517 39020127 
59 39019497 38868740 39042959 39042656 39032003 39041116 39033398 39026111 39028051 39029145 39035599 39030403 39034355 39034198 39026474 39028403 39033001 39035736 39027789 39036816 39037058 39025387 39032425 39049979 39028666 39035342 39033661 39030381 39036420 39039235 39037896 39026522 
60 39030128 38865486 39031828 39047015 39034609 39033053 39023628 39025799 39041419 39041286 39032873 39031866 39029094 39030328 39033440 39030535 39047485 39032416 39039662 39036557 39031524 39043331 39040220 39031264 39028648 39029492 39021688 39036135 39019532 39035925 39034901 39026476 
61 39015661 38880686 39039386 39040218 39024942 39034574 39027192 39033327 39034181 39038072 39033055 39028568 39028721 39025952 39042485 39027263 39038293 39040550 39034398 39042686 39034689 39027467 39040810 39034899 39025895 39028089 39033481 39036164 39023860 39036559 39043951 39032585 
62 39016445 38878101 39042969 39040726 39025236 39037674 39036847 39027633 39042017 39040074 39040637 39033555 39044085 39039848 39048190 39033293 39039004 39015422 39027266 39027916 39022207 39031593 39023216 39033644 39033955 39034619 39033995 39043366 39047423 39035883 39042189 39028595 
63 39014202 38864567 39034466 39035171 39036069 39035878 39034019 39028835 39033407 39036948 39038476 39027696 39033530 39030261 39044541 39031870 39041894 39043622 39043568 39037155 39037628 39043489 39026209 39015147 39041477 39037562 39036949 39031247 39048790 39030896 39037687 39029449 
64 39031066 38872320 39024641 39019387 39039509 39036791 39030816 39026085 39041801 39040340 39040053 39032423 39031361 39018694 39022280 39035833 39029895 39020496 39036385 39045477 39025741 39036698 39032734 39044959 39039112 39028850 39037384 39039704 39038998 39037095 39027317 39032344 
65 39002875 38875102 39019660 39034985 39023261 39033884 39032768 39036382 39048537 39021968 39037157 39034656 39053907 39049634 39049419 39029897 39033698 39027708 39055750 39031405 39020909 39033933 39034702 39032928 39045183 39038887 39044668 39043012 39032998 39030401 39042652 39032763 
66 39019131 38875905 39032059 39037790 39039376 39035201 39037706 39034557 39035058 39040213 39021829 39039359 39023050 39038383 39030208 39023687 39031145 39038650 39041847 39031663 39025000 39037886 39037780 39028409 39044600 39036490 39028016 39020275 39029277 39048405 39028758 39024483 
67 39030165 38874823 39027049 39039867 39029257 39022898 39033520 39033017 39040369 39033182 39042276 39035449 39045330 39038994 39026737 39035282 39028562 39030690 39026525 39036179 39030250 39035909 39034741 39027947 39024284 39035684 39038289 39037271 39028910 39041961 39043624 39029350 
68 39022865 38876170 39021150 39039789 39028965 39027823 39049191 39039544 39036384 39029122 39051497 39030010 39026640 39022890 39031948 39020144 39051399 39045514 39043932 39037251 39029950 39026619 39050831 39037573 39039138 39043290 39038660 39039776 39041999 39036547 39031664 39028934 
69 39013765 38881663 39037808 39041054 39045886 39022141 39032833 39031025 39042053 39035685 39048664 39039471 39036076 39028018 39034213 39025927 39039141 39042056 39033899 39046488 39028465 39034524 39043085 39038534 39038817 39031509 39025021 39041881 39039608 39041176 39034700 39026010 
70 39023269 38869461 39042225 39045629 39048040 39031480 39046137 39039358 39038604 39035381 39033484 39028867 39034001 39037477 39033915 39037988 39032439 39035093 39025861 39036431 39038591 39038642 39041733 39033813 39041890 39043679 39035760 39026400 39039190 39034403 39025524 39031800 
71 39019803 38887514 39045122 39042933 39041104 39038431 39036893 39032709 39051307 39037907 39038702 39041138 39033334 39033530 39030375 39032668 39042363 39037213 39028980 39035676 39041030 39023456 39039059 39036347 39043264 39032773 39030535 39034475 39030522 39043731 39040812 39028880 
72 39018390 38878398 39029319 39031134 39041584 39034344 39038321 39038531 39040496 39029006 39037422 39040963 39038271 39042656 39045628 39026504 39028571 39035271 39032109 39031835 39037933 39038263 39047123 39034573 39046122 39030488 39040815 39035750 39035818 39038396 39020345 39036036 
73 39020388 38873560 39040055 39029763 39039259 39035500 39033604 39033418 39031601 39035745 39042111 39032657 39045678 39030103 39042516 39027880 39031705 39048973 39052446 39043213 39038990 39032500 39036199 39046148 39038447 39037809 39037320 39037079 39023808 39031815 39051897 39017271 
74 39014789 38890555 39036789 39040380 39043516 39031503 39039905 39025800 39027839 39038228 39038875 39037848 39034507 39040700 39042018 39017722 39022314 39046587 39037843 39048780 39042179 39035977 39038367 39042414 39033033 39041699 39035769 39030534 39041520 39038379 39035135 39030099 
75 39024651 38891820 39035989 39032084 39033485 39034091 39030570 39044354 39026812 39037052 39024270 39036530 39035063 39040487 39046540 39023017 39038922 39035073 39040829 39037749 39040079 39031160 39043823 39032508 39038986 39028306 39044613 39039340 39039047 39041038 39040175 39028972 
76 39025686 38881804 39037430 39037544 39038725 39042953 39034882 39019948 39037229 39041645 39041724 39054065 39039593 39032729 39033891 39021199 39030285 39045156 39033677 39035533 39029885 39041323 39047310 39039907 39037979 39036450 39046870 39033625 39034790 39021393 39029026 39036321 
77 39025933 38886280 39044928 39036665 39037178 39042364 39038175 39046426 39028549 39040249 39038675 39045955 39031003 39036082 39025947 39040459 39042951 39040534 39034580 39033147 39038787 39028506 39043541 39045403 39029351 39029092 39044269 39042928 39039966 39043587 39048213 39031679 
78 39015824 38884174 39040716 39039403 39049738 39024351 39047960 39038551 39040552 39034755 39040690 39038924 39033158 39041017 39045051 39030305 39043761 39041951 39047076 39030716 39036713 39040817 39035732 39038098 39036446 39038449 39041272 39033473 39035330 39040079 39026782 39042854 
79 39016207 38880942 39039342 39043489 39028191 39037475 39037695 39043159 39043350 39033039 39040022 39047776 39037309 39047624 39029084 39024434 39039241 39027334 39029918 39036037 39050107 39036216 39039785 39043763 39040619 39041083 39040209 39039588 39040166 39039888 39033329 39034257 
80 39029025 38879237 39048068 39038480 39043838 39037094 39043785 39031642 39036736 39035403 39022743 39036525 39044448 39040195 39038049 39023045 39045970 39040506 39029986 39036961 39049036 39048506 39041784 39041262 39038183 39028141 39043488 39044880 39038058 39035292 39036790 39036015 
81 39022801 38897420 39036943 39037402 39037378 39030694 39039800 39033668 39038403 39044978 39040617 39038357 39038551 39033958 39042876 39030817 39040780 39045940 39023374 39034389 39031354 39034207 39032889 39042494 39041061 39035094 39046069 39037545 39043728 39038976 39043558 39042433 
82 39030155 38881139 39042451 39043357 39042845 39036444 39035760 39031055 39022488 39042841 39036251 39038374 39039008 39033552 39037926 39042263 39049167 39034651 39042393 39030283 39046294 39053104 39034336 39037413 39033298 39043072 39040307 39029828 39044119 39049235 39030629 39047328 
83 39030763 38889259 39036407 39031410 39036105 39032039 39047844 39042562 39034270 39049343 39039060 39049905 39031992 39050724 39043890 39027075 39041596 39042508 39036528 39048888 39028366 39031403 39036644 39046568 39042147 39039090 39027454 39041250 39040972 39036872 39044212 39033426 
84 39023871 38891786 39036778 39041392 39039390 39051744 39035540 39040392 39043229 39043809 39041578 39041807 39026277 39050105 39034561 39029513 39026932 39038795 39050954 39033939 39042062 39048305 39040951 39037210 39037575 39029629 39044730 39029856 39041325 39034277 39020910 39030897 
85 39037388 38884667 39042850 39040068 39038386 39042435 39038246 39046354 39039504 39040521 39045292 39044818 39044027 39045466 39033303 39030762 39035689 39034323 39041011 39033684 39026318 39041288 39043412 39044912 39031542 39051105 39036073 39041238 39027473 39041870 39045967 39049277 
86 39023595 38882401 39032352 39033654 39030768 39044370 39046210 39031087 39043795 39043758 39040182 39038050 39033607 39043699 39040083 39044700 39040556 39037796 39028908 39041105 39053032 39044567 39041922 39031579 39029776 39027527 39040200 39037786 39044126 39052041 39038677 39041991 
87 39026129 38883475 39032875 39039301 39049600 39041795 39038274 39039867 39036247 39040646 39024280 39041145 39033540 39046484 39033950 39031812 39040525 39038155 39040648 39047407 39037588 39035319 39041541 39039107 39027632 39036807 39044990 39039919 39042832 39047608 39045573 39030295 
88 39037984 38888178 39045280 39035839 39029934 39040501 39045082 39047368 39040311 39035056 39035715 39046134 39036728 39036504 39037870 39037001 39046651 39040396 39054089 39046358 39027069 39037630 39042561 39039018 39031155 39046013 39033467 39053746 39040303 39042983 39034238 39045521 
89 39023741 38896755 39043524 39035754 39032763 39041442 39041042 39050406 39042134 39042019 39040729 39042611 39040833 39037931 39037022 39042372 39032381 39043615 39036939 39035185 39034368 39034410 39046482 39032000 39046935 39039062 39038261 39033227 39048335 39042693 39052102 39027029 
90 39031711 38886801 39033485 39044245 39040511 39045314 39053531 39047287 39039020 39031468 39038818 39035910 39042778 39042527 39051021 39030411 39049093 39038691 39041178 39034448 39031644 39048436 39046304 39042003 39028544 39040720 39049941 39027256 39034703 39046479 39034052 39029944 
91 39031936 38893837 39038999 39049288 39046113 39050987 39033554 39050761 39042341 39043037 39045512 39043042 39041522 39035056 39028810 39037210 39033132 39042596 39031261 39040813 39042727 39039471 39039274 39046839 39032650 39049913 39044460 39043591 39044020 39041957 39040005 39040122 
92 39031345 38897186 39048912 39043128 39038275 39036617 39047502 39042586 39044443 39035576 39029344 39053157 39038062 39046643 39049746 39033070 39044030 39037766 39035253 39038459 39042246 39041100 39045294 39046656 39039206 39039787 39049393 39048155 39036014 39035521 39030028 39036686 
93 39035844 38896173 39053466 39038402 39045723 39045005 39051278 39038202 39045081 39036779 39039129 39036712 39043739 39035964 39044986 39041364 39047801 39051477 39038663 39042150 39042147 39033187 39040229 39042872 39041507 39033420 39051681 39041503 39031740 39038447 39052604 39022626 
94 39031955 38893242 39042959 39037291 39041350 39050889 39041635 39052335 39047076 39048852 39033333 39045913 39037908 39048342 39040398 39046553 39040257 39029321 39052611 39037979 39043122 39037717 39043632 39036239 39033179 39044399 39038228 39048367 39040831 39046968 39034516 39042560 
95 39032288 38886540 39043159 39041949 39047888 39052280 39044134 39035788 39037730 39047380 39038493 39036284 39062494 39038231 39034692 39039049 39044994 39035085 39043769 39028412 39041999 39035884 39035276 39046133 39027066 39038264 39041691 39032085 39040744 39040910 39045478 39042204 
96 39045772 38899261 39044519 39042657 39040941 39044844 39045215 39034275 39049423 39048881 39039621 39040525 39041965 39044602 39044884 39023529 39047263 39044410 39055620 39044321 39042990 39035664 39035247 39049753 39052150 39040755 39048025 39041557 39048500 39050944 39044850 39043744 
97 39018854 38903645 39046027 39038328 39044638 39033607 39038582 39036203 39042271 39045633 39055376 39048857 39032522 39040601 39028870 39041770 39040655 39046955 39035952 39044906 39050431 39049635 39054640 39043505 39050333 39047301 39049066 39042232 39052188 39044353 39051076 39026730 
98 39044689 38907845 39046322 39053861 39042817 39046833 39040647 39047182 39037513 39040691 39039739 39053566 39053161 39031645 39060448 39042126 39035914 39045329 39043606 39048056 39051602 39046145 39054503 39046885 39047637 39039470 39044034 39038608 39048529 39032812 39034567 39052292 
99 39038604 38891652 39037424 39046539 39038476 39037296 39048192 39035972 39041902 39038700 39033510 39041253 39046513 39042143 39044412 39031419 39042401 39042390 39037117 39045690 39040711 39043055 39048553 39036965 39046844 39064269 39034018 39047580 39042849 39040176 39058343 39031971 
100 39037985 38894757 39045830 39059361 39041317 39045127 39050683 39045711 39058563 39040221 39050653 39046344 39046919 39051297 39052201 39043205 39045662 39047487 39049062 39037255 39038123 39037231 39043116 39037147 39036614 39049103 39036357 39048036 39042281 39049309 39043454 39049030 
101 39037379 38903755 39044859 39058894 39044468 39046255 39042398 39041625 39036311 39037868 39042892 39044616 39045351 39039523 39042689 39040559 39037439 39039237 39038723 39043136 39047354 39045335 39042533 39045600 39044296 39042563 39041358 39038085 39038279 39041728 39054013 39024862 
102 39042331 38902748 39043025 39043618 39049319 39038149 39050521 39051632 39048725 39049417 39051440 39049469 39048438 39048895 39048098 39049438 39035559 39040725 39034527 39037726 39056799 39038898 39040192 39045749 39045268 39054857 39039073 39044724 39040581 39052438 39039232 39048207 
103 39043022 38892685 39044022 39050625 39038773 39034655 39040623 39043232 39042628 39051486 39050618 39042584 39051377 39042975 39040682 39039821 39051096 39038650 39038043 39048291 39044292 39035997 39048086 39048932 39038381 39037281 39045286 39038629 39041907 39050814 39052634 39034802 
104 39029092 38886608 39047049 39045584 39041504 39039579 39045947 39038522 39052006 39042782 39042323 39050119 39048452 39038372 39041666 39034954 39049182 39056251 39044564 39050041 39054494 39034347 39042902 39039857 39038267 39047457 39049901 39041633 39050568 39048833 39031581 39043027 
105 39026223 38894138 39040685 39053967 39041300 39044053 39044281 39046434 39055520 39050863 39043819 39044644 39036380 39051268 39047249 39047308 39049568 39038888 39039500 39048633 39047876 39053524 39039935 39054410 39048003 39039900 39049334 39047569 39046036 39049512 39041632 39044482 
106 39037518 38894862 39040063 39039314 39051061 39043801 39054961 39049939 39046245 39047878 39047608 39058909 39031857 39040990 39056709 39049257 39029727 39050243 39039300 39050510 39049275 39050843 39048210 39041520 39047998 39037238 39046979 39039250 39046778 39050962 39035393 39045953 
107 39038713 38898127 39057236 39046084 39042512 39045966 39047374 39035891 39053504 39052821 39048129 39039409 39052883 39047679 39053876 39042560 39050070 39044160 39045450 39041313 39053876 39041815 39051435 39040159 39052568 39047603 39039053 39056974 39044233 39030229 39044426 39050222 
108 39052531 38889537 39038101 39045963 39038597 39048254 39053470 39049211 39045504 39048947 39049050 39052333 39044735 39043031 39042733 39029577 39053660 39046715 39038272 39052785 39055099 39060981 39045329 39039415 39052802 39037961 39053745 39047997 39047490 39045816 39036670 39048254 
109 39043860 38900727 39041597 39035085 39050204 39040313 39050377 39047328 39053699 39051113 39046678 39053668 39049341 39047389 39042859 39036334 39042336 39042851 39027599 39046025 39047938 39044501 39054487 39043644 39050337 39053051 39037944 39053547 39042142 39047964 39047063 39049538 
110 39046400 38904879 39049086 39041455 39051507 39049087 39036935 39057623 39040924 39044564 39044326 39049852 39057340 39045978 39051727 39051673 39042214 39039417 39049091 39043052 39038769 39042184 39040697 39054878 39047512 39032172 39044805 39050705 39055935 39045580 39043400 39029435 
111 39049135 38901457 39038710 39049970 39039550 39047631 39043584 39050381 39054795 39056047 39043912 39050882 39057375 39054579 39039703 39033302 39052095 39032987 39040978 39041528 39054154 39048133 39051166 39047525 39055610 39044982 39046778 39049856 39053988 39043851 39063808 39040662 
112 39067222 38910292 39050763 39054461 39050602 39067631 39047142 39060153 39054389 39045743 39047202 39049946 39063603 39045224 39050922 39035483 39047571 39054638 39040385 39044435 39043232 39048633 39054179 39037032 39056172 39031616 39054199 39060167 39050202 39056360 39052201 39048935 
113 39057669 38907936 39051170 39054164 39049491 39039624 39049533 39052462 39047935 39047055 39042897 39051179 39042306 39046387 39041403 39048803 39048681 39042178 39046546 39047452 39052836 39043963 39049992 39060579 39038822 39052646 39056093 39040331 39037252 39041502 39051009 39046484 
114 39055565 38898280 39036729 39043349 39055686 39052867 39062699 39054419 39059836 39037997 39040982 39048422 39043506 39061126 39046444 39055004 39051763 39041161 39041701 39042397 39039899 39051056 39029261 39049778 39049051 39047179 39045024 39055799 39044261 39047476 39036822 39043864 
115 39031353 38921246 39051311 39052114 39045584 39053803 39055012 39046724 39042037 39048803 39049280 39051213 39051732 39057629 39043176 39037386 39032967 39042553 39053467 39057662 39057983 39056418 39048975 39049429 39052840 39051118 39049040 39059979 39048978 39044971 39049600 39033870 
116 39050187 38893548 39040637 39055121 39053533 39058669 39050090 39034170 39049351 39045244 39041675 39053573 39060702 39045699 39045356 39036501 39056972 39053056 39049362 39050487 39042092 39049573 39046709 39049508 39044569 39047876 39049435 39048448 39038454 39038395 39048860 39047616 
117 39058546 38908256 39049802 39045894 39042014 39053731 39058417 39055280 39052822 39046752 39050201 39041786 39035212 39053254 39059584 39041777 39043127 39053997 39048640 39049899 39056288 39053698 39033982 39049100 39056087 39054141 39045924 39066941 39049613 39056215 39053083 39042926 
118 39059913 38903226 39058480 39066377 39044664 39045077 39053680 39051143 39035071 39051664 39045760 39062421 39047227 39046276 39049528 39040448 39060767 39050369 39044148 39058158 39055921 39060305 39048746 39052785 39052110 39033164 39052148 39043295 39039042 39042679 39053007 39046368 
119 39061041 38891721 39053012 39062736 39041812 39039790 39049759 39051884 39039421 39058026 39056284 39054410 39037246 39053165 39047521 39043151 39045312 39047704 39037142 39044839 39042966 39052411 39046444 39046228 39070965 39045509 39043753 39049685 39055188 39046264 39069302 39062273 
120 39050083 38904054 39045749 39060849 39049692 39051531 39048835 39049418 39058337 39053047 39058732 39054165 39058305 39046440 39050349 39034948 39051608 39045494 39048110 39034353 39042142 39046716 39051278 39040180 39040783 39052008 39044277 39050658 39053520 39047478 39045038 39048572 
121 39053140 38903051 39041132 39052148 39051809 39047385 39050090 39039284 39041005 39064265 39042549 39052570 39042728 39057861 39042336 39051888 39046122 39055305 39048219 39052250 39060494 39058823 39042608 39048838 39052526 39065596 39047233 39047889 39054189 39058160 39065005 39039714 
122 39064348 38900830 39051863 39051033 39052504 39043334 39046059 39044895 39046576 39057776 39048821 39053447 39055573 39051631 39053491 39038368 39047326 39054067 39043545 39049510 39052084 39053757 39053945 39052258 39053162 39052626 39039574 39048769 39049564 39053881 39037471 39043499 
123 39050145 38901820 39056329 39058288 39053202 39056440 39045306 39057948 39046932 39060427 39052391 39049494 39055651 39044921 39041896 39041454 39037820 39059375 39059908 39043942 39048452 39054884 39040407 39059220 39054648 39043983 39051523 39053856 39057326 39046809 39061827 39041702 
124 39054848 38907143 39054236 39042553 39051849 39049898 39053510 39050603 39044746 39046292 39056221 39052278 39050689 39045687 39058865 39037890 39062729 39046320 39043040 39052977 39055243 39049924 39060270 39052595 39045238 39054625 39052735 39040564 39055493 39043403 39053341 39051100 
125 39057285 38911541 39060101 39049132 39049709 39050781 39051233 39052134 39048370 39036613 39061273 39053963 39045076 39061056 39044454 39034701 39053199 39060082 39051651 39043649 39038315 39062311 39052470 39053902 39052247 39061101 39055632 39048015 39060689 39049445 39058124 39041841 
126 39066051 38904398 39054132 39055530 39061043 39052541 39044474 39046481 39055264 39058682 39050905 39050803 39054680 39043815 39046000 39052799 39053485 39056360 39062194 39055956 39059591 39054117 39059062 39056798 39055372 39051863 39047925 39057275 39046178 39046403 39049588 39039815 
127 39042675 38893810 39054668 39057083 39048350 39057307 39051697 39046374 39052245 39061600 39058956 39045977 39063825 39053550 39058856 39052497 39045448 39052654 39053070 39043150 39051589 39049475 39048948 39058160 39053550 39053170 39052260 39048184 39054576 39054779 39053128 39059189 
128 39036647 38915144 39051198 39054090 39061528 39064221 39062389 39052380 39059785 39055670 39044453 39054773 39055506 39056849 39060534 39050058 39061298 39062140 39053155 39058764 39059904 39047373 39056014 39068194 39057461 39050550 39053753 39049817 39064320 39058063 39043956 39045649 
129 38801573 38786918 39066676 39054898 39057660 39049281 39046589 39054328 39046849 39050372 39056538 39045925 39047247 39054701 39054310 39054194 39064692 39058454 39059783 39064217 39052152 39047856 39061531 39055063 39060025 39056979 39057179 39042971 39048878 39051388 39066731 39051764 
130 39114575 38893334 39054475 39048634 39050865 39060740 39056365 39041598 39061828 39049382 39048766 39050554 39048473 39058790 39055523 39048613 39056270 39055175 39054880 39050505 39064914 39059681 39043112 39050057 39059609 39048351 39054723 39054957 39048100 39049799 39041597 39043912 
131 39120387 38904580 39215316 39043357 39058912 39042939 39053548 39046506 39043776 39050647 39054333 39054767 39053304 39063030 39048942 39053818 39049178 39058354 39052841 39060337 39051369 39056693 39048107 39058763 39057811 39056248 39059386 39054209 39054387 39055575 39066675 39054290 
132 39119301 38900972 39052585 39048031 39061248 39060863 39049838 39039942 39057250 39053192 39050266 39051452 39051507 39052118 39048258 39043157 39046157 39046330 39051660 39042426 39059013 39059902 39045359 39059061 39067777 39067269 39046568 39041902 39057143 39054975 39038296 39065083 
133 39121711 38908408 39059972 39052931 39046144 39064648 39062673 39054593 39060347 39057878 39054734 39064513 39057748 39045787 39051596 39052315 39056050 39051668 39061814 39054548 39053268 39046278 39058692 39056146 39048174 39052772 39040981 39051445 39052439 39051357 39063335 39055583 
134 39124204 38919892 39056496 39059511 39062465 39054701 39052832 39061636 39043154 39048926 39054936 39042420 39059057 39049886 39049570 39043896 39064169 39064644 39059054 39061059 39050235 39051118 39052226 39061179 39063032 39048315 39055511 39058552 39047488 39059692 39042176 39053091 
135 39111510 38913655 39048395 39044699 39038808 39057253 39047531 39046690 39060084 39064195 39058604 39052639 39059196 39059071 39052203 39045560 39057466 39054113 39054192 39046893 39050286 39056741 39052921 39060307 39053181 39057534 39064159 39055582 39054403 39058317 39063536 39040782 
136 39112530 38910837 39055484 39047810 39048310 39059322 39062557 39057640 39052103 39058862 39046910 39060184 39065822 39053397 39055738 39053396 39057055 39044698 39052949 39057901 39052228 39041761 39064211 39050295 39067016 39057456 39055137 39065602 39046231 39052870 39046606 39057351 
137 39109568 38921374 39067336 39059055 39057815 39058981 39052216 39064687 39062245 39055831 39047271 39058392 39046306 39054075 39049678 39045726 39054621 39062502 39052540 39042230 39059669 39062477 39055754 39052380 39060219 39069484 39053716 39049094 39046927 39056583 39060248 39063243 
138 39125293 38914627 39064519 39065959 39066945 39053312 39051633 39055113 39059318 39048234 39065235 39060606 39062524 39059015 39053737 39059574 39065405 39058662 39056970 39054994 39056564 39062932 39057329 39060810 39045225 39041131 39050463 39066033 39059027 39053186 39047837 39044961 
139 39111236 38916343 39053599 39069353 39059318 39057930 39065777 39054134 39065741 39050450 39049941 39064679 39058787 39060362 39057692 39049068 39050808 39056275 39053244 39056386 39045935 39064698 39050398 39056527 39050684 39069088 39065663 39062052 39051228 39064260 39052707 39053202 
140 39127988 38931381 39057698 39068574 39068175 39063115 39055416 39063784 39057267 39048220 39064162 39060954 39059700 39062521 39051134 39046831 39065840 39057000 39063862 39047142 39059420 39049309 39058495 39062281 39050023 39068928 39065464 39060806 39056455 39051477 39047592 39039219 
141 39123972 38928805 39067674 39041685 39059531 39053775 39058629 39047866 39058454 39061330 39055531 39053527 39071944 39063516 39054752 39052339 39048896 39058790 39062159 39063767 39071003 39059508 39056720 39058738 39060373 39052117 39064999 39058161 39055432 39052050 39069783 39058421 
142 39116819 38912922 39067257 39060543 39057165 39056628 39056726 39061971 39041011 39044461 39059283 39058256 39060384 39060192 39058960 39059177 39057657 39056852 39052673 39053106 39055772 39061516 39067548 39057356 39064011 39061305 39060569 39053903 39058645 39057242 39056199 39046939 
143 39139061 38917133 39057629 39068419 39065733 39062788 39059852 39053692 39059640 39072659 39063647 39059162 39062095 39059647 39047976 39056571 39064820 39056468 39065820 39050838 39067749 39063313 39054030 39051342 39062748 39054918 39049358 39058029 39068433 39050359 39073407 39052405 
144 39138918 38930575 39061656 39056196 39070212 39064329 39054462 39065351 39076428 39059835 39072634 39060874 39058853 39068119 39060611 39069027 39063609 39054486 39068064 39056885 39061563 39052887 39050826 39064026 39051214 39042654 39057300 39051685 39064030 39063823 39063719 39045243 
145 39111388 38932784 39064223 39052239 39060372 39060263 39058956 39065412 39054233 39061190 39053106 39059990 39069241 39058881 39068682 39057645 39056562 39051055 39066958 39059763 39058689 39060531 39053373 39053814 39055864 39063134 39069893 39055902 39070665 39063013 39071622 39056125 
146 39134461 38924999 39074475 39053058 39062490 39051589 39056131 39055166 39050058 39068226 39056092 39058919 39051140 39064582 39062152 39055543 39050892 39049171 39059010 39059883 39068850 39056459 39062455 39052079 39061656 39065831 39052111 39055139 39071710 39044179 39068438 39078037 
147 39133126 38927093 39069710 39056791 39049234 39060134 39075958 39066344 39068664 39051462 39060730 39055151 39059975 39056392 39060221 39051874 39060238 39060752 39070897 39060604 39061057 39049954 39062468 39058389 39068729 39052981 39055087 39044403 39062094 39061784 39060654 39052873 
148 39140001 38925410 39053542 39047472 39065990 39070015 39073880 39058183 39049904 39071519 39058826 39050207 39061339 39069443 39060975 39051943 39053948 39068286 39063187 39062835 39047075 39056802 39070746 39055823 39058735 39062218 39061143 39056065 39054870 39056802 39042897 39063245 
149 39132805 38932793 39062658 39061131 39059422 39065324 39065854 39068687 39058587 39061927 39069753 39050837 39056893 39057831 39055678 39054550 39066345 39060479 39056085 39064558 39053498 39057173 39071537 39067099 39062588 39055081 39056468 39064570 39072334 39066542 39065726 39061076 
150 39144546 38918715 39052428 39074971 39056430 39060437 39070475 39070334 39065953 39062216 39073225 39057971 39061437 39065971 39066456 39058287 39058564 39068988 39057053 39056342 39065792 39057410 39053080 39058830 39066906 39063071 39063157 39060650 39056714 39065413 39050595 39048320 
151 39122911 38932782 39051326 39061068 39063220 39058793 39062249 39057160 39063451 39057970 39057141 39052795 39058770 39054711 39065644 39050423 39067493 39068252 39060504 39063633 39061962 39051838 39065789 39053541 39068017 39064492 39062981 39062317 39053562 39060201 39071627 39044868 
152 39122485 38927010 39055344 39067983 39061804 39058513 39068767 39063774 39052497 39055965 39052531 39043424 39068415 39067450 39063712 39070037 39058365 39056244 39059765 39069879 39067864 39074547 39061425 39056183 39064815 39071615 39070271 39068765 39060101 39054314 39049226 39059885 
153 39119914 38932345 39069984 39070543 39065258 39069788 39067785 39067616 39061786 39071170 39063978 39051471 39066635 39057866 39055547 39050757 39056490 39071874 39063403 39060364 39062521 39048870 39052031 39058698 39057636 39071223 39059008 39057631 39057881 39068583 39049816 39060569 
154 39129449 38940267 39070188 39057721 39069846 39060287 39062923 39070383 39064458 39064754 39061285 39066692 39067156 39083135 39058245 39069316 39060444 39072558 39070705 39066769 39062393 39071160 39063334 39057698 39066046 39065941 39058515 39059098 39061641 39065247 39061659 39055411 
155 39122964 38924833 39063193 39065205 39075424 39066953 39070041 39061311 39063651 39065578 39065422 39069880 39062814 39067506 39053011 39055613 39055227 39062995 39056918 39054919 39070221 39070356 39050879 39070749 39065642 39061332 39063007 39060703 39048707 39065767 39063021 39060669 
156 39117096 38936573 39072326 39064402 39069356 39060587 39071965 39062655 39079255 39066917 39073234 39063054 39058738 39065580 39061346 39054856 39061384 39064145 39066535 39072916 39065888 39062509 39044913 39060966 39055054 39062805 39054387 39075305 39068930 39055780 39057651 39057795 
157 39127475 38934637 39061856 39059406 39074717 39066390 39073083 39067952 39071580 39065336 39058409 39063142 39059829 39056274 39077013 39058668 39069453 39066769 39062447 39067226 39063805 39054427 39065975 39058051 39066297 39056461 39067725 39066016 39069212 39063055 39071981 39053587 
158 39123464 38935996 39069934 39062672 39067102 39080346 39061906 39065326 39059524 39075990 39066151 39062709 39064784 39061308 39068437 39052028 39063764 39058307 39072623 39067635 39063868 39054801 39068916 39061586 39056335 39054116 39063341 39068960 39065759 39068641 39052196 39062727 
159 39137162 38930693 39065303 39074108 39071317 39070116 39065864 39070526 39070644 39066468 39067082 39067062 39073533 39074525 39067276 39067455 39065450 39061952 39072108 39065743 39052651 39056811 39062392 39075739 39068600 39065979 39067503 39070574 39059853 39067768 39065598 39057385 
160 39127164 38939870 39068630 39067347 39072468 39068300 39070185 39061814 39064643 39065525 39064856 39066386 39064849 39067695 39069802 39059228 39071594 39068703 39061172 39066246 39067280 39065800 39053044 39061392 39059970 39065746 39059513 39077209 39067240 39063039 39061137 39065445 
161 39123115 38947520 39073059 39074813 39065197 39064894 39059479 39071130 39065061 39069702 39067941 39064989 39057271 39069598 39066954 39054437 39068334 39064293 39069460 39071892 39076189 39074521 39058859 39062581 39063235 39065034 39055174 39064269 39065102 39073540 39070590 39067757 
162 39126952 38934667 39064240 39070150 39074228 39064299 39065329 39071543 39060857 39083431 39067845 39053915 39063862 39062948 39073624 39059711 39058210 39067031 39055160 39070863 39073372 39064422 39065243 39066469 39068264 39069089 39070828 39058437 39076254 39066671 39057425 39069797 
163 39134627 38940594 39068957 39083912 39075028 39058887 39062683 39060456 39074159 39067070 39065417 39062676 39051723 39064886 39062887 39065782 39074978 39076828 39078168 39062847 39056814 39063371 39062175 39064375 39070935 39067499 39069068 39049333 39060345 39069572 39067463 39060396 
164 39125509 38950039 39078813 39075248 39069952 39063901 39067360 39063026 39071911 39072364 39065345 39061081 39070326 39063142 39070182 39049089 39077695 39075780 39060257 39070989 39064996 39071267 39061818 39073853 39070638 39064947 39067720 39075452 39060209 39064949 39062100 39066488 
165 39131852 38942511 39061281 39065601 39065544 39076479 39072085 39072771 39068029 39063367 39074582 39063444 39067460 39060339 39061230 39053245 39068598 39074424 39062067 39072229 39074837 39066972 39055567 39070697 39070117 39053280 39066686 39069908 39069222 39074349 39072225 39053440 
166 39128811 38943260 39067077 39066415 39066035 39083805 39072665 39067864 39062754 39069677 39068730 39073340 39064667 39076283 39065136 39063150 39075196 39063688 39067434 39067847 39062837 39074620 39075206 39078667 39072952 39064692 39077281 39067195 39073497 39063039 39063327 39061185 
167 39127836 38949548 39067714 39062436 39077839 39067847 39071287 39070835 39073090 39057380 39072245 39064419 39073496 39080943 39060109 39072925 39064220 39070562 39067905 39063616 39064417 39064769 39062751 39071657 39056792 39062047 39068174 39058794 39060737 39068352 39073744 39056485 
168 39128019 38948038 39072404 39072426 39072768 39065012 39070055 39065417 39065161 39067730 39068156 39073643 39068674 39065934 39074883 39059366 39058474 39059136 39067445 39066563 39067213 39072461 39064201 39073014 39065496 39069148 39076991 39067470 39060988 39076740 39063812 39069358 
169 39120980 38946069 39075392 39068744 39076659 39064476 39072013 39072058 39059944 39069597 39078170 39072316 39066992 39073978 39067633 39052741 39064634 39070034 39081906 39066486 39068248 39070325 39068536 39072801 39073057 39061021 39064069 39078909 39068640 39064600 39082128 39057415 
170 39134468 38946871 39082968 39077254 39071303 39067937 39069867 39075092 39081925 39066460 39064750 39063435 39072122 39066706 39080628 39064468 39069784 39073620 39062603 39070527 39071357 39075193 39070508 39079504 39072220 39071717 39059329 39069264 39064178 39063182 39069024 39069759 
171 39137908 38940796 39076957 39078583 39077412 39067164 39075789 39075330 39061479 39072832 39074207 39073404 39058931 39075408 39077120 39057074 39071989 39069953 39072330 39074215 39076413 39068552 39067701 39071570 39060697 39080519 39064721 39067907 39070382 39065363 39075172 39063608 
172 39125138 39090046 39061909 39071700 39068852 39072907 39068571 39070996 39076042 39072798 39060028 39075987 39070235 39054528 39068736 39058123 39071903 39061722 39068449 39069239 39073516 39073012 39072024 39068919 39064501 39087805 39077118 39071475 39078848 39063307 39061112 39067991 
173 39127140 38948431 39075639 39070545 39071435 39065203 39071011 39074767 39077200 39085271 39060987 39077544 39080090 39082585 39075085 39066297 39063180 39061570 39054728 39060597 39071658 39078229 39068658 39071064 39069831 39071123 39073603 39065350 39070252 39064169 39067685 39063747 
174 39124737 38953857 39060228 39062949 39056942 39071981 39075028 39075287 39069515 39075445 39070825 39082394 39072255 39075148 39069297 39067528 39083658 39076258 39073920 39072469 39066291 39077804 39074325 39085467 39069793 39072416 39075238 39068155 39072374 39066406 39061752 39059249 
175 39113640 38943306 39072515 39068111 39077794 39065399 39075218 39073432 39080782 39078168 39069083 39078030 39073007 39074250 39068916 39063782 39071705 39076275 39078382 39077332 39060783 39071080 39076163 39070900 39066255 39080426 39065866 39067781 39077930 39074218 39072362 39063518 
176 39133559 38943509 39073841 39074195 39071542 39070054 39070590 39069910 39069891 39073721 39071482 39076193 39064704 39077670 39078742 39054833 39072446 39074860 39079487 39072928 39061136 39072470 39072337 39074751 39075061 39079156 39069664 39067139 39071634 39077037 39065740 39063717 
177 39113874 38957057 39073100 39072469 39072914 39068766 39068038 39074588 39075705 39066411 39067368 39078434 39069585 39072405 39074172 39056537 39062548 39068312 39068910 39072829 39064159 39071340 39076388 39075973 39064307 39071744 39065885 39071654 39071063 39068446 39066114 39061247 
178 39127185 38945935 39083176 39068227 39075648 39081050 39072280 39072336 39070873 39071523 39063513 39062716 39070865 39068900 39075484 39071677 39072878 39071240 39078184 39070331 39073277 39062806 39074647 39067127 39064031 39070228 39067374 39073352 39071648 39069152 39058547 39068639 
179 39124059 38938287 39077532 39082589 39068672 39076902 39080989 39068530 39060814 39064059 39067997 39071578 39078273 39072634 39084552 39068543 39075606 39075330 39077042 39081234 39073664 39069851 39071623 39063094 39073163 39066252 39080347 39077934 39071702 39075403 39088378 39070129 
180 39115313 38945208 39070877 39081112 39094345 39067503 39077859 39074610 39073048 39067706 39073024 39082893 39081674 39080963 39080267 39061884 39071461 39071697 39075413 39075467 39073874 39074437 39079354 39071338 39072926 39079271 39066718 39075259 39066275 39071014 39057459 39081473 
181 39122506 38949080 39073152 39075225 39074066 39069966 39075792 39064652 39087106 39074239 39080212 39075179 39063767 39072495 39077402 39064398 39075872 39066345 39067121 39075324 39074957 39064646 39072420 39080268 39076400 39064909 39073899 39069295 39066596 39057316 39089583 39064646 
182 39117377 38949508 39066844 39066332 39082205 39076162 39070230 39079004 39079368 39075357 39077498 39056014 39090615 39077873 39072820 39075788 39071493 39076481 39075584 39073078 39069080 39073660 39073262 39069474 39080965 39073835 39072210 39086414 39068604 39076459 39079256 39078150 
183 39115778 38971028 39074107 39069243 39078948 39079357 39073284 39083854 39076916 39082337 39078881 39073174 39081717 39065409 39073703 39083246 39066284 39083228 39070993 39082315 39081933 39069835 39082563 39068354 39075473 39077407 39061350 39071186 39079402 39076112 39066658 39069275 
184 39119055 38952912 39086629 39076414 39089167 39076341 39075325 39077493 39076141 39076679 39069311 39077448 39074476 39083783 39075096 39069568 39076019 39078176 39075456 39075038 39079832 39064586 39074640 39074951 39081897 39064415 39083174 39087850 39080981 39072187 39073591 39078160 
185 39119935 38956136 39068057 39074014 39079032 39082533 39074899 39085869 39083927 39069398 39084397 39081458 39081956 39087484 39070206 39074983 39074138 39074675 39082588 39078479 39076618 39086253 39076157 39065401 39077983 39082876 39081011 39073795 39073764 39074534 39069521 39071748 
186 39117319 38940806 39075733 39080408 39071183 39082483 39079037 39091543 39086697 39086681 39077102 39075842 39069945 39083210 39076751 39065611 39079643 39064092 39077257 39078784 39092312 39084017 39088534 39083171 39079420 39078266 39076484 39077254 39082267 39089198 39075817 39078896 
187 39115511 38952237 39078919 39072131 39077355 39073738 39076270 39087868 39070695 39084111 39072536 39081815 39082534 39075401 39069582 39079779 39074016 39090787 39081465 39075129 39074857 39077423 39067496 39082469 39071442 39081447 39074166 39071135 39085488 39075394 39088724 39061842 
188 39124395 38958673 39083510 39078630 39074015 39075174 39073343 39075681 39078730 39088893 39083036 39076502 39071593 39086424 39090325 39065435 39085714 39070385 39073417 39080608 39066935 39071591 39070575 39076205 39069460 39077579 39073705 39075213 39081011 39082898 39072503 39067770 
189 39122822 38960609 39074468 39081392 39074100 39068207 39091390 39076902 39078658 39089580 39080735 39086573 39082176 39071736 39078569 39060546 39079525 39088699 39072994 39082613 39082736 39071558 39068380 39075647 39082659 39080485 39083254 39078376 39074965 39077040 39079460 39068027 
190 39118333 38958869 39083486 39085113 39089026 39075841 39080474 39077316 39080459 39083146 39076717 39084763 39075321 39075753 39087983 39073869 39071602 39074512 39071545 39077159 39069861 39071686 39075847 39074551 39080240 39080725 39084577 39067448 39086684 39074872 39074855 39077176 
191 39112378 38954255 39084903 39079731 39085510 39086061 39079435 39089793 39085248 39081997 39076700 39080301 39074057 39084719 39073700 39065757 39071285 39074013 39080851 39084704 39080600 39081471 39081917 39080370 39079449 39071832 39070482 39072041 39085002 39064067 39099677 39068400 
192 39122670 38960820 39100041 39095029 39090302 39076707 39081358 39077667 39093433 39077048 39091185 39075502 39089304 39072916 39081785 39076234 39082820 39072826 39075905 39086099 39081561 39096827 39083129 39070868 39073170 39087135 39073842 39082475 39086258 39083033 39085932 39072908 
193 39092984 38955408 39078285 39080900 39071413 39088072 39072415 39093279 39082999 39071924 39090569 39078252 39085697 39078336 39082580 39074220 39076725 39096521 39078807 39079488 39075615 39081810 39073934 39081282 39077158 39080911 39076971 39078340 39076310 39075873 39095832 39076288 
194 39108262 38938345 39080578 39090237 39087544 39082224 39090307 39094641 39074345 39070474 39087431 39093861 39085230 39084376 39091671 39073033 39082880 39085027 39097847 39078490 39081245 39074896 39082468 39082535 39074652 39076299 39086000 39080225 39088645 39078576 39071075 39082688 
195 39118961 38966082 39084457 39092416 39088463 39092543 39081203 39079974 39077597 39088742 39089224 39088914 39081463 39088707 39088993 39075365 39074369 39080725 39080471 39070286 39077367 39072064 39081653 39085150 39072561 39074962 39092103 39063299 39071086 39077443 39091673 39070693 
196 39111149 38953241 39086327 39071090 39078367 39082940 39085908 39097915 39086903 39065918 39080495 39093382 39079187 39085804 39095416 39081226 39080244 39086451 39089075 39093253 39083002 39088668 39080439 39082439 39071692 39087484 39064851 39069569 39071627 39078682 39083480 39079766 
197 39105389 38957986 39076355 39086241 39093176 39085728 39087697 39092360 39091001 39081482 39083771 39096941 39091792 39084892 39082231 39078684 39081549 39088552 39088486 39071936 39080933 39092084 39076709 39076024 39080421 39080429 39085728 39085741 39076517 39072702 39101509 39075225 
198 39110621 38959173 39081104 39069593 39091089 39088930 39084540 39081504 39091020 39089047 39085428 39093168 39090141 39075683 39089229 39082962 39079703 39081126 39092182 39084164 39083257 39079605 39082741 39084991 39087453 39085432 39086375 39078818 39082741 39076220 39074537 39080790 
199 39110078 38973945 39087211 39085962 39080989 39084820 39088625 39085379 39093590 39086589 39081093 39091772 39080482 39074833 39081309 39073240 39100251 39094004 39076300 39087378 39099491 39081623 39083474 39080474 39077868 39088621 39075734 39094634 39088574 39084898 39095228 39066909 
200 39104366 38961682 39088667 39086274 39090184 39091683 39087231 39078709 39092543 39085010 39077650 39076832 39086345 39089061 39091162 39070536 39090604 39086366 39084195 39094151 39101110 39095392 39075276 39083515 39077330 39083849 39079064 39082464 39076243 39084764 39071951 39073249 
201 39103177 38960195 39086604 39091097 39089367 39093334 39079375 39087200 39086876 39089987 39102793 39091668 39078240 39084547 39081564 39088006 39088724 39090955 39081225 39078837 39079255 39085399 39088660 39079454 39089220 39078268 39089211 39085987 39077813 39078673 39084656 39071861 
202 39099806 38955561 39087739 39080962 39093817 39085526 39087767 39091977 39085098 39096918 39095050 39085859 39090047 39087825 39094618 39068194 39091874 39090115 39096832 39091087 39083411 39093083 39070906 39087615 39087909 39076299 39088528 39079527 39067516 39083733 39072151 39083923 
203 39091403 38955889 39099035 39082625 39077419 39097397 39094945 39090153 39085975 39089443 39085867 39091586 39090288 39085993 39096717 39079783 39083538 39083667 39088190 39084412 39082346 39079976 39090591 39073309 39092309 39086852 39083870 39086115 39089685 39084489 39092885 39068137 
204 39095958 38974323 39097205 39093748 39100889 39086524 39087815 39092580 39099062 39092524 39078829 39095073 39090506 39079579 39082782 39078666 39087606 39086287 39095147 39083393 39087740 39084365 39082753 39083292 39089435 39082852 39081682 39076534 39095184 39074732 39090059 39086975 
205 39088147 38958874 39097134 39091049 39093170 39081119 39095816 39089123 39091836 39088670 39089258 39088280 39082549 39098317 39087572 39083452 39083914 39086641 39085386 39069943 39094030 39083212 39082924 39079332 39073915 39085570 39082948 39088554 39090268 39088378 39087494 39080068 
206 39088037 38968760 39089278 39079917 39090934 39093386 39093063 39092961 39078133 39088844 39088792 39088441 39090471 39079560 39087915 39077110 39083761 39095040 39090606 39089901 39086233 39097966 39088180 39077985 39081463 39085263 39086092 39077696 39077215 39084678 39083118 39075853 
207 39102681 38945079 39087004 39087941 39107380 39088489 39082443 39096201 39098611 39096244 39089468 39095348 39094494 39087399 39082068 39089478 39087973 39082356 39088074 39088344 39100093 39090397 39087644 39083331 39098128 39096072 39073269 39086579 39084205 39082179 39092736 39072033 
208 39098542 38972499 39093448 39076564 39089076 39094135 39086197 39086408 39098347 39089295 39097740 39099860 39092441 39085792 39097430 39085740 39086756 39095071 39098043 39081873 39083527 39084287 39096500 39093281 39088330 39083372 39085503 39082955 39078744 39091948 39083329 39088443 
209 39078418 38980944 39096070 39091146 39089316 39087989 39098687 39094130 39102735 39092365 39084464 39095865 39088007 39081551 39080061 39080173 39092204 39095759 39095810 39093137 39098591 39093912 39086997 39084726 39093664 39088322 39086497 39088914 39085320 39093812 39091779 39077047 
210 39086728 38956089 39097562 39101138 39092973 39091599 39089818 39089466 39088231 39093845 39087826 39095880 39089939 39083842 39095130 39070380 39090565 39074230 39096403 39087640 39100151 39101884 39094985 39099781 39090838 39101011 39086881 39094681 39087292 39093287 39084528 39083323 
211 39077612 38972653 39093040 39081907 39095345 39091300 39082062 39093540 39099856 39082830 39101077 39099667 39085776 39090201 39087549 39085427 39089419 39084856 39090006 39089631 39085231 39079575 39099875 39095433 39095714 39089906 39081175 39089065 39106599 39088122 39098910 39080018 
212 39080865 38968559 39101583 39081712 39085741 39100695 39091364 39091471 39098969 39094612 39097161 39101053 39087271 39078285 39100258 39080882 39084786 39100173 39091158 39083430 39083002 39084397 39097727 39087492 39091678 39088369 39099836 39088247 39084516 39086625 39087852 39082274 
213 39087303 38967411 39100563 39096124 39100697 39094298 39098282 39090494 39090227 39102057 39097953 39086348 39090504 39099029 39101092 39079393 39090632 39096807 39087679 39090176 39084743 39095595 39093465 39090537 39097067 39094704 39090563 39094923 39090884 39081234 39094458 39089675 
214 39089329 38968259 39094795 39115085 39097384 39102966 39101936 39106459 39097767 39089202 39099187 39105163 39096173 39091742 39095604 39088740 39094330 39088633 39088037 39094386 39092839 39106154 39090240 39086969 39094436 39097497 39093325 39089837 39095231 39093057 39079883 39087042 
215 39090086 38962694 39108071 39092665 39089729 39095321 39084768 39105978 39097142 39093914 39092269 39100383 39097942 39103539 39086187 39087233 39093012 39090809 39088080 39104156 39098173 39101028 39096853 39096324 39097460 39088456 39085615 39095792 39096275 39082642 39096389 39078376 
216 39078036 38965142 39098224 39102108 39092413 39087672 39086192 39108156 39088944 39085297 39097730 39088496 39107535 39093833 39096329 39090131 39094112 39095589 39097746 39102842 39106221 39095206 39100482 39087546 39100528 39088402 39086299 39094162 39080550 39091693 39080028 39085830 
217 39080432 38967625 39102590 39101850 39098428 39097558 39102344 39103492 39088242 39097729 39092561 39080929 39100237 39105986 39092051 39090014 39097501 39094652 39098959 39089353 39103528 39095674 39099000 39105338 39092488 39098176 39088423 39093111 39092020 39096270 39103104 39085118 
218 39075681 38972161 39104254 39093022 39094811 39104419 39092614 39096280 39097509 39084182 39104550 39087584 39095033 39091227 39097571 39101248 39094562 39096859 39093999 39092829 39097851 39086391 39089619 39093580 39099002 39087803 39090390 39097982 39094261 39106310 39091003 39083690 
219 39070155 38971439 39116297 39097529 39103391 39103782 39093272 39103762 39106724 39100027 39099432 39104405 39105160 39082540 39085539 39092998 39095497 39099221 39101254 39092164 39093752 39097085 39092645 39104666 39101485 39098023 39094941 39099665 39100450 39092995 39103349 39085748 
220 39079918 38967020 39100431 39096273 39100852 39101030 39096801 39100464 39106669 39094487 39100839 39104464 39096828 39103489 39088486 39086189 39095254 39101499 39100321 39102056 39091534 39103381 39099310 39085630 39096269 39090917 39088980 39100259 39089277 39094912 39075576 39092948 
221 39070744 38973872 39105687 39091593 39100152 39107374 39089675 39093696 39100492 39097388 39101534 39094857 39088757 39100828 39106821 39088188 39093101 39107108 39089833 39096199 39093504 39105365 39091709 39098041 39107612 39092748 39090275 39091259 39091814 39097076 39111580 39091104 
222 39062906 38975868 39096270 39105682 39113929 39110631 39096515 39100939 39108312 39100206 39105389 39096578 39103091 39102273 39110814 39089700 39105956 39094534 39107080 39090428 39111442 39089751 39096385 39087613 39089551 39098386 39100068 39110578 39094461 39095492 39098575 39077708 
223 39056546 38970831 39106505 39106348 39108101 39118014 39105746 39107855 39110783 39091679 39109688 39101918 39102550 39097758 39100315 39087578 39097627 39092493 39088792 39095166 39100120 39108363 39107892 39095009 39092618 39108320 39106747 39112295 39093845 39093107 39087221 39100598 
224 39067017 38969053 39110654 39112593 39094023 39107447 39101037 39100573 39095408 39101706 39103994 39089390 39103675 39089695 39114857 39089605 39107156 39098306 39104945 39107683 39103397 39101251 39106043 39093640 39092233 39106323 39103586 39102012 39097506 39102708 39083161 40004086 
225 39040237 38995228 39104826 39096712 39100119 39109852 39098261 39093373 39104757 39099938 39092985 39104645 39102053 39109051 39105888 39114077 39110205 39113841 39100198 39103031 39099731 39097174 39101432 39095201 39098817 39097019 39104228 39105135 39102950 39096147 39085712 39104547 
226 39063061 38974098 39105823 39095884 39100659 39098092 39109987 39105302 39108103 39088692 39106950 39104228 39103524 39105369 39104275 39092427 39104384 39093149 39095578 39106948 39097090 39095813 39105248 39100806 39093365 39086221 39097326 39094507 39098491 39109385 39090993 39119367 
227 39077414 38984255 39097075 39112710 39104552 39110471 39112820 39110070 39106946 39103329 39104830 39103552 39104917 39111629 39106951 39094165 39104499 39106417 39096870 39104628 39099770 39102300 39102964 39088339 39104359 39105219 39091289 39097898 39094994 39100320 39099152 39092753 
228 39049377 38971028 39095316 39111637 39108044 39107813 39104001 39097440 39099845 39102035 39100174 39111873 39115719 39104775 39094918 39104831 39093379 39096634 39101423 39101665 39091561 39114758 39100941 39102838 39093568 39091372 39088155 39101622 39102642 39092846 39088467 39106760 
229 39042118 38963928 39093791 39120899 39106627 39112738 39108528 39115130 39097474 39111105 39101969 39091157 39112313 39106827 39103237 39098650 39096122 39095501 39101499 39110483 39091655 39097143 39089379 39106424 39107759 39085644 39111229 39105767 39098452 39094868 39099664 39116829 
230 39035576 38972901 39110727 39105642 39108519 39096715 39110193 39102726 39104118 39098748 39104130 39103318 39106570 39114176 39105659 39091920 39102971 39110171 39103467 39096934 39112793 39102938 39119957 39109513 39098468 39104447 39112942 39096507 39098546 39101369 39091509 39109478 
231 39056223 38979221 39111265 39101888 39102146 39114200 39095564 39092677 39107886 39101915 39094641 39116586 39107290 39111807 39111797 39111409 39109444 39103651 39095499 39108201 39101878 39102401 39103108 39099745 39101457 39107887 39091760 39093159 39097650 39107151 39090872 39094272 
232 39049550 38976327 39108372 39106895 39102569 39097090 39109053 39121819 39114324 39111353 39119707 39096480 39091119 39112099 39129280 39107438 39105552 39103538 39113100 39096913 39103320 39101677 39115407 39095954 39093899 39106604 39101775 39092460 39101574 39094920 39095160 39104589 
233 39033783 38968947 39112037 39106910 39103485 39106530 39118968 39112133 39108079 39105978 39108386 39115726 39093039 39105997 39100369 39091389 39110434 39097610 39101122 39108687 39114595 39103061 39105834 39116355 39106284 39100314 39101887 39111255 39110262 39117448 39100557 39102962 
234 39043003 38971795 39115362 39118537 39104121 39103243 39109094 39099353 39102442 39099279 39105913 39111461 39117299 39103959 39111573 39105268 39102509 39111185 39116521 39107860 39092197 39107944 39103390 39086845 39102335 39104898 39099670 39104078 39098647 39111468 39088516 39115513 
235 39040244 38969460 39106579 39091685 39100570 39099193 39105381 39101550 39103507 39125593 39099349 39106862 39111630 39108375 39109199 39108904 39110174 39099813 39097464 39123950 39107977 39113664 39106891 39118789 39113848 39107476 39110912 39109651 39095196 39112921 39101068 39097370 
236 39031502 38969327 39110919 39102842 39114200 39114857 39098396 39101007 39119719 39126473 39105305 39116758 39110920 39108299 39107916 39102446 39113490 39113195 39111728 39116454 39107190 39109055 39118293 39105509 39097535 39110701 39112540 39111145 39115928 39104304 39104043 39108667 
237 39026404 38966351 39116604 39113453 39114042 39120582 39113990 39102025 39100191 39112127 39111539 39116797 39102785 39104954 39105808 39105827 39099881 39104194 39124528 39112188 39105429 39113244 39108383 39111498 39109019 39110888 39112350 39100061 39111843 39107709 39096589 39096605 
238 39028344 38980226 39114169 39114332 39097548 39121957 39113412 39112621 39097965 39108000 39114293 39108938 39106205 39107117 39116415 39098277 39116626 39113823 39111540 39112638 39104959 39109822 39110372 39114569 39112485 39100341 39105090 39094321 39103665 39105768 39101607 39105289 
239 39018217 38967835 39117123 39113995 39110326 39110929 39113909 39113618 39109253 39107545 39104700 39106285 39128745 39116356 39098614 39096681 39112603 39114795 39114947 39101861 39114713 39101403 39101337 39116610 39109173 39123649 39114016 39108587 39112156 39111007 39109684 39104585 
240 39032249 38988327 39119718 39114681 39109464 39119901 39118994 39120516 39117818 39113439 39122314 39115062 39114657 39110298 39103244 40456368 39121841 39097022 39111198 39112513 39109936 39108293 39115674 39111953 39111835 39119121 39101686 39118493 39101259 39115641 39102564 39107262 
241 38983735 38992826 39113301 39110428 39115114 39108574 39103949 39109365 39105998 39102286 39119483 39113273 39115708 39114236 39112808 39119552 39108802 39110117 39105571 39108510 39121412 39103952 39121206 39112335 39100387 39083053 39111757 39114323 39112101 39112334 39105149 39122005 
242 39017164 38968343 39115957 39122912 39113085 39116559 39129617 39112840 39109319 39113341 39112752 39100133 39122459 39112568 39114717 39110105 39112478 39105658 39109532 39119635 39099939 39111932 39109345 39114580 39113496 39116520 39116524 39119851 39099182 39121521 39109980 39103234 
243 39010466 38980608 39122342 39115798 39108333 39113109 39125072 39118261 39111821 39115220 39120832 39122644 39124900 39123261 39113645 39116557 39113331 39134789 39116593 39112860 39114898 39116813 39108240 39099529 39102004 39101335 39110531 39118562 39110746 39106473 39111033 39108221 
244 39007626 38972442 39110967 39107760 39109199 39114177 39114898 39128348 39109364 39113085 39119166 39106393 39121995 39104775 39106461 39114590 39111099 39126297 39102106 39112614 39113458 39116890 39121445 39113823 39108911 39104454 39108153 39122069 39106532 39119922 39116161 39106949 
245 39018685 38972124 39111205 39111746 39114301 39115707 39120127 39125998 39112717 39114372 39117622 39123449 39112455 39116154 39113097 39119810 39111854 39115820 39115301 39128961 39104090 39117226 39115374 39113333 39115122 39109041 39121631 39108389 39118082 39108033 39111147 39117537 
246 38990024 38975702 39127302 39107584 39123785 39116837 39118271 39119702 39121664 39128186 39116139 39110146 39112480 39102670 39116279 39116698 39126701 39107600 39119893 39107772 39112496 39121666 39110433 39122611 39124639 39114123 39111568 39113975 39112170 39118261 39106004 39125509 
247 39003538 38991769 39123859 39126026 39113977 39118808 39112641 39124262 39118016 39126776 39114925 39119119 39109421 39107043 39116020 39129328 39119750 39119638 39117535 39112323 39116470 39119221 39109480 39113209 39116817 39114337 39123817 39110947 39111486 39115735 39121285 39111856 
248 38998264 38970638 39125962 39120217 39125258 39124102 39111580 39114774 39123381 39124936 39129295 39119767 39131781 39125542 39123203 39118610 39113644 39120332 39120582 39116956 39116757 39112654 39118146 39112705 39115761 39105006 39118938 39110788 39109936 39123875 39107129 39121960 
249 38986667 38996998 39121478 39118068 39122221 39129462 39121084 39130480 39113199 39132234 39116099 39117659 39117352 39122828 39117831 39135060 39119348 39106696 39129919 39128655 39119556 39116457 39118126 39128793 39104580 39108253 39125014 39117290 39126483 39118954 39123393 39116377 
250 38991617 38975263 39132036 39113695 39124363 39119172 39133094 39122112 39131644 39121660 39120966 39121744 39122061 39122742 39124553 39120262 39113173 39113025 39119926 39123503 39120716 39124590 39107844 39110577 39115257 39120404 39115412 39100901 39115290 39113911 39118218 39117209 
251 38970594 38976272 39111136 39134944 39126419 39124053 39121624 39126275 39114170 39114483 39130359 39128441 39115621 39114964 39125467 39120391 39120728 39123313 39130633 39129354 39109556 39123523 39125364 39127206 39113696 39125103 39115182 39121063 39123121 39112759 39124619 39110659 
252 38986652 38990395 39133093 39110173 39123156 39121073 39123933 39128395 39119761 39127100 39124756 39112409 39118229 39123754 39113624 39122537 39122415 39123234 39110719 39112598 39111279 39123191 39120734 39132086 39123747 39111259 39114072 39119974 39119051 39127651 39112004 39116870 
253 38968863 38979395 39128268 39127603 39119385 39138193 39123344 39125699 39129739 39126182 39120602 39123002 39119201 39118537 39124725 39129588 39124302 39119123 39122772 39117894 39116482 39116712 39116695 39120455 39113291 39126546 39118179 39119684 39119435 39123639 39115006 39117253 
254 38972584 38998880 39130762 39124252 39134725 39134693 39122609 39133242 39116821 39114121 39117171 39119504 39128141 39123791 39123459 39130393 39132103 39120951 39119895 39126720 39120917 39120708 39116196 39118260 39104217 39117305 39117115 39113377 39118320 39121794 39118824 39122912 
255 38962325 38983758 39127994 39128232 39132301 39128575 39143101 39123727 39113798 39142605 39122136 39133677 39121209 39123781 39121020 39122364 39117057 39120828 39124088 39136022 39121944 39121397 39123305 39125216 39128700 39118022 39124350 39127528 39122923 39126206 39129144 39110680 