n P1 P2 P3 P4 P5 P6 P7 P8 P9 P10 P11 P12 P13 P14 P15 P16 P17 P18 P19 P20 P21 P22 P23 P24 P25 P26 P27 P28 P29 P30 P31 P32 
0 38946973 78171663 39115027 39264374 39264734 39260894 39260452 39256842 39260954 39256477 39265357 39255546 39259625 39243266 39255877 39246729 39248596 39245204 39249050 39241634 39255971 39244748 39237501 39235858 39235244 39246218 39211277 39235488 39236208 39233180 39214508 39219757 
1 39051205 38754457 39067904 39040743 39052297 39048984 39054612 39042612 39046355 39046595 39041287 39045563 39035303 39042055 39044024 39048986 39043840 39043267 39042228 39043032 39042751 39038105 39050151 39039608 39043857 39041105 39054414 39045022 39050892 39036091 39052411 39043336 
2 39078749 38548816 39038336 39177484 39036555 39054814 39045519 39038550 39044637 39046513 39048604 39043227 39048633 39052070 39044682 39044017 39049532 39049701 39037768 39042563 39048816 39039998 39043548 39038395 39038477 39052549 39043786 39035681 39043132 39033504 39037887 39040296 
3 39120693 38805806 39111725 39045593 39046607 39038019 39041367 39037953 39049137 39044129 39034195 39054333 39046317 39044492 39046609 39042098 39042874 39040019 39050098 39051434 39041459 39044363 39049904 39044873 39042540 39048075 39043811 39043723 39037446 39037304 39052782 39041461 
4 39109411 38800718 39016717 39267325 39038993 39055011 39044959 39048287 39051084 39048890 39054498 39034298 39049027 39049190 39048938 39059777 39049663 39041411 39046945 39044056 39053173 39052505 39058832 39046571 39054056 39052413 39039009 39045682 39050612 39055985 39046350 39045962 
5 39105172 38806605 39008683 39025506 39307000 39033618 39050758 39053190 39036685 39041648 39055062 39046843 39047305 39046765 39048377 39049768 39046794 39048886 39051012 39045245 39048690 39038641 39033862 39046631 39036238 39049035 39038105 39041814 39061626 39043258 39037415 39057722 
6 39102282 38814941 39018516 39022202 39018833 39308450 39041724 39038391 39043339 39042781 39054771 39034507 39051730 39038753 39048187 39041194 39053379 39044017 39048317 39047806 39042113 39042811 39045665 39047306 39038691 39056349 39045775 39050900 39046637 39043468 39040632 39053151 
7 39098263 38805130 39023076 39007237 39025670 39017526 39311202 39039747 39051889 39057031 39055014 39049592 39041747 39036840 39049781 39048331 39053423 39045360 39033855 39049856 39042333 39053151 39049767 39045749 39039064 39041518 39043869 39043312 39047866 39045505 39040155 39048458 
8 39100446 38810739 39027897 39023426 39019547 39013107 39021551 39304342 39042442 39059411 39058837 39051884 39052271 39053933 39051497 39054948 39047908 39041739 39047621 39043688 39056797 39047290 39049004 39048665 39050491 39062682 39047063 39033530 39043724 39049269 39049451 39040788 
9 39084027 38812013 39020662 39017853 39024164 39012742 39020378 39022577 39298632 39044856 39050226 39056532 39052393 39043272 39045322 39039104 39048060 39038159 39055932 39044382 39052679 39047913 39045815 39048834 39045926 39049992 39041070 39059262 39039570 39037588 39055002 39047142 
10 39084952 38810654 39037643 39026915 39021864 39028352 39032335 39020540 39029204 39281514 39023967 39042558 39053507 39057698 39041706 39044453 39049878 39041605 39038029 39037357 39039832 39047367 39046938 39030343 39043619 39049902 39048939 39059794 39037407 39045950 39046944 39046197 
11 39064727 38817292 39022822 39019498 39017776 39023380 39020513 39026827 39025115 39018722 39282384 39032061 39049242 39044736 39036529 39036047 39042958 39057730 39050341 39035094 39049607 39046805 39047599 39054858 39051053 39051481 39053119 39047838 39047976 39056915 39047389 39044956 
12 39081672 38814032 39022816 39021984 39028792 39025429 39019626 39019508 39012006 39018225 39024580 39278255 39034989 39039236 39036345 39053320 39040789 39041710 39048940 39035854 39050355 39035472 39049021 39036806 39048930 39034191 39047097 39047774 39065569 39047539 39053320 39047735 
13 39064597 38811231 39023938 39024646 39028014 39020119 39018271 39018727 39019357 39024855 39024456 39020155 39277372 39042853 39063311 39040472 39049167 39046871 39045434 39046579 39050206 39044596 39048287 39039805 39046656 39035755 39055872 39049813 39042584 39045468 39052534 39041005 
14 39076800 38821505 39032764 39014958 39023768 39012847 39026674 39021812 39022677 39011149 39027029 39007391 39018657 39275754 39031739 39049831 39040900 39045151 39044230 39031931 39044770 39046410 39058046 39033877 39044022 39045411 39049499 39047046 39027093 39043292 39056886 39043474 
15 39076345 38831659 39028941 39016366 39022996 39022847 39023023 39018319 39011627 39013079 39029047 39030251 39029546 39018803 39267548 39038792 39049680 39038775 39041435 39046595 39049285 39056614 39047886 39040608 39044980 39049113 39053952 39052739 39049665 39040245 39037310 39049799 
16 39077967 38823451 39021210 39016782 39022198 39022530 39027099 39026369 39029876 39022423 39022208 39023658 39023677 39021891 39038466 39242723 39039737 39048440 39051430 39037419 39042928 39046941 39044926 39049627 39052117 39047128 39053154 39045407 39041554 39052575 39039545 39047627 
17 39057859 38832497 39033185 39035054 39028622 39028357 39020088 39024613 39028147 39018403 39014675 39017717 39020308 39025305 39025807 39013339 39263259 39033882 39050144 39051867 39047410 39056017 39047307 39047899 39038727 39041726 39041657 39048872 39035594 39044361 39044321 39055327 
18 39069762 38826035 39016102 39026813 39018295 39027833 39028751 39021937 39029103 39030151 39022378 39030477 39014414 39027850 39026934 39024743 39026897 39273527 39052092 39049083 39051932 39058264 39045844 39057333 39037412 39050108 39046400 39052162 39060086 39046006 39043669 39060263 
19 39056984 38818496 39017029 39035136 39014685 39019946 39019450 39037652 39029357 39034038 39026115 39020490 39043787 39023035 39019456 39020166 39012582 39025220 39268496 39051074 39045743 39033267 39065118 39047545 39061045 39039635 39047698 39046620 39054867 39043132 39044610 39038280 
20 39047859 38819149 39025563 39032067 39027748 39013199 39017539 39016464 39012887 39025621 39005728 39021406 39036750 39023630 39026627 39026932 39031263 39019809 39017289 39257483 39034617 39057232 39058449 39040726 39048067 39050851 39053289 39047151 39051377 39040033 39052058 39035812 
21 39045093 38818108 39022794 39024601 39020027 39022426 39022033 39022933 39021604 39023162 39033487 39043167 39032293 39035512 39025840 39008018 39031811 39031021 39024874 39033058 39259812 39042928 39041405 39047424 39042855 39050249 39050583 39038666 39044991 39043737 39050611 39046966 
22 39050407 38826869 39026927 39020780 39014799 39013065 39029506 39023829 39022986 39020893 39015163 39023983 39022246 39030897 39029613 39015767 39017381 39021592 39029192 39035125 39030264 39243217 39043335 39052564 39058493 39050861 39055460 39054878 39053361 39038519 39057958 39047086 
23 39035414 38831086 39026486 39032460 39041051 39022997 39018346 39036997 39033921 39032825 39022280 39013337 39017162 39027061 39027191 39025585 39028685 39014840 39017769 39031628 39029523 39030968 39253594 39053254 39066595 39040026 39060118 39043763 39045891 39034325 39036089 39046375 
24 39047106 38834822 39034615 39013600 39030717 39027815 39006997 39017917 39031936 39034603 39027518 39017610 39026550 39028452 39022328 39022038 39033085 39032670 39022528 39015684 39022292 39026303 39021973 39252317 39049084 39047044 39033672 39041517 39054251 39055689 39043605 39049412 
25 39045478 38831127 39016071 39028902 39030345 39032935 39019957 39027635 39016799 39021864 39018836 39006003 39027595 39021891 39012484 39026332 39016134 39021656 39029408 39026190 39024443 39030395 39034073 39020981 39253421 39048487 39049674 39042245 39053452 39038073 39056901 39047548 
26 39048888 38841794 39030313 39016445 39024518 39012354 39016616 39019372 39033407 39023025 39027352 39036000 39021460 39019019 39025751 39037875 39033168 39029282 39036707 39011973 39026457 39024046 39022726 39025969 39027274 39249631 39034979 39057701 39046504 39045762 39045862 39047671 
27 39040611 38841770 39028817 39026333 39032226 39035773 39030168 39025014 39026954 39034591 39037404 39028684 39022828 39037106 39026695 39019756 39036568 39023021 39027269 39037490 39019393 39035182 39034882 39022287 39025671 39025677 39237513 39053885 39045096 39042129 39042526 39050669 
28 39035665 38830792 39027483 39024976 39016365 39028705 39019165 39031345 39014086 39031912 39026367 39018777 39027299 39026765 39034410 39023728 39014099 39021160 39022874 39030605 39022336 39019838 39030129 39028883 39034187 39025725 39022997 39241097 39041225 39048465 39045966 39058286 
29 39029721 38845138 39038161 39024858 39027302 39027981 39021736 39023631 39036136 39037136 39017472 39021670 39026178 39030072 39019963 39015856 39016049 39022403 39018918 39034619 39034520 39022228 39028093 39036672 39024282 39028048 39026774 39029521 39227216 39048980 39045516 39045896 
30 39030990 38840335 39031246 39030470 39027578 39015329 39029629 39029548 39016620 39029551 39029528 39016928 39036698 39028949 39035775 39016804 39027276 39033199 39027719 39019694 39032174 39023551 39030668 39014797 39012081 39034879 39038215 39026771 39019091 39235422 39048763 39041376 
31 39036418 38828378 39041708 39030408 39031860 39028215 39031099 39017577 39032811 39032483 39023287 39027680 39042803 39028397 39020697 39012434 39035466 39019837 39024640 39025029 39031188 39019805 39037021 39035174 39034308 39028657 39030926 39027204 39029098 39031792 39240022 39035632 
32 39032708 38844090 39027884 39030457 39023002 39025545 39039269 39012049 39022958 39022564 39017694 39018095 39017589 39029888 39020062 39009576 39028639 39022014 39029578 39036714 39029557 39028677 39036192 39030781 39015130 39027650 39018098 39033850 39022907 39026124 39023200 39209843 
33 39028577 38846744 39034657 39026427 39023652 39025418 39028233 39031097 39019748 39023962 39022582 39028418 39023002 39025396 39023807 39021702 39028916 39025606 39031868 39030677 39032350 39018947 39032284 39023151 39007801 39035140 39027784 39017652 39042175 39030890 39031712 39010555 
34 39018743 38834354 39035493 39016346 39029493 39025181 39020002 39029923 39025014 39012636 39028331 39029274 39020331 39023409 39033691 39026392 39034848 39034915 39025513 39019586 39028511 39025149 39034066 39030957 39022202 39036520 39032178 39018918 39027900 39028565 39031172 39015595 
35 39044811 38840352 39019361 39031891 39031599 39031340 39026119 39028958 39031730 39024440 39031027 39013833 39028077 39029904 39026450 39024755 39032924 39034366 39030654 39031794 39019145 39031368 39031181 39032457 39026567 39027312 39032855 39023139 39028802 39030323 39039773 39033549 
36 39028929 38851740 39038934 39022255 39022202 39035762 39041345 39031806 39024938 39030779 39033934 39008403 39034507 39026387 39034925 39022325 39023242 39027697 39023260 39022116 39032184 39025367 39029938 39021095 39022022 39034975 39028115 39015750 39020790 39026303 39021537 39015983 
37 39017005 38855106 39018598 39033699 39018160 39021009 39024046 39034054 39029832 39029805 39017346 39024415 39023599 39027472 39035486 39017059 39023546 39029543 39036374 39020562 39023067 39035653 39028416 39026435 39031466 39026582 39022356 39018795 39029168 39027957 39033395 39017133 
38 39026202 38859173 39028307 39018373 39024663 39037365 39023928 39022821 39021905 39032218 39032248 39031680 39023830 39032459 39027266 39029820 39030890 39036204 39024938 39023815 39033665 39025134 39039788 39036300 39025495 39028361 39023028 39021750 39028207 39021864 39017872 39021279 
39 39029815 38842037 39045038 39038227 39031269 39029237 39027393 39020736 39023436 39020514 39033797 39022916 39028003 39023921 39022362 39017659 39028887 39022606 39028990 39023323 39036921 39031930 39026863 39040766 39028099 39034747 39023108 39035208 39032516 39033060 39026269 39017610 
40 39035033 38865596 39018183 39033020 39034060 39031512 39037783 39036325 39032855 39034373 39034016 39030727 39022214 39029539 39023098 39030860 39033054 39031144 39025757 39015645 39020644 39024076 39017498 39025844 39022012 39022898 39026365 39034126 39033440 39031586 39025838 39027029 
41 39032019 38853166 39022869 39031918 39020789 39024481 39031701 39024178 39022439 39032672 39024600 39027953 39029301 39027320 39025546 39017264 39027627 39040779 39038855 39026694 39034249 39030279 39027389 39033530 39037613 39026666 39026052 39032866 39020149 39024938 39040103 39015242 
42 39022637 38856590 39021956 39031895 39026372 39037864 39019947 39027112 39018771 39023033 39035185 39037618 39025973 39029222 39029431 39021167 39031066 39024235 39032365 39032213 39035763 39038337 39027243 39028621 39035899 39030101 39028091 39029738 39031535 39040010 39021873 39025231 
43 39012507 38858847 39032884 39031093 39024971 39032082 39039439 39038486 39050370 39022971 39033274 39026457 39031025 39027634 39019246 39025990 39024676 39028658 39024460 39026601 39031273 39020070 39025579 39026287 39032080 39024561 39032171 39032906 39026311 39028730 39045828 39025389 
44 39022490 38851982 39031561 39039755 39033356 39034319 39042438 39028094 39028244 39024794 39036599 39039076 39030889 39030753 39042596 39029987 39029771 39028896 39021045 39024151 39023912 39022027 39031022 39020458 39031922 39029084 39031070 39030759 39029100 39018071 39026427 39028577 
45 39016075 38864177 39040634 39029419 39033835 39031407 39023289 39037737 39025292 39031539 39029310 39032462 39034656 39028563 39034816 39027746 39027055 39031826 39039553 39034841 39016349 39020828 39032653 39038658 39023936 39041424 39040452 39023021 39021781 39028216 39039177 39015415 
46 39013257 38844500 39043027 39016578 39033541 39032695 39038587 39030519 39031089 39029002 39030823 39035643 39031266 39029639 39021143 39025050 39033105 39018592 39025878 39028123 39023699 39026519 39036614 39024983 39036861 39033328 39030568 39035803 39020944 39019356 39032297 39022518 
47 39005148 38850627 39043884 39029946 39036526 39023057 39025590 39023917 39025708 39023994 39027811 39029313 39033953 39029785 39033659 39028840 39033189 39032888 39034133 39031808 39034970 39030868 39039213 39026815 39037516 39029305 39030935 39028439 39037773 39030951 39055132 39021748 
48 39025976 38855285 39038577 39022931 39023392 39028200 39027541 39038138 39024613 39034649 39027723 39039661 39029320 39035597 39038195 39022532 39023759 39037049 39028676 39025023 39030682 39035009 39030988 39039250 39035900 39044713 39039758 39034179 39029586 39031379 39023844 39025145 
49 39007585 38849657 39031034 39023951 39027792 39027046 39029566 39031901 39026205 39025938 39026627 39027601 39029861 39037683 39029869 39024886 39035332 39045131 39036216 39033368 39029243 39032295 39031659 39034769 39039800 39035917 39026559 39041486 39047593 39030304 39037452 39039619 
50 39016714 38865780 39035036 39032588 39024254 39038454 39022519 39028567 39036195 39029406 39031931 39027512 39036014 39033226 39028694 39025109 39029361 39027667 39038635 39024966 39026218 39031530 39046072 39028916 39044910 39021238 39021792 39034337 39027745 39040794 39027109 39022771 
51 39024211 38862106 39043255 39036596 39031690 39028106 39027737 39046878 39036242 39036071 39022878 39031767 39028606 39029711 39021582 39037606 39033823 39023861 39040725 39031047 39030321 39039124 39026844 39028728 39031459 39017313 39037279 39039939 39033890 39032826 39044303 39020203 
52 39017116 38863487 39031158 39028125 39026379 39030278 39035887 39027781 39040017 39035758 39031273 39036239 39021573 39025007 39032352 39024765 39041089 39027000 39029999 39037103 39034531 39027683 39033065 39039059 39016346 39026820 39035487 39039692 39027332 39047436 39032447 39030686 
53 39006366 38860539 39028196 39035995 39030214 39018099 39028763 39045681 39040613 39039791 39040220 39034591 39021615 39026755 39028158 39037357 39031184 39022133 39043956 39028141 39037049 39044390 39015934 39031320 39034303 39026177 39034457 39031109 39041436 39030603 39037524 39030445 
54 39020514 38854495 39037818 39024343 39030122 39021805 39039634 39038376 39028842 39025274 39034012 39026094 39023857 39038985 39031000 39024989 39027513 39040089 39032738 39034190 39032306 39029148 39035260 39023108 39035258 39025200 39025445 39035684 39025165 39025228 39025728 39026437 
55 39005118 38868443 39029678 39025497 39029132 39041523 39029933 39029456 39027266 39040405 39033542 39040814 39033521 39023974 39031093 39033501 39026111 39035231 39032095 39031916 39039647 39021902 39048292 39029879 39032531 39023842 39031854 39038640 39029457 39030579 39046149 39016864 
56 39013396 38869314 39044593 39033337 39039881 39033508 39028706 39023745 39037786 39022864 39021944 39031481 39032339 39038029 39040613 39021410 39041975 39029436 39035358 39020763 39037879 39025830 39033185 39039398 39035895 39018066 39036574 39042498 39030743 39033200 39025402 39032799 
57 39003367 38864181 39033280 39028185 39038990 39031972 39037978 39027335 39037128 39041815 39030605 39037930 39034444 39041398 39027648 39024066 39036049 39024567 39032124 39038270 39035877 39023379 39023736 39024515 39040691 39034109 39030406 39034723 39041279 39033179 39042919 39031733 
58 39022714 38863741 39038443 39032343 39032284 39036468 39027537 39024995 39032101 39030161 39028229 39026572 39024699 39038742 39024735 39029167 39036287 39040832 39038419 39035062 39039546 39017726 39034953 39031398 39028113 39035903 39029059 39033119 39037794 39026538 39025090 39022552 
59 39020249 38877734 39035961 39034132 39039008 39033258 39034840 39034011 39031632 39035678 39028842 39026869 39028142 39034363 39039959 39028775 39039470 39043343 39030278 39024884 39027411 39027554 39024854 39044206 39025561 39033361 39032074 39036750 39027745 39034696 39038319 39023258 
60 39028108 38860886 39027861 39035312 39033722 39040084 39020535 39031232 39045750 39032016 39021032 39026149 39033531 39029233 39027469 39026954 39039201 39025535 39027878 39032924 39020532 39030740 39044954 39038202 39032171 39022159 39031226 39039006 39027594 39030483 39034621 39026866 
61 39012316 38878928 39045487 39037736 39027101 39030544 39023496 39031729 39029998 39032283 39035286 39028689 39035987 39035702 39035114 39027534 39034728 39035095 39041341 39034129 39035356 39037313 39035250 39026622 39031217 39025975 39023307 39032233 39032533 39033280 39046565 39033588 
62 39017466 38874676 39041366 39042239 39031938 39023604 39034173 39032391 39033178 39037203 39045083 39033819 39038343 39038026 39039745 39019719 39029689 39024952 39033406 39042984 39032255 39025762 39035408 39033899 39039334 39039050 39030712 39039484 39044925 39038495 39039505 39030322 
63 39014108 38877768 39033542 39036008 39031768 39035851 39040417 39027760 39030242 39030634 39043244 39028173 39025453 39027355 39036648 39038839 39028543 39038902 39038973 39039710 39039304 39033221 39030160 39022039 39038491 39038517 39032912 39036573 39042983 39032129 39046843 39027047 
64 39023147 38872114 39035735 39025078 39041094 39038155 39034257 39032766 39038321 39044101 39027347 39032220 39039700 39031565 39026437 39032739 39041601 39024336 39040809 39038506 39040164 39039703 39029983 39048318 39041557 39037687 39038530 39043784 39047706 39031711 39034284 39028632 
65 39018019 38884862 39021116 39034682 39021653 39031013 39039178 39035616 39042139 39027617 39033621 39036760 39042621 39030799 39037068 39023969 39047849 39040788 39045502 39045099 39025488 39035635 39042139 39031102 39033679 39034919 39045935 39036110 39029820 39035680 39032972 39033882 
66 39017732 38873225 39034318 39041775 39035958 39028367 39036151 39037688 39028696 39041566 39017976 39031378 39028210 39042174 39038342 39017527 39026212 39037047 39035715 39029925 39031459 39031224 39026954 39033614 39031857 39024608 39029491 39028114 39029473 39042990 39021013 39042415 
67 39039620 38877921 39035473 39034405 39034723 39023216 39042851 39035346 39043375 39027186 39033060 39034157 39040133 39029584 39024106 39032392 39034755 39032152 39029248 39045634 39027555 39033383 39025022 39031875 39037387 39047207 39041257 39038365 39028139 39041203 39042017 39029925 
68 39033837 38867462 39022688 39042047 39028481 39031769 39038705 39033678 39038496 39029663 39038750 39026103 39027750 39023675 39031960 39023189 39038503 39041380 39037995 39029995 39032995 39034898 39039129 39034735 39031793 39036157 39039493 39036667 39034409 39045128 39032808 39022268 
69 39003645 38886545 39042667 39029751 39039590 39021992 39032894 39038198 39031373 39026858 39035484 39040907 39035773 39030818 39037821 39032756 39026457 39043535 39033918 39040546 39030673 39031901 39045029 39027106 39033856 39038990 39034393 39039205 39033976 39032824 39043036 39034368 
70 39020073 38880373 39043736 39041849 39045347 39030177 39037869 39039849 39038673 39039073 39039072 39037326 39040725 39032916 39040919 39038094 39033510 39026043 39034094 39040161 39036038 39039597 39035547 39041080 39052111 39041152 39034791 39037388 39043834 39038176 39029167 39033089 
71 39021590 38885707 39040817 39035670 39046321 39039666 39031605 39044299 39044632 39036751 39041714 39035407 39034436 39039553 39038111 39042372 39042543 39037598 39034590 39036298 39041917 39035315 39029707 39038036 39039363 39029166 39030243 39034468 39038330 39036850 39033275 39028646 
72 39027960 38863200 39037609 39034266 39036123 39025600 39017913 39026239 39034680 39033767 39052593 39027322 39042930 39037195 39044878 39025323 39031291 39035906 39025399 39032454 39040806 39042903 39042404 39044289 39029479 39033286 39049804 39032494 39031474 39035971 39028306 39033230 
73 39012449 38873575 39039981 39037671 39040991 39031695 39041158 39030691 39035152 39040686 39039276 39031758 39040204 39034664 39044242 39028579 39043630 39040851 39047420 39035320 39044661 39033916 39037829 39040914 39039051 39033653 39037777 39037121 39025340 39028462 39050648 39020122 
74 39018451 38881310 39043475 39037889 39039768 39041888 39029888 39033602 39032845 39045687 39042410 39045051 39035662 39037429 39030951 39028807 39021877 39039014 39042165 39025121 39042660 39036446 39043822 39035628 39030756 39025128 39032550 39031030 39035267 39042284 39038911 39034415 
75 39030396 38885568 39044378 39041585 39035050 39038689 39026961 39049306 39034859 39026713 39029307 39036013 39037402 39035111 39036113 39031342 39045297 39033312 39047748 39049537 39041685 39042163 39033676 39034634 39037558 39032270 39045372 39048162 39035364 39045564 39041525 39029042 
76 39020185 38884753 39040690 39045159 39048434 39046778 39035741 39027506 39043480 39040168 39030230 39047644 39039752 39033787 39033609 39028541 39029550 39051465 39033241 39044173 39024960 39035046 39041102 39031412 39032812 39039111 39051041 39036784 39038149 39036516 39038309 39037114 
77 39025549 38883094 39038804 39036612 39025385 39035844 39045944 39047454 39029864 39036029 39031392 39044102 39036515 39028251 39037568 39036297 39047635 39036634 39034142 39036039 39048099 39029696 39027327 39041185 39032215 39031349 39042374 39041662 39033119 39041425 39045629 39029395 
78 39010808 38881917 39039961 39038183 39046525 39031392 39036313 39031888 39036510 39036158 39034813 39037050 39037617 39042019 39041487 39036646 39044068 39031331 39040256 39031843 39030072 39034045 39041528 39042621 39034565 39033667 39043276 39032983 39037864 39032982 39030819 39037661 
79 39020301 38886278 39034001 39043409 39031249 39036506 39041292 39038794 39045319 39035862 39037438 39033412 39036059 39047425 39042613 39033429 39050578 39036838 39027429 39031292 39044577 39044422 39035687 39036217 39041594 39040208 39040641 39044104 39050527 39035480 39035852 39034316 
80 39024564 38883628 39041120 39036561 39044655 39043437 39043941 39028916 39033579 39032274 39032498 39042820 39047155 39046113 39035780 39028451 39044934 39046437 39032469 39048100 39043264 39048021 39039798 39050486 39033762 39035935 39042094 39043117 39036901 39028775 39034118 39040032 
81 39024809 38897370 39046991 39031405 39030767 39032113 39032164 39032530 39037296 39038900 39044118 39041006 39041671 39036803 39034969 39023785 39043246 39031790 39039054 39036914 39039691 39033697 39038663 39053717 39035598 39041655 39041393 39041058 39047544 39043200 39045580 39039510 
82 39021031 38873628 39028191 39043373 39052151 39042888 39042536 39034712 39030693 39054427 39046077 39047851 39042428 39035989 39041292 39041105 39045021 39040508 39029726 39038107 39049036 39046568 39038703 39044739 39040119 39038162 39033575 39033192 39042708 39047654 39024465 39042948 
83 39023981 38897075 39034466 39033872 39024081 39028453 39051050 39038940 39027417 39045931 39042882 39046786 39038073 39051256 39042371 39025623 39047955 39048786 39039086 39057834 39034531 39040345 39028617 39048960 39027360 39052577 39024757 39029841 39039494 39039849 39043390 39026439 
84 39020167 38887946 39040044 39039782 39041639 39039548 39031177 39029223 39037407 39045371 39051576 39050261 39041881 39052142 39029567 39029814 39024492 39033741 39043460 39034024 39040592 39045296 39037261 39039986 39036270 39035756 39039089 39039037 39039250 39041208 39024235 39026734 
85 39027629 38890329 39049401 39042424 39040665 39042322 39033967 39048791 39043217 39043257 39038759 39044978 39043713 39039286 39038568 39035606 39041539 39038367 39038981 39040905 39032083 39040890 39051589 39048902 39033974 39048900 39040603 39050393 39037356 39036860 39059719 39036212 
86 39021091 38886843 39031978 39027160 39021043 39047931 39038621 39037383 39037043 39046422 39042993 39045361 39030917 39041724 39034272 39040528 39044694 39036375 39037853 39034390 39043796 39039883 39052834 39034997 39029685 39028692 39052276 39041598 39033906 39039092 39035720 39040177 
87 39032452 38888438 39038905 39045458 39035532 39029478 39028654 39033597 39033974 39039989 39021156 39036631 39043561 39037889 39035741 39032675 39038947 39035399 39044345 39046530 39039837 39034492 39043359 39041439 39040805 39030763 39037317 39045277 39039919 39046339 39047434 39029640 
88 39028475 38891340 39056973 39037982 39033074 39045257 39052892 39047297 39042076 39037332 39039968 39044115 39039568 39039273 39038505 39036234 39040828 39037175 39051188 39042031 39039124 39032002 39048479 39047211 39032242 39040957 39041333 39043585 39041665 39047501 39037364 39039710 
89 39022642 38896435 39047386 39040232 39034895 39042663 39043489 39045766 39037826 39036679 39033984 39030656 39045131 39030936 39038373 39043944 39033242 39045899 39048459 39040249 39042748 39037654 39033203 39029350 39047503 39045023 39039782 39042357 39040480 39048876 39049483 39033188 
90 39027001 38880437 39041430 39041132 39036925 39033483 39045793 39045942 39044019 39048063 39042519 39039114 39035359 39047788 39040344 39035600 39035528 39049431 39050792 39038850 39027541 39050237 39042741 39043343 39044995 39032395 39047278 39035728 39029467 39053107 39034764 39039853 
91 39037837 38897143 39031351 39045439 39047294 39048766 39046976 39039774 39048387 39039126 39042447 39046896 39033577 39040366 39032080 39033901 39033641 39041315 39031157 39047456 39034532 39047364 39039653 39044525 39037225 39034785 39043910 39041132 39031252 39029300 39044450 39032930 
92 39031798 38889800 39052779 39039283 39035525 39041978 39044491 39036478 39053954 39045721 39037953 39055182 39044768 39043651 39049438 39033978 39040244 39036126 39042103 39050216 39045050 39051070 39047373 39042862 39037952 39036845 39042399 39047830 39055451 39031817 39027059 39040465 
93 39032452 38897244 39045208 39040844 39052909 39058635 39042805 39040423 39043667 39042190 39054887 39043740 39049499 39036319 39037250 39037196 39042689 39048361 39041444 39060309 39044446 39035432 39039791 39046741 39045546 39034480 39064081 39038250 39041552 39046881 39049166 39032105 
94 39032220 38885488 39037485 39037829 39033049 39042994 39039820 39056498 39045337 39044134 39040069 39042454 39038227 39049240 39047486 39044782 39032274 39037642 39050751 39035466 39043642 39034448 39040184 39039422 39030603 39038088 39041982 39048201 39035876 39042592 39039409 39047018 
95 39041777 38888168 39051961 39040532 39045325 39039047 39042185 39045577 39037350 39045293 39045684 39038381 39060751 39038677 39040670 39032572 39043622 39036024 39038898 39038762 39045378 39042372 39043200 39045253 39031857 39030310 39040388 39035850 39038430 39033328 39043952 39045246 
96 39052334 38905936 39040471 39045769 39038102 39033961 39043269 39040864 39042137 39054752 39042435 39046902 39031614 39048682 39043262 39036102 39052379 39039238 39049626 39050298 39046642 39035700 39040863 39046671 39047298 39033098 39053043 39036630 39037022 39057688 39040242 39032559 
97 39015466 38900455 39042165 39041008 39049595 39037735 39049892 39042752 39044353 39042041 39046710 39035783 39044022 39039756 39038876 39027618 39032164 39042975 39042544 39036914 39050118 39040525 39046888 39042492 39046722 39050125 39045551 39045517 39048040 39048179 39046141 39029881 
98 39037433 38908055 39041438 39054122 39049049 39042931 39037604 39047681 39031603 39045128 39058389 39053221 39046939 39042247 39049899 39044092 39030836 39040200 39039494 39046669 39042924 39034804 39048447 39044461 39040877 39045451 39044722 39032594 39045509 39039005 39041300 39046469 
99 39035681 38898709 39035584 39034103 39035330 39033689 39052526 39048097 39050908 39043536 39039333 39042547 39043895 39045695 39042895 39027057 39046041 39039871 39033381 39035057 39050207 39042849 39036102 39037659 39049295 39058539 39037300 39046437 39051122 39050191 39046309 39035670 
100 39029952 38889857 39045800 39056270 39049497 39045095 39041258 39045275 39053451 39040852 39048460 39042036 39052332 39050332 39044255 39038534 39043041 39050193 39047462 39052010 39040546 39031531 39048142 39037402 39039316 39046667 39035656 39050602 39041319 39048476 39041282 39044474 
101 39043359 38904213 39046680 39054030 39042648 39035537 39044516 39041515 39044147 39029037 39047362 39047292 39049050 39049941 39046545 39042424 39044531 39049551 39043922 39049552 39042634 39042324 39039364 39042394 39048292 39053114 39046323 39042169 39037075 39052829 39049363 39038659 
102 39050312 38897610 39045917 39043682 39058680 39045642 39052589 39049866 39057466 39047408 39036532 39047777 39051841 39041519 39046312 39035520 39038797 39037751 39034640 39038715 39046711 39042814 39049753 39044773 39041286 39040607 39036468 39043210 39043874 39046762 39034761 39050161 
103 39039195 38905036 39054354 39053642 39041117 39033987 39034342 39054943 39047376 39051752 39045607 39051291 39048304 39039035 39038054 39036265 39051931 39037332 39054617 39036642 39040922 39042902 39054670 39044360 39042517 39040985 39050881 39046216 39034396 39055970 39055627 39039020 
104 39035985 38907068 39044139 39052894 39050047 39036723 39046088 39045113 39045828 39048112 39054354 39041689 39047476 39044921 39045930 39040290 39050007 39044712 39045246 39042323 39045067 39048051 39032828 39041682 39045105 39044744 39042535 39046376 39044166 39053605 39031796 39033333 
105 39031266 38893356 39035824 39048469 39032918 39049290 39052745 39048561 39049236 39044027 39052724 39045211 39038089 39053336 39050069 39042335 39049745 39041641 39044033 39042732 39039383 39037230 39037010 39054187 39040113 39036986 39053400 39034541 39044866 39043839 39060781 39039690 
106 39036497 38898994 39044557 39053035 39059866 39045561 39057158 39051218 39048480 39048432 39042555 39056824 39032705 39050338 39046983 39039248 39036234 39057683 39042479 39053256 39056536 39041388 39044282 39036209 39046864 39044279 39044143 39034874 39049642 39051909 39033660 39049401 
107 39038428 38891084 39051030 39040676 39039644 39041980 39039700 39034321 39050658 39048290 39052007 39041712 39055744 39049549 39049228 39039351 39049641 39047463 39056185 39047212 39050758 39038661 39046870 39039038 39047990 39049401 39043378 39043841 39046340 39035725 39044873 39046280 
108 39049617 38891352 39042068 39054380 39035159 39042165 39054786 39037033 39047434 39046006 39046713 39052723 39045652 39040687 39051712 39032623 39060660 39058829 39033025 39053451 39057514 39063128 39054199 39041379 39064065 39044986 39057091 39052555 39046363 39049051 39033501 39034616 
109 39043066 38904687 39034227 39036510 39050084 39038235 39051660 39054503 39051485 39045528 39047003 39049141 39042793 39043205 39056878 39038224 39043199 39048702 39043131 39044613 39047998 39056031 39056879 39051376 39045421 39050836 39047529 39053696 39044176 39050055 39061929 39050766 
110 39052384 38906357 39046597 39051960 39048866 39052584 39038770 39057289 39051486 39038188 39041369 39035262 39057866 39048638 39054161 39035070 39045089 39039261 39057405 39044121 39045745 39041910 39039700 39054923 39049638 39043842 39039014 39054127 39051802 39051708 39035913 39044830 
111 39057233 38905406 39038900 39042118 39046507 39047510 39059381 39049910 39063782 39056548 39046776 39049215 39050079 39056851 39037329 39034482 39050940 39031231 39039859 39046870 39056126 39047608 39055023 39042990 39061216 39043887 39047435 39039470 39054696 39049320 39056630 39039167 
112 39056358 38908991 39048102 39060004 39048091 39066622 39045696 39062169 39046041 39046977 39053317 39035813 39055395 39053067 39046696 39031384 39045254 39056101 39040029 39044888 39043759 39053006 39053936 39041307 39051309 39036946 39049247 39051115 39057786 39051077 39037108 39039725 
113 39050458 38904378 39045789 39044829 39042592 39046986 39055646 39041857 39050785 39051342 39047971 39047470 39040780 39052347 39043643 39037193 39046226 39046467 39046092 39054536 39043499 39036843 39045776 39062311 39040941 39048143 39056341 39039220 39047086 39040392 39053089 39038391 
114 39054064 38901554 39048428 39033218 39058767 39051973 39054149 39053938 39045778 39038122 39053315 39051427 39044187 39050604 39050573 39051807 39044064 39038420 39041416 39039563 39052641 39047505 39030852 39050377 39049302 39039921 39030631 39053006 39054990 39056111 39034649 39041466 
115 39049882 38919116 39053023 39047463 39044458 39051441 39052284 39044266 39048138 39043409 39062402 39059619 39048418 39052523 39038516 39028177 39040689 39040859 39050730 39057801 39053069 39057242 39054359 39052795 39047845 39047117 39047640 39054421 39048294 39037314 39042037 39038816 
116 39056773 38902621 39046978 39058509 39045036 39061058 39048460 39048288 39051662 39045760 39047495 39053566 39062490 39042050 39053509 39044331 39057125 39052073 39045441 39041880 39039723 39052012 39046209 39050025 39047208 39045160 39056269 39051015 39046006 39043058 39042074 39055465 
117 39053512 38899558 39050062 39042637 39054083 39050382 39054951 39052164 39058510 39046270 39041138 39060907 39037520 39048636 39055663 39036853 39043569 39057794 39055243 39055011 39056350 39052117 39047145 39043004 39043998 39048080 39046451 39064462 39041347 39056081 39057338 39037645 
118 39065906 38904447 39053338 39062804 39036193 39046808 39054144 39047894 39043253 39050457 39053574 39054371 39039662 39056787 39048860 39040551 39059666 39053461 39038800 39046470 39059334 39059778 39046470 39054311 39057608 39044147 39038530 39045654 39036932 39047647 39048616 39041154 
119 39057441 38897389 39051189 39055602 39034275 39041560 39048941 39051999 39037161 39055660 39040682 39058473 39046829 39045670 39046884 39044090 39048073 39054920 39037269 39044373 39044978 39044153 39043209 39046090 39053674 39058891 39050225 39049017 39053152 39041890 39062467 39050817 
120 39050462 38900268 39046486 39063267 39057604 39058827 39051489 39054619 39053047 39055001 39048478 39049631 39051559 39050907 39049268 39040320 39051167 39051421 39054224 39043382 39047862 39051904 39050686 39048887 39041225 39048592 39041296 39053292 39053020 39041759 39049577 39051001 
121 39054440 38895269 39055206 39049321 39054072 39048594 39050737 39043227 39033860 39059329 39048539 39055191 39057698 39051112 39053467 39038051 39042529 39045949 39046439 39049240 39057799 39058141 39058717 39047868 39050552 39056051 39047064 39052720 39049620 39052001 39059839 39047766 
122 39061744 38897871 39052237 39044039 39053610 39045243 39045138 39052523 39049559 39060930 39042645 39055627 39046306 39047612 39057907 39037889 39059641 39056478 39045307 39052109 39040840 39053893 39046058 39048066 39045665 39060021 39048909 39044411 39040472 39043785 39038008 39044508 
123 39053101 38907616 39056541 39071675 39055382 39054158 39050403 39053965 39051702 39056721 39057682 39064393 39050607 39037815 39049064 39049382 39042347 39054563 39053160 39042580 39043661 39052183 39037020 39057688 39053028 39052925 39047375 39060836 39048690 39053376 39068404 39047689 
124 39054312 38904948 39061695 39051234 39055547 39053079 39060185 39038138 39045379 39043243 39057261 39045898 39035029 39047261 39061216 39038009 39055723 39050065 39044325 39047287 39058117 39053368 39053703 39048606 39036196 39057419 39057007 39041269 39060253 39041156 39052804 39042808 
125 39059246 38915061 39052754 39047607 39063721 39049843 39048328 39053694 39048351 39042096 39068107 39053537 39047754 39066319 39045683 39045687 39044209 39064984 39043289 39055203 39048213 39050985 39042231 39052472 39046804 39059103 39053854 39049456 39054275 39050094 39047007 39043340 
126 39071227 38908776 39051512 39054776 39057891 39054846 39054772 39044504 39050950 39052617 39041256 39042920 39053187 39051864 39052551 39055179 39055129 39050229 39054635 39049127 39051334 39058752 39051499 39043337 39056484 39041199 39055832 39051924 39049861 39046281 39050504 39038211 
127 39044174 38895305 39045995 39053742 39057796 39050372 39046977 39051084 39048790 39067184 39056073 39054154 39054207 39053737 39050088 39043831 39039732 39048365 39047159 39052415 39048466 39046496 39050635 39053447 39043887 39060729 39049034 39048683 39052933 39056481 39059205 39046935 
128 39038258 38920231 39053063 39051449 39062277 39056115 39063421 39057926 39052922 39055012 39057216 39054564 39072392 39057579 39064868 39050359 39064900 39066525 39055064 39060228 39055278 39045481 39054704 39057767 39065208 39051325 39047697 39052261 39064498 39067177 39044541 39050225 
129 38804946 38779876 39058268 39049845 39060675 39051544 39058190 39050972 39047534 39047259 39057321 39043591 39052284 39053814 39045673 39054240 39052458 39064770 39057132 39053526 39044068 39059148 39051917 39045660 39059474 39051815 39044935 39043360 39051408 39056236 39057704 39047371 
130 39113856 38901908 39054701 39043360 39051650 39059213 39059117 39051341 39060011 39058036 39052675 39054814 39055367 39062192 39049030 39037989 39052717 39056918 39049990 39048092 39047376 39060822 39052337 39047560 39047882 39047986 39055879 39052718 39041675 39063356 39058273 39046044 
131 39133751 38904175 39195644 39043528 39054863 39051648 39052520 39039622 39038968 39063484 39052595 39062125 39062486 39057832 39058448 39047751 39068274 39060220 39047143 39059095 39053679 39059686 39052781 39053574 39054443 39064074 39055981 39049072 39054208 39050282 39063991 39050435 
132 39109771 38908855 39058204 39049433 39061468 39053239 39043468 39048161 39055213 39059022 39059295 39042878 39049777 39051843 39052813 39047319 39049986 39047483 39036663 39051249 39059933 39062731 39050046 39063809 39072109 39060153 39047407 39043045 39057284 39049826 39047091 39060039 
133 39132146 38904256 39056549 39049647 39048487 39061065 39060482 39053219 39059185 39051549 39047464 39059037 39061012 39046728 39048226 39058369 39052781 39054359 39059397 39052999 39055365 39062715 39050071 39063600 39051859 39052789 39046193 39050266 39051306 39056565 39064856 39041925 
134 39121994 38922034 39062898 39061920 39056720 39043824 39063304 39055336 39046024 39052832 39038056 39037309 39058107 39050627 39050068 39047733 39057214 39054238 39052836 39060100 39056252 39062014 39038441 39056458 39061911 39049949 39062121 39051745 39051999 39062758 39045880 39045073 
135 39119185 38922140 39048766 39046142 39053955 39057476 39054619 39045912 39058303 39055015 39059325 39054784 39057449 39057602 39052428 39044863 39059759 39049932 39056173 39062906 39055664 39062853 39046801 39055145 39053138 39064383 39063195 39045626 39061170 39058948 39062716 39037363 
136 39122693 38903997 39062619 39042909 39042844 39053840 39057665 39067993 39046659 39061925 39051972 39070295 39058894 39057457 39063578 39050962 39055770 39049286 39051004 39052030 39049375 39051876 39060946 39047992 39059656 39055464 39050849 39054081 39056978 39057899 39049156 39053842 
137 39120250 38925608 39068143 39047305 39058261 39057730 39056462 39054541 39063277 39053977 39054045 39045748 39053638 39051938 39041611 39044446 39048270 39061416 39050546 39045917 39058407 39059027 39060965 39062444 39059697 39057205 39050449 39052568 39055596 39054896 39057777 39054883 
138 39116258 38912337 39064390 39056359 39065514 39063311 39056399 39058241 39057576 39052430 39053602 39055395 39059059 39058730 39058993 39060117 39053788 39069241 39048513 39056350 39052351 39061750 39047848 39066094 39056703 39048813 39051002 39066212 39057743 39057925 39044715 39056825 
139 39118528 38926069 39062498 39059808 39053641 39065985 39062114 39063807 39061317 39053169 39047680 39061990 39061660 39058766 39061050 39038091 39050998 39062750 39046803 39060725 39051395 39055304 39058013 39051900 39048071 39065580 39059601 39060884 39061339 39051836 39066495 39062978 
140 39128689 38921747 39053824 39067724 39066767 39050261 39051043 39054669 39059279 39059625 39065525 39053522 39062656 39060339 39047118 39049640 39055563 39061361 39043311 39043481 39059890 39057170 39065370 39056840 39047568 39061774 39059328 39058969 39061312 39051595 39046571 39044441 
141 39121190 38919711 39066086 39054721 39051335 39055010 39062174 39038807 39071072 39062921 39059635 39064066 39053670 39062309 39055797 39056810 39056724 39052856 39058365 39058702 39066706 39055551 39065424 39055969 39057979 39052387 39061903 39054528 39046694 39045670 39053195 39056899 
142 39124857 38913084 39055414 39055512 39064473 39049769 39063195 39063160 39048532 39042745 39057365 39053164 39056077 39057460 39053225 39057413 39061196 39058998 39053444 39054485 39065427 39062463 39064955 39063576 39056716 39061418 39057265 39046263 39060615 39052990 39056850 39050090 
143 39134225 38918038 39062977 39064573 39058657 39076983 39059348 39061267 39061847 39062659 39059693 39061221 39058982 39052413 39056908 39059496 39066797 39056712 39063862 39055531 39047783 39060834 39060443 39063312 39068374 39061639 39058132 39063954 39056965 39054206 39071789 39053885 
144 39133121 38931109 39059993 39055857 39059993 39054088 39049802 39065181 39071361 39062812 39065070 39061617 39056929 39068548 39066208 39050052 39057414 39056955 39058631 39063681 39059914 39054255 39049431 39068871 39052400 39054949 39055017 39052742 39065386 39068073 39064515 39038897 
145 39113123 38929456 39059395 39060033 39056143 39062702 39054187 39061387 39053814 39054719 39048061 39075089 39066211 39065460 39061384 39061722 39050671 39056314 39059593 39066810 39048992 39054307 39055794 39047867 39057462 39060428 39058719 39046404 39069737 39060259 39062562 39049479 
146 39130499 38921965 39061394 39069114 39054064 39050156 39060168 39060427 39055084 39065770 39056311 39062991 39056806 39058493 39068843 39052052 39053540 39057550 39060776 39061963 39071198 39053863 39062098 39059227 39062314 39059324 39055484 39055095 39066171 39053374 39052896 39066169 
147 39135244 38923807 39060367 39065944 39048051 39068835 39068231 39050274 39060263 39061042 39063028 39056835 39053839 39061307 39059455 39055402 39060688 39051691 39065130 39057834 39063529 39060481 39070486 39047704 39069667 39059262 39047884 39056700 39069214 39052271 39063443 39058799 
148 39127161 38934446 39057610 39051784 39055901 39065664 39065998 39060704 39057010 39072824 39055654 39058578 39069649 39066644 39061787 39061809 39056615 39060715 39063947 39058824 39049916 39051417 39061892 39052400 39054501 39068073 39058432 39053067 39051185 39056102 39045970 39061634 
149 39140852 38936158 39070384 39061354 39072275 39072619 39064253 39067773 39058166 39051941 39058018 39054624 39068829 39056862 39055602 39057099 39053742 39065354 39062656 39058455 39060772 39064141 39058183 39055901 39057043 39056050 39069899 39074075 39065401 39063560 39075004 39057339 
150 39136077 38921129 39055582 39057355 39062422 39063199 39062902 39061516 39060067 39065447 39074288 39063170 39047155 39059893 39069469 39051134 39063301 39062689 39068797 39063783 39064082 39061483 39052166 39060795 39065050 39069861 39068000 39064172 39051720 39064608 39058246 39046326 
151 39122273 38934082 39052174 39071777 39062321 39071390 39055557 39067763 39057299 39061300 39067693 39058382 39062136 39053766 39062602 39046033 39057348 39061710 39067012 39054672 39061822 39054676 39060985 39057787 39075035 39071264 39063541 39057440 39056190 39058214 39074870 39058055 
152 39119469 38925432 39060233 39068320 39062406 39048250 39064934 39070454 39059087 39046765 39052757 39050772 39056153 39050683 39071275 39067974 39055380 39066438 39061998 39073235 39062147 39062305 39057923 39052708 39062472 39069802 39066132 39064305 39056774 39057824 39058353 39059656 
153 39125481 38933203 39065930 39059967 39058185 39069061 39065176 39065381 39060451 39065149 39062391 39057584 39058870 39054919 39057583 39052879 39061153 39075706 39053542 39059398 39066025 39061764 39059549 39061495 39049528 39062036 39062851 39050147 39061415 39059459 39062777 39061121 
154 39121757 38940462 39069372 39059498 39073658 39063033 39068004 39061409 39062806 39055589 39060112 39068320 39056817 39072138 39065706 39058995 39066818 39058605 39058799 39057923 39054984 39068726 39062601 39072718 39071033 39063882 39057215 39057674 39055143 39061170 39059103 39056848 
155 39127322 38932781 39065832 39065631 39058123 39060674 39069906 39061399 39064191 39070379 39061229 39059557 39060588 39071332 39058486 39061249 39053608 39051735 39057206 39062413 39061647 39070724 39057750 39064679 39065856 39062295 39073906 39056859 39046421 39062763 39054802 39048498 
156 39120375 38934029 39070535 39056240 39073414 39068741 39063647 39061765 39076252 39075861 39071699 39053226 39067609 39067266 39060902 39059252 39070387 39060583 39065560 39067587 39067054 39063447 39043766 39074266 39060241 39066542 39057437 39060648 39077813 39062474 39059812 39058742 
157 39126272 38931123 39062359 39067053 39074075 39077901 39064449 39070756 39062504 39066628 39062856 39064867 39052792 39060998 39066643 39051305 39059428 39070289 39067851 39075363 39067293 39062214 39066271 39052944 39062646 39056494 39071990 39066815 39066228 39056994 39076473 39056949 
158 39126282 38942521 39070321 39060276 39065716 39070157 39061433 39064349 39053337 39067819 39065627 39054961 39059739 39050407 39067370 39054906 39065737 39059424 39072062 39064000 39063267 39056764 39064309 39061773 39064931 39072199 39060530 39061622 39058819 39076484 39056311 39066267 
159 39137330 38930254 39056755 39069029 39074096 39068252 39063762 39065027 39071145 39071520 39063983 39075200 39073869 39072649 39064957 39058384 39067327 39061013 39065980 39065589 39065572 39063679 39057900 39069644 39062418 39066945 39063603 39073515 39068381 39052919 39059022 39066226 
160 39133569 38942766 39066716 39074932 39074693 39066836 39071046 39050519 39070367 39062044 39068917 39065750 39063743 39059112 39069436 39062988 39076859 39066172 39058722 39067677 39078942 39058932 39054144 39067016 39067499 39075591 39061344 39069906 39065863 39058077 39068993 39067517 
161 39120536 38947643 39068249 39074423 39069141 39074504 39061845 39074615 39062873 39071099 39063798 39068805 39075706 39073967 39065049 39057073 39077847 39067337 39074894 39065215 39066653 39067981 39060505 39063379 39061179 39065049 39061720 39066350 39054893 39061967 39064794 39063882 
162 39134129 38927856 39064533 39066550 39075703 39080330 39071817 39064210 39059857 39085559 39066090 39070178 39060348 39067057 39065374 39062406 39058231 39077029 39066824 39074467 39069154 39058701 39062417 39071527 39083029 39071398 39061508 39064808 39063244 39064333 39053148 39068942 
163 39135546 38946198 39061336 39069390 39075476 39067863 39061797 39063681 39068971 39065179 39066994 39063258 39050345 39065302 39059485 39070805 39081111 39067974 39061501 39064492 39059751 39061452 39068686 39064598 39077238 39070757 39073073 39053443 39064113 39074773 39068908 39056848 
164 39121433 38952902 39084106 39081685 39079965 39063394 39065605 39061640 39070889 39072568 39059483 39065392 39066269 39066405 39061253 39049930 39081978 39071641 39062120 39064386 39070819 39066911 39052942 39070176 39066477 39067526 39065681 39071592 39064429 39064092 39064223 39069324 
165 39131489 38944615 39071663 39069945 39069386 39076356 39072001 39075852 39070810 39060897 39063968 39054666 39071929 39058613 39061086 39057610 39062960 39065521 39071646 39058696 39062561 39053051 39072325 39058115 39074515 39056932 39069435 39067482 39056989 39064029 39077179 39058394 
166 39130375 38953126 39080799 39068539 39071756 39081221 39067611 39080862 39062360 39063992 39071417 39071952 39060883 39074106 39071236 39062533 39075366 39062944 39060200 39074470 39063928 39065185 39064196 39080137 39068358 39066300 39075037 39073633 39060031 39066544 39058759 39061531 
167 39115167 38949691 39075585 39062786 39069068 39067986 39073522 39070454 39076418 39051653 39069598 39061559 39069613 39075400 39067438 39073068 39062649 39070286 39068699 39056351 39070727 39060756 39065014 39060877 39069604 39061914 39079414 39067240 39068903 39068008 39079883 39060435 
168 39138996 38941179 39068726 39067598 39063341 39062298 39066005 39074225 39063357 39067522 39075871 39081004 39077545 39074506 39067783 39067801 39071350 39067987 39076291 39069522 39070016 39072441 39058979 39070195 39066454 39061993 39077337 39064021 39061330 39090904 39064624 39065091 
169 39128043 38945126 39075282 39073438 39072258 39077868 39069437 39059319 39079261 39071290 39076909 39077666 39066878 39069352 39058742 39055398 39068106 39069889 39077147 39067347 39063577 39074881 39071241 39071086 39065168 39066686 39075541 39070103 39062861 39058914 39067518 39058883 
170 39126463 38947319 39078695 39075524 39074992 39076887 39065545 39076893 39068074 39065187 39067011 39058486 39076373 39062170 39071630 39063925 39062603 39074725 39060974 39072476 39075242 39072150 39070927 39076071 39081962 39067399 39069165 39071998 39070347 39067313 39069725 39066436 
171 39127983 38952093 39076570 39089898 39072670 39073241 39075901 39084445 39069514 39057510 39074220 39064439 39062829 39072386 39073665 39061330 39069360 39072907 39076367 39072453 39071510 39068295 39072191 39066734 39056268 39078259 39058184 39075037 39078166 39060168 39078148 39064557 
172 39125996 39088728 39062097 39069224 39073114 39071261 39066484 39064658 39073379 39080694 39062337 39069802 39067732 39068986 39071140 39053759 39085469 39058293 39075889 39067585 39071700 39065593 39068199 39061564 39060429 39072384 39070775 39072439 39070134 39060817 39059291 39069723 
173 39119753 38960948 39077805 39060164 39062460 39054437 39068855 39074060 39068658 39072380 39068684 39067000 39077238 39071836 39073955 39058358 39075631 39062677 39069666 39067513 39066025 39078928 39070701 39067926 39074328 39070087 39076391 39060812 39063446 39061371 39076392 39064302 
174 39124177 38949664 39061106 39066837 39058426 39072091 39073030 39072297 39064025 39067446 39060153 39074628 39079010 39077534 39079227 39063209 39073890 39080638 39089982 39068135 39065877 39079707 39081470 39079027 39066073 39072814 39073366 39064103 39081541 39064589 39059619 39062544 
175 39120549 38942507 39082962 39073398 39080205 39073019 39074071 39071455 39073976 39074776 39065001 39076027 39071813 39075235 39070111 39066303 39079473 39081395 39075353 39076547 39077277 39067250 39078078 39065427 39066108 39070736 39063648 39070890 39073639 39075872 39073797 39060738 
176 39127447 38954035 39066963 39076428 39067341 39076187 39073200 39068151 39087238 39073325 39078834 39070569 39073365 39069229 39086018 39074120 39071080 39074404 39075967 39065857 39073982 39071239 39077322 39073955 39073881 39073887 39072358 39072794 39067503 39075093 39056780 39063403 
177 39098037 38963450 39070240 39071510 39076500 39075513 39072063 39073905 39081085 39073468 39076683 39084125 39073659 39070979 39080018 39063864 39074656 39071431 39069125 39078661 39071220 39073450 39073417 39075460 39068836 39064602 39063804 39080420 39074108 39073756 39065906 39069665 
178 39128177 38943385 39069973 39078041 39064511 39080990 39076323 39063227 39072805 39066530 39070339 39067726 39070203 39071729 39073587 39069438 39077037 39081459 39083042 39076371 39076420 39073834 39075825 39067392 39064297 39068270 39058532 39073349 39067977 39069653 39060284 39073158 
179 39119017 38946612 39072029 39079013 39069689 39077435 39074270 39071159 39058311 39075725 39076059 39072598 39081423 39065643 39075418 39071506 39072899 39067894 39069210 39079732 39074094 39068207 39065207 39072061 39079866 39062098 39081932 39080131 39074501 39073829 39083089 39071678 
180 39113481 38953845 39081573 39073726 39086124 39069614 39086272 39070001 39077467 39069381 39077891 39078633 39085769 39079505 39075987 39060355 39073640 39084582 39071548 39076697 39073981 39071529 39079961 39072120 39079972 39082468 39061039 39085525 39064869 39078402 39067204 39086079 
181 39123050 38953878 39079309 39079999 39078851 39063892 39071179 39072434 39072774 39073870 39068083 39072899 39074332 39069942 39077652 39067947 39067256 39058149 39075040 39068619 39069485 39061892 39071805 39083627 39087967 39063162 39068572 39076570 39071365 39066898 39086296 39065239 
182 39108825 38947375 39073209 39079665 39082530 39080455 39069258 39086221 39073011 39076365 39081786 39060581 39088137 39080153 39086657 39073307 39083917 39075304 39068371 39069391 39075448 39075334 39076617 39070423 39065479 39075346 39064851 39081458 39069911 39074672 39074276 39083164 
183 39110787 38959028 39072707 39067265 39087331 39077590 39071877 39077225 39081024 39083554 39075647 39069876 39066178 39068927 39073211 39065924 39067945 39083511 39067643 39076392 39080329 39065246 39080869 39074336 39080589 39083345 39056624 39071726 39087870 39079737 39064358 39067552 
184 39120493 38948558 39079764 39075401 39089954 39072879 39069495 39077159 39069461 39072577 39074576 39081876 39075132 39072036 39082447 39072115 39082730 39070007 39073054 39077801 39076585 39069029 39074682 39080952 39075362 39074948 39071600 39079683 39085933 39072821 39065389 39074954 
185 39109806 38963182 39074866 39081890 39092021 39081741 39074750 39074356 39076196 39078959 39077410 39072864 39082077 39086734 39073020 39072286 39074981 39079541 39084737 39080691 39070260 39085535 39075591 39063993 39078110 39083045 39076185 39073374 39080018 39080882 39079972 39062119 
186 39126873 38952820 39067425 39088094 39078547 39088199 39075468 39080674 39081535 39086591 39066309 39077850 39075254 39082844 39089193 39069082 39082009 39064401 39069594 39075402 39092147 39091169 39076742 39079885 39076464 39084158 39082925 39077776 39078125 39084562 39076443 39078812 
187 39115797 38954278 39077976 39074229 39080102 39081862 39077269 39087633 39071728 39080422 39076018 39074981 39071091 39080781 39074979 39082921 39069326 39086710 39085194 39075469 39083053 39074629 39083395 39078150 39073144 39091817 39080146 39074316 39075747 39074577 39089924 39062589 
188 39121051 38958684 39078835 39073703 39087761 39080095 39070505 39090000 39079064 39083805 39083062 39074999 39080935 39087010 39079455 39066909 39082052 39070445 39075033 39070455 39082317 39079182 39064378 39078447 39069867 39072484 39071072 39077715 39078115 39076778 39069843 39062016 
189 39115822 38954252 39084037 39085950 39089228 39070997 39091024 39078775 39077344 39080880 39083404 39092616 39079167 39071565 39080847 39066235 39077456 39080717 39073116 39076915 39078403 39071069 39079088 39078382 39083925 39066698 39079957 39093795 39077597 39079829 39079379 39068930 
190 39112189 38957346 39083182 39088361 39074776 39071767 39087205 39080134 39074982 39085636 39076159 39080119 39071686 39076671 39077756 39064985 39073766 39072517 39070796 39088254 39073201 39074882 39073293 39080720 39089203 39084486 39078234 39071041 39080625 39082451 39068423 39080065 
191 39112410 38952656 39076743 39086031 39079243 39083865 39081272 39091431 39080642 39093570 39079744 39090711 39071594 39080449 39075666 39071256 39070289 39082081 39078763 39082982 39076755 39077682 39074876 39076650 39084642 39063157 39076461 39085948 39091509 39073727 39087758 39065082 
192 39133692 38964150 39089865 39089054 39078736 39065847 39081361 39076356 39093629 39084536 39086679 39082219 39092621 39076624 39080589 39080650 39090748 39075345 39081315 39086818 39070295 39083504 39074830 39071091 39081991 39084123 39081204 39081045 39082906 39084472 39071930 39078380 
193 39096557 38960996 39078984 39087582 39081486 39092707 39074415 39096468 39088563 39075232 39084620 39076978 39076811 39079400 39076264 39071130 39076403 39088960 39084716 39076754 39074482 39075526 39076871 39076006 39080348 39084365 39072876 39077860 39076958 39071747 39093497 39080095 
194 39110772 38952603 39087182 39088884 39084908 39093554 39085289 39092391 39081912 39058538 39084399 39078789 39088671 39078239 39090682 39079111 39080221 39078618 39084409 39075151 39080627 39085973 39068651 39073316 39075501 39084193 39080108 39081960 39077451 39071140 39078925 39087394 
195 39114523 38967821 39075327 39091193 39088867 39089665 39083263 39076840 39081702 39085649 39084703 39083496 39078665 39091785 39081329 39075980 39069886 39090696 39080092 39074113 39087477 39082535 39080296 39076185 39077607 39081160 39089215 39078161 39077270 39085686 39090405 39069567 
196 39116928 38957773 39083161 39078492 39088908 39079602 39083717 39085701 39093462 39073217 39090719 39083395 39077322 39090141 39087307 39074956 39079508 39096629 39080387 39085089 39085407 39089281 39087327 39087985 39071389 39086862 39077692 39076066 39071712 39081170 39071702 39084726 
197 39106505 38965634 39083203 39090334 39091390 39068978 39093633 39090364 39093534 39086961 39076725 39094598 39079579 39088525 39086443 39094476 39072365 39084743 39089719 39077796 39083454 39085554 39087053 39078703 39080633 39074496 39079261 39077414 39078778 39070124 39085649 39066794 
198 39106321 38957410 39075037 39087736 39087532 39089073 39086755 39092106 39088630 39079656 39082909 39099447 39072744 39081495 39084805 39083931 39079374 39088916 39094556 39087235 39081962 39089280 39087651 39080616 39078733 39087156 39097242 39089974 39084475 39080452 39068098 39088995 
199 39118757 38964601 39076788 39089405 39085677 39096406 39082965 39089665 39084289 39081078 39088720 39089077 39074410 39072333 39084694 39089157 39095462 39091033 39079597 39083142 39092934 39085588 39082527 39085403 39087015 39091967 39078794 39092512 39085876 39088879 39086597 39067907 
200 39117466 38951470 39095331 39085298 39087388 39094434 39086420 39075433 39092239 39085177 39081108 39077965 39082893 39074327 39078798 39079418 39085586 39088097 39077812 39095245 39085293 39088394 39081161 39076933 39088290 39082501 39082954 39084217 39082427 39090759 39075536 39079777 
201 39111421 38952812 39084207 39088560 39089165 39090413 39078905 39087461 39088593 39094469 39105032 39087474 39084825 39083737 39091477 39081170 39074196 39088277 39087106 39081075 39081918 39081850 39096175 39081730 39084526 39081417 39092355 39079146 39075321 39078247 39099016 39080142 
202 39103184 38950015 39087230 39083104 39085287 39090643 39080136 39086033 39088978 39090722 39094892 39089591 39079122 39089923 39094408 39073713 39091906 39091400 39102365 39089571 39083237 39088731 39081941 39088019 39087473 39077538 39089624 39090409 39079566 39088225 39073227 39083564 
203 39088498 38968387 39094304 39082191 39076057 39094060 39091268 39092944 39092328 39093978 39081641 39088163 39094190 39085367 39092620 39080662 39080964 39084512 39090033 39079465 39086323 39084370 39094986 39076938 39086532 39090231 39080558 39077273 39081749 39091751 39083405 39064874 
204 39103475 38966625 39094114 39085106 39092045 39085585 39091279 39083786 39084223 39087649 39087545 39094800 39088203 39082005 39085266 39078601 39085780 39084877 39088155 39085116 39086757 39090301 39091927 39085964 39088895 39088150 39082392 39072345 39091825 39074670 39100193 39087418 
205 39101979 38967081 39089083 39087079 39088989 39084535 39093370 39098604 39087538 39084441 39088743 39095095 39080808 39090147 39078636 39088556 39077415 39079149 39084527 39078597 39088860 39088973 39084771 39087322 39087979 39093076 39084031 39086443 39093196 39091707 39087154 39084870 
206 39095943 38964143 39098330 39084902 39098080 39090356 39098742 39088221 39093446 39087648 39086677 39091311 39096655 39080962 39095291 39084589 39082123 39095867 39091101 39083741 39083867 39100058 39083545 39085055 39082063 39081983 39085207 39070275 39084499 39085517 39082218 39083606 
207 39096864 38952653 39091141 39086635 39092954 39096284 39082449 39090214 39084987 39097889 39095524 39092559 39093686 39091916 39080865 39094736 39093378 39074010 39089991 39093009 39092645 39088916 39084872 39086985 39089376 39093222 39086686 39080517 39084143 39091430 39104452 39065497 
208 39102020 38980248 39086058 39080411 39086668 39094349 39089216 39085251 39098815 39089733 39097471 39091354 39092250 39077979 39090693 39083869 39088306 39087694 39091249 39085549 39077714 39084181 39090258 39094274 39082876 39079801 39087659 39082710 39090040 39079027 39075533 39087441 
209 39077459 38983987 39105222 39097020 39082562 39103682 39093900 39085671 39092285 39090213 39093812 39102438 39077551 39094326 39086519 39084961 39098509 39091570 39105387 39083960 39098261 39083286 39082825 39079260 39097191 39098738 39077555 39089272 39081482 39092413 39096173 39080188 
210 39091943 38955209 39093193 39097460 39093107 39091326 39094829 39095664 39093927 39099034 39085321 39087027 39089547 39094369 39098266 39081897 39091005 39079516 39091137 39086248 39096683 39102649 39087209 39100215 39088812 39092816 39087216 39091398 39085373 39092601 39081577 39069097 
211 39071776 38974905 39090650 39094633 39101570 39094857 39087899 39094783 39096423 39079823 39090095 39097482 39098804 39092900 39080927 39083261 39091256 39093629 39085667 39096875 39083862 39092117 39087000 39089796 39103352 39097256 39091045 39093953 39101942 39085099 39105578 39091164 
212 39083495 38958982 39101503 39081738 39080895 39092852 39104649 39093372 39083249 39094462 39097368 39094971 39097349 39083209 39100928 39079542 39092860 39095869 39098627 39089814 39090418 39087199 39086233 39091973 39091750 39095331 39096276 39091813 39085628 39092359 39083401 39085422 
213 39075970 38968714 39101389 39095915 39105408 39088364 39099610 39092085 39098453 39103262 39091746 39091634 39087614 39090163 39095827 39083247 39084850 39088269 39092984 39103800 39087015 39095818 39080935 39085187 39090434 39094828 39089299 39090298 39092519 39088501 39097453 39086058 
214 39086886 38964291 39096821 39105667 39092445 39110566 39102951 39107544 39096767 39083929 39098406 39107192 39101114 39084642 39090934 39085573 39098352 39105300 39096512 39092391 39091822 39099271 39093232 39088506 39093281 39096462 39081414 39091102 39092116 39084651 39079137 39092864 
215 39082240 38968107 39108405 39093625 39099723 39100028 39088163 39094477 39096206 39089661 39090468 39108281 39098407 39101682 39093797 39086807 39093046 39091156 39091027 39102200 39098823 39091215 39096265 39101724 39096042 39071004 39087588 39092013 39092556 39092079 39089494 39069519 
216 39077660 38963536 39100843 39096387 39085726 39096577 39089693 39095426 39089640 39087436 39089767 39083976 39101624 39094856 39096318 39087391 39098302 39094104 39099421 39100580 39094834 39096297 39092834 39084553 39094142 39094984 39100732 39086462 39083217 39095065 39086444 39085921 
217 39075845 38966229 39104628 39095730 39091691 39089251 39093748 39101491 39093371 39100569 39104597 39098635 39083762 39094388 39093174 39090034 39105196 39097675 39094068 39089144 39098238 39101405 39096065 39103884 39090184 39085187 39096864 39088640 39090463 39101541 39109853 39085019 
218 39073778 38968780 39104978 39091078 39090173 39106754 39101732 39087982 39102048 39090389 39093948 39084972 39108512 39085969 39099865 39091614 39096470 39099100 39087579 39092074 39102673 39095815 39094605 39094665 39089793 39093138 39092179 39107538 39098847 39098986 39075265 39096373 
219 39068785 38978717 39102192 39095478 39108308 39099894 39089555 39101583 39107131 39109777 39091073 39097371 39104098 39105180 39098533 39090814 39098912 39099785 39094778 39098154 39096385 39088871 39099957 39099629 39116614 39093733 39091592 39100516 39099039 39098632 39097292 39084308 
220 39076385 38960763 39104178 39097057 39103371 39103975 39101478 39097401 39103507 39094605 39109598 39112532 39102568 39106865 39090306 39094512 39099107 39101114 39106928 39113162 39077524 39108544 39093989 39091359 39087819 39095347 39090895 39102674 39089454 39099746 39078046 39088598 
221 39072422 38980612 39100914 39088314 39104721 39101923 39090542 39094323 39108600 39089015 39097037 39100166 39090100 39096083 39107610 39094097 39095085 39110913 39096568 39108318 39088540 39099853 39090862 39099878 39103974 39098502 39085909 39100978 39092428 39098945 39107858 39085432 
222 39074012 38972834 39094291 39103960 39113234 39101418 39093039 39090620 39099640 39093299 39097354 39102689 39114292 39098222 39111402 39101383 39101047 39095925 39099709 39087627 39103017 39096697 39096457 39099893 39090886 39094609 39099036 39099596 39093823 39090132 39093815 39095859 
223 39046546 38963596 39106936 39101646 39105863 39107757 39107152 39118371 39100057 39101169 39115651 39105016 39089055 39096611 39102456 39091266 39097525 39095924 39076938 39095452 39103694 39101770 39104120 39089213 39091076 39108226 39112563 39104760 39105505 39088218 39099592 39092856 
224 39067825 38965838 39106392 39112052 39106981 39102705 39104069 39098087 39105074 39101204 39098562 39101865 39109225 39106368 39117105 39099684 39102751 39102407 39098619 39104934 39097329 39104940 39100517 39100857 39105394 39101992 39106511 39096614 39103139 39094389 39089837 39995671 
225 39045012 38992752 39105059 39086586 39094444 39101366 39099799 39099542 39104934 39099730 39104646 39104777 39095646 39115484 39095596 39102664 39105601 39098883 39102007 39103869 39099506 39092139 39105170 39097122 39098604 39089451 39105361 39093070 39091366 39093212 39079007 39104644 
226 39060638 38965229 39099134 39101850 39092330 39101059 39108622 39106288 39108406 39096332 39108144 39104550 39098985 39100474 39098971 39084484 39107017 39103302 39106101 39096180 39099215 39094991 39107243 39097308 39089440 39093503 39101319 39093872 39104697 39096479 39094170 39117780 
227 39075763 38977374 39095753 39114792 39105344 39112669 39115293 39106162 39111151 39111447 39096982 39110634 39101795 39111863 39098602 39090430 39101497 39113276 39098074 39110209 39095143 39108780 39099900 39093564 39106970 39097983 39092227 39097261 39093688 39097397 39097755 39089049 
228 39050255 38969877 39090616 39110410 39104569 39116170 39095517 39106863 39103110 39102519 39096041 39118865 39103838 39096050 39107811 39103841 39098111 39098538 39103920 39099121 39096927 39109292 39106296 39091684 39103522 39095364 39096280 39096125 39091774 39102452 39094428 39102888 
229 39045067 38965194 39105950 39128682 39101877 39110122 39112734 39108611 39113687 39104133 39096809 39095376 39104023 39102848 39100876 39097403 39102007 39094144 39104399 39107729 39101866 39098055 39097405 39106672 39101689 39093569 39101365 39102814 39100001 39099182 39091434 39116339 
230 39033933 38964599 39104924 39097180 39098087 39101142 39115605 39108568 39104010 39094968 39101365 39099034 39103813 39103656 39114312 39094942 39109960 39105730 39099004 39097650 39107856 39103286 39115054 39099545 39085821 39101686 39100242 39102215 39110328 39092297 39088469 39107819 
231 39054563 38974356 39105383 39113142 39097702 39116656 39100950 39103720 39111083 39107224 39099449 39119662 39108123 39117218 39108073 39106413 39101197 39105693 39096143 39100040 39097617 39111589 39115069 39101306 39102080 39103739 39093918 39096359 39102546 39095627 39093054 39098167 
232 39047756 38976005 39110295 39110217 39107140 39108289 39103607 39116750 39112589 39106974 39108620 39094349 39100923 39111845 39125297 39092230 39108801 39102405 39111415 39094039 39096649 39104074 39106564 39094581 39099640 39116601 39098109 39097926 39097396 39105991 39099336 39104143 
233 39037025 38975820 39109938 39106467 39099163 39105477 39112038 39119533 39106732 39110837 39095608 39116839 39101604 39113286 39106826 39090201 39106957 39112908 39100752 39105597 39112049 39108722 39105099 39102892 39105209 39100228 39100000 39108945 39110226 39109483 39096703 39100256 
234 39036983 38981763 39109792 39111833 39103105 39106525 39105336 39105158 39103503 39112376 39111753 39111644 39111158 39096537 39101171 39103456 39102660 39104485 39101543 39105149 39111013 39103318 39098747 39105311 39113287 39105981 39102786 39096569 39103436 39110767 39089914 39113351 
235 39035948 38970278 39111483 39100997 39116319 39093997 39106327 39108809 39110423 39126733 39109101 39106708 39111608 39113121 39113010 39112534 39108577 39102186 39108440 39122211 39101829 39107485 39110198 39112701 39099524 39115401 39115680 39106266 39107001 39105675 39095436 39095719 
236 39026769 38957652 39107147 39105556 39116681 39120336 39100888 39108177 39113031 39120228 39097475 39114943 39100303 39102518 39119105 39111429 39106107 39116518 39113723 39107178 39107343 39101922 39110232 39099514 39100114 39102711 39105621 39103279 39120842 39103728 39102210 39110514 
237 39025440 38970582 39118133 39114826 39114238 39108252 39117211 39112468 39110011 39113364 39110129 39116730 39110712 39100710 39108910 39093655 39098904 39104226 39116885 39112139 39112256 39117425 39098377 39116269 39097443 39116112 39106015 39096140 39107181 39106517 39101918 39103921 
238 39026644 38972874 39112153 39112014 39100245 39113518 39109332 39112410 39110233 39103241 39105786 39112750 39102957 39105375 39113887 39107505 39117503 39116104 39111487 39118228 39096014 39105871 39105919 39105659 39114928 39094226 39101333 39091189 39102605 39103584 39106467 39111946 
239 39020178 38971950 39117008 39108428 39111953 39116402 39117252 39120920 39107329 39111605 39118721 39114684 39120567 39120187 39104922 39099668 39108265 39113874 39114855 39101957 39104491 39101811 39104410 39116472 39110325 39115212 39118969 39096751 39122995 39111540 39107850 39109466 
240 39020364 38986277 39119586 39116621 39109911 39115389 39115867 39112771 39114802 39117885 39121115 39117551 39122164 39109567 39102777 40462266 39127413 39104557 39112927 39113421 39111429 39118790 39114167 39117735 39112827 39110741 39107421 39114336 39105019 39108414 39095087 39104869 
241 38976346 38986087 39103382 39115411 39109895 39113107 39108042 39110359 39113650 39100912 39116605 39111133 39114272 39127542 39105596 39125398 39113903 39104026 39103556 39113370 39111647 39101492 39112743 39112729 39110863 39091594 39117463 39116561 39103311 39114369 39103963 39116791 
242 39016702 38971480 39116180 39119013 39114366 39117115 39125139 39117706 39116418 39117200 39115700 39107096 39115894 39127841 39112025 39114414 39111529 39104733 39112474 39127277 39115193 39113990 39099891 39104471 39116220 39109386 39114874 39106859 39096531 39111697 39101374 39113451 
243 39015716 38976559 39120919 39108831 39130819 39112276 39117129 39117834 39105196 39111727 39121485 39122707 39125073 39121568 39112279 39122462 39109510 39124166 39116817 39113923 39115482 39112393 39119698 39113649 39103673 39108867 39113022 39112902 39122914 39111840 39113955 39106842 
244 39009173 38968289 39116574 39110721 39110707 39121410 39116988 39115865 39119082 39120402 39121883 39104578 39121210 39110335 39110415 39125439 39124178 39113649 39102848 39121791 39115977 39112989 39121828 39113861 39118953 39107400 39116146 39125220 39114002 39126179 39113213 39111590 
245 39010154 38982837 39110947 39110030 39113933 39114305 39112136 39124500 39121130 39115782 39120818 39114235 39106910 39118312 39111442 39114651 39112879 39115270 39110239 39128780 39096945 39120923 39122127 39118557 39111268 39107266 39114274 39110841 39110495 39102301 39110226 39114865 
246 38989588 38982846 39113018 39104048 39120007 39113551 39118406 39126565 39123131 39124311 39123310 39113068 39106530 39117833 39114836 39105130 39125907 39112614 39122800 39115042 39107820 39121782 39116745 39119453 39126653 39113727 39113153 39109973 39114392 39118232 39107395 39119448 
247 38992924 38975178 39132421 39128425 39127001 39122977 39117120 39124030 39113974 39126254 39123588 39117138 39118818 39101625 39115488 39124293 39117647 39107621 39104164 39112518 39116512 39121699 39105617 39118202 39117569 39110557 39109537 39110705 39114903 39111069 39125183 39105852 
248 38999957 38972295 39119969 39113664 39119402 39122459 39122950 39109670 39118905 39126927 39127935 39112374 39123603 39130841 39122010 39116088 39117715 39120826 39130651 39108447 39119566 39121754 39109342 39117552 39111882 39111290 39119219 39110733 39110319 39109462 39112366 39112985 
249 38976421 38991644 39108890 39123083 39120729 39119724 39119753 39132827 39122574 39124599 39128732 39108666 39123710 39122852 39117790 39124288 39105242 39110939 39129775 39112364 39117089 39113787 39114048 39128054 39114429 39112745 39119177 39117738 39120688 39117058 39125413 39110789 
250 38993015 38963597 39133768 39113649 39136216 39125718 39124369 39116917 39113002 39115914 39122949 39127667 39131850 39116276 39113642 39120406 39118271 39120351 39126815 39122406 39116134 39122431 39115330 39119468 39116013 39120006 39122930 39092478 39111341 39116744 39127104 39121206 
251 38973024 38970449 39123737 39128735 39134933 39133499 39132747 39117339 39115422 39117865 39126790 39124912 39125238 39116146 39122355 39121455 39118299 39123314 39118617 39123301 39118401 39122534 39114961 39120070 39116343 39120925 39115962 39131129 39123982 39123145 39123063 39111388 
252 38987406 38986992 39136549 39106615 39128218 39123847 39125805 39120863 39124286 39124686 39128437 39116899 39130571 39119976 39113754 39121632 39118676 39117659 39114374 39109032 39128247 39113706 39119368 39124408 39118257 39111613 39122649 39123943 39124171 39120607 39113516 39120575 
253 38970147 38978428 39129118 39138847 39122267 39131437 39119159 39124248 39133096 39118045 39122896 39124961 39112918 39122157 39123997 39123623 39123573 39111139 39123145 39119492 39114842 39122598 39115105 39131918 39114937 39125084 39119992 39121288 39120132 39118765 39119726 39120399 
254 38972525 38990568 39125540 39117539 39121056 39128431 39125501 39121711 39112366 39124008 39114103 39123074 39128278 39120757 39123411 39126836 39120134 39127579 39118881 39133121 39118188 39118768 39115942 39121142 39108437 39123882 39122310 39118437 39117493 39121738 39125986 39122721 
255 38967119 38965111 39133477 39127812 39134284 39131117 39142875 39127007 39123117 39140126 39134942 39130635 39123043 39121219 39116179 39122256 39114712 39121458 39127130 39131597 39118921 39122345 39122429 39120156 39126497 39125393 39118334 39128519 39123886 39133844 39129707 39107920 