n P1 P2 P3 P4 P5 P6 P7 P8 P9 P10 P11 P12 P13 P14 P15 P16 P17 P18 P19 P20 P21 P22 P23 P24 P25 P26 P27 P28 P29 P30 P31 P32 
0 38937830 78178987 39124665 39262226 39265058 39258066 39253459 39246485 39255323 39249220 39266915 39257515 39257004 39250903 39260752 39247635 39248435 39246661 39250408 39234880 39245405 39249747 39237808 39239730 39235345 39238779 39215301 39238553 39238261 39224482 39220480 39223572 
1 39038398 38758377 39071979 39033475 39053242 39044630 39049650 39046300 39046852 39041535 39052780 39050802 39032794 39051658 39037554 39044122 39038225 39053705 39045865 39051460 39048902 39041973 39041679 39037513 39038559 39038370 39045229 39042563 39035733 39029043 39052165 39037613 
2 39079276 38546408 39025841 39186000 39041606 39047136 39036693 39037421 39050964 39041002 39038054 39038957 39046417 39056940 39039249 39034035 39047180 39046045 39040041 39042882 39050171 39037921 39042153 39049950 39040753 39046280 39031776 39045237 39037803 39039334 39037645 39044380 
3 39121116 38813199 39104986 39032543 39052793 39038187 39045202 39044333 39042296 39045997 39039754 39059420 39043275 39043077 39045833 39043535 39040757 39030771 39047795 39051412 39040686 39045167 39036327 39042080 39039037 39037700 39043201 39042433 39038647 39043535 39043634 39039670 
4 39101704 38795419 39022471 39252789 39040226 39050959 39039940 39050010 39045082 39050829 39044907 39031597 39046404 39042708 39048376 39053607 39045434 39043803 39041566 39052971 39053266 39053013 39041524 39043769 39045077 39050918 39044557 39049041 39045504 39054531 39042018 39045674 
5 39097329 38798597 39023273 39012744 39299933 39040169 39051274 39042056 39044733 39041489 39050756 39049103 39041836 39038795 39042230 39045663 39049228 39044802 39052767 39046377 39047838 39049607 39046009 39050108 39051840 39049138 39044226 39039046 39050128 39042672 39042260 39059514 
6 39106200 38816776 39019051 39027603 39024778 39301831 39042452 39040038 39036497 39043083 39049715 39037712 39043608 39053945 39047391 39047196 39057830 39041834 39052840 39037874 39031502 39045485 39049350 39043205 39045586 39053583 39040666 39046899 39050617 39052454 39050889 39048903 
7 39095686 38799674 39011888 39023963 39023903 39019932 39307957 39029676 39055868 39051197 39046647 39054722 39045264 39033369 39048756 39044557 39050806 39045446 39037792 39041131 39036330 39043806 39052323 39045702 39037864 39048786 39047290 39045841 39047916 39041022 39038228 39039955 
8 39105005 38808855 39025829 39021273 39008980 39011135 39018259 39290857 39035849 39055712 39051331 39043535 39048089 39043100 39048553 39050266 39037297 39039798 39044678 39047405 39054336 39043362 39045732 39058516 39052798 39060038 39051312 39035320 39043716 39057668 39046892 39052266 
9 39086014 38815348 39011571 39025017 39016119 39020020 39021456 39024301 39300355 39045554 39041232 39051455 39045987 39041607 39041036 39041984 39055094 39041992 39042814 39053079 39061331 39041128 39036008 39042621 39041620 39041971 39045382 39051958 39044107 39035466 39056564 39044986 
10 39095849 38825120 39037444 39030800 39028033 39027872 39023893 39023490 39030678 39288389 39042703 39048223 39049304 39052693 39047298 39046004 39040194 39035752 39034459 39040484 39041561 39048618 39053690 39043753 39037396 39046976 39043087 39052698 39039376 39045709 39044572 39043369 
11 39057686 38813827 39028294 39022805 39013252 39035369 39023083 39027248 39014592 39020634 39275305 39032430 39045912 39043375 39035369 39038794 39039175 39043739 39049534 39040593 39054758 39043563 39057158 39054649 39048467 39045175 39051476 39042686 39054358 39041317 39044036 39054733 
12 39070228 38815094 39021250 39019511 39026835 39026619 39023456 39024978 39020095 39014179 39025000 39272532 39053856 39035385 39032201 39064345 39042062 39040160 39061588 39036308 39050266 39037839 39048562 39040107 39043008 39033717 39044477 39043806 39059167 39053088 39045605 39040962 
13 39064266 38822843 39016638 39029639 39020556 39016308 39021434 39014186 39020643 39028441 39023535 39031313 39273605 39028921 39047173 39048097 39041927 39038255 39044762 39048116 39046710 39044015 39047159 39047147 39047445 39042788 39044093 39050130 39042021 39044381 39051566 39034724 
14 39078258 38829368 39029650 39018686 39024244 39003580 39020793 39024228 39019615 39017461 39019611 39014808 39018304 39273469 39039852 39050274 39045553 39044510 39039100 39034592 39054508 39047073 39057077 39039165 39047825 39049251 39052768 39047562 39032996 39055370 39049301 39039751 
15 39072129 38826174 39026276 39025815 39017077 39022954 39026088 39025812 39017545 39015523 39022885 39035481 39024224 39026457 39264986 39038731 39050711 39039837 39046541 39046515 39052498 39048786 39059205 39041624 39044428 39051926 39050418 39048723 39045200 39036388 39035861 39039076 
16 39073828 38824306 39022402 39019026 39021020 39028364 39029470 39032339 39013268 39027850 39025330 39025610 39021813 39018052 39027452 39238854 39037600 39062316 39037211 39039890 39041499 39042850 39033790 39043724 39051398 39043013 39054608 39047280 39047335 39050558 39038887 39052562 
17 39063486 38833633 39032130 39028938 39024101 39030029 39009027 39023912 39017722 39017760 39018549 39022272 39022349 39028554 39030968 39020759 39265224 39028160 39052427 39045932 39046409 39040608 39048964 39041685 39037435 39046279 39048467 39054660 39040393 39055440 39059430 39051085 
18 39064174 38815377 39021124 39027911 39024906 39026936 39019661 39020949 39025823 39036376 39028352 39017800 39017175 39025290 39028858 39012608 39030009 39278100 39054936 39045013 39054916 39049345 39052660 39054375 39047085 39053799 39050185 39056763 39054259 39049324 39038873 39051359 
19 39057811 38827534 39018325 39031855 39015591 39019696 39020962 39026200 39021898 39028132 39037182 39022868 39033169 39013864 39020748 39012462 39019834 39017016 39265407 39043175 39051121 39050260 39057309 39054491 39051426 39042183 39049401 39039286 39064675 39038982 39046431 39047633 
20 39058797 38821661 39020368 39030571 39023808 39020369 39025219 39026560 39022253 39029135 39001772 39017851 39030635 39024376 39030234 39027197 39032601 39036087 39022945 39271515 39031823 39041972 39058831 39046345 39043595 39046820 39060130 39052257 39047030 39047095 39060685 39050842 
21 39043260 38823368 39024294 39014461 39024739 39034749 39023835 39009953 39011518 39017210 39021002 39028366 39022377 39030208 39030298 39010104 39030730 39025922 39027415 39021777 39261209 39037200 39047538 39046128 39049951 39042698 39047014 39048992 39052786 39041592 39047049 39044022 
22 39046770 38819825 39037429 39025816 39016490 39019101 39027387 39027101 39037479 39023136 39025300 39024136 39026046 39019132 39017120 39019501 39018626 39020430 39027685 39031659 39027947 39245672 39042038 39058036 39056127 39040877 39051912 39056344 39049417 39040834 39046744 39029033 
23 39046790 38840042 39024917 39022242 39031310 39031277 39014944 39031563 39032485 39027012 39016442 39023532 39018466 39027109 39031530 39018094 39033096 39007501 39030346 39021957 39027157 39039370 39250778 39051722 39057719 39047488 39050493 39037696 39041480 39043859 39039915 39048920 
24 39049654 38838282 39026340 39009958 39026433 39033183 39015832 39014906 39034865 39033417 39019074 39020384 39025813 39027253 39020970 39026343 39024864 39027942 39019772 39019388 39018451 39034920 39036355 39242784 39055677 39054414 39042696 39049302 39048774 39051379 39044908 39046338 
25 39050667 38827749 39023608 39030440 39030302 39027113 39022896 39028473 39018431 39021943 39015876 39012337 39038782 39020326 39017230 39026145 39016566 39022972 39032130 39026485 39024554 39024126 39023855 39028050 39250624 39048934 39042262 39046795 39057481 39039004 39066800 39055179 
26 39040300 38836529 39024977 39020610 39026769 39014150 39018230 39023144 39036782 39015107 39026148 39030992 39013528 39023595 39016460 39028391 39037976 39028295 39026720 39022803 39023766 39023350 39023438 39017761 39024080 39245952 39034796 39058534 39042237 39043695 39050620 39051955 
27 39041434 38839090 39044143 39023872 39029874 39031731 39029432 39025639 39020620 39026853 39028112 39025935 39029099 39029897 39015015 39026485 39026716 39025707 39024969 39028833 39028194 39030775 39030784 39014933 39022480 39032255 39236827 39049227 39052529 39052741 39043247 39049225 
28 39026736 38834139 39030537 39031887 39028657 39027596 39021931 39020423 39030018 39026589 39023428 39011461 39028971 39037419 39031514 39022451 39016922 39027909 39024024 39038070 39019587 39018883 39025240 39036062 39037271 39033026 39022901 39237400 39050316 39047035 39048466 39057821 
29 39031356 38844117 39029577 39016468 39031809 39024261 39021669 39022464 39028007 39031883 39022953 39017726 39033186 39033104 39031836 39024902 39024465 39021561 39019580 39033342 39037319 39025194 39026491 39034015 39020384 39015798 39034995 39032097 39230404 39045749 39045421 39050397 
30 39036102 38840489 39033553 39028449 39033228 39014514 39025662 39018588 39013795 39030949 39033363 39024168 39020651 39022637 39030059 39010593 39022483 39015200 39028590 39025828 39027022 39017706 39025010 39026358 39016751 39030784 39033191 39028482 39021388 39235549 39048881 39042095 
31 39045329 38830139 39024785 39026367 39027931 39030316 39030725 39017123 39040545 39020039 39015051 39024036 39044427 39032334 39025339 39020068 39032082 39021340 39032490 39023968 39030911 39020155 39035340 39027401 39037287 39026297 39032696 39035887 39033105 39030814 39237506 39038409 
32 39036478 38836516 39019676 39023873 39027666 39028616 39035020 39014791 39021290 39021569 39024269 39020965 39018523 39023704 39020800 39015509 39032658 39016384 39027019 39024515 39023254 39035874 39042576 39024118 39022499 39023027 39028174 39033675 39022172 39024520 39031449 39221766 
33 39025056 38853746 39031157 39029583 39018805 39034143 39030637 39026991 39023947 39020388 39021211 39025167 39031874 39026248 39019439 39026331 39038734 39024703 39034239 39021756 39029945 39028542 39035534 39024313 39011409 39034312 39027132 39007315 39033899 39037795 39023493 39009070 
34 39022331 38839743 39031414 39021023 39031695 39014666 39030426 39022835 39022354 39012735 39028107 39030038 39019371 39031261 39038721 39036743 39040036 39032163 39026366 39020673 39015477 39031485 39040982 39029517 39036915 39035666 39025952 39030181 39030070 39030250 39023505 39021869 
35 39037016 38849977 39023660 39019475 39039213 39029877 39017191 39037453 39031532 39025749 39021103 39018671 39029303 39034798 39028874 39015917 39028840 39034974 39028847 39038286 39026250 39028833 39021787 39041218 39029015 39037666 39034645 39030881 39027490 39034935 39047450 39021117 
36 39021819 38843914 39031715 39020156 39029516 39027716 39044833 39027651 39041797 39024590 39040466 39016752 39030709 39019169 39044023 39023798 39021509 39033529 39016644 39016262 39023677 39016149 39028316 39024546 39015105 39029961 39039281 39025027 39025396 39027328 39032484 39029171 
37 39032981 38851468 39029954 39032895 39022764 39029215 39029344 39027936 39038493 39026211 39021668 39026767 39028525 39024143 39028884 39014783 39029105 39027548 39026808 39026320 39028553 39023469 39028496 39030538 39029038 39032780 39036442 39016876 39034675 39031813 39027358 39020501 
38 39025821 38856995 39024967 39023590 39029463 39026647 39032902 39029476 39026012 39030022 39036025 39029677 39029522 39032675 39033843 39023172 39030971 39038079 39028479 39024961 39026543 39023562 39030502 39033904 39030082 39029597 39027410 39022922 39029644 39021686 39019267 39027207 
39 39029847 38844289 39038235 39036898 39040620 39024599 39026728 39025031 39030384 39033656 39037726 39022412 39029382 39035349 39022949 39025266 39031534 39025502 39026461 39033309 39034733 39039106 39036287 39038931 39032442 39037695 39029347 39030660 39037133 39030576 39026430 39021494 
40 39028510 38854348 39030602 39030161 39027517 39029300 39048993 39031060 39027844 39026053 39026318 39033223 39024253 39046155 39019393 39030257 39032421 39020312 39024958 39021677 39023083 39030395 39013120 39036019 39026358 39021587 39027460 39027075 39019165 39033202 39026115 39037889 
41 39019408 38849925 39031291 39026171 39021026 39030123 39028639 39029272 39031761 39019907 39016442 39035620 39029665 39028069 39030584 39007772 39035341 39039894 39028363 39027283 39044359 39029244 39030533 39042016 39033551 39020566 39034105 39029808 39021260 39023368 39023985 39028436 
42 39024382 38849147 39028866 39031755 39031157 39028300 39029420 39032753 39037115 39025902 39024012 39031527 39034057 39038496 39037661 39020473 39027235 39024810 39037014 39039648 39040896 39030552 39029105 39028899 39039182 39031439 39029582 39024728 39027794 39039234 39014274 39031749 
43 39020187 38850094 39033380 39022539 39026798 39034979 39034912 39028411 39045947 39018475 39025228 39020227 39029367 39035730 39025053 39028285 39027134 39024304 39024259 39032872 39026224 39025738 39025445 39023940 39033142 39029751 39031966 39036573 39025463 39035112 39044128 39026597 
44 39026687 38850252 39029501 39039482 39028608 39030005 39043860 39028938 39025621 39024381 39025345 39037835 39028403 39034144 39027026 39028569 39039547 39019518 39022733 39029049 39026304 39031921 39035426 39029302 39039805 39032867 39031054 39039228 39029353 39030139 39030842 39035808 
45 39023121 38860749 39033138 39022655 39026754 39043972 39025307 39034899 39024794 39037286 39030297 39025452 39032148 39028309 39037169 39018142 39023269 39032841 39047643 39027202 39029915 39024864 39031365 39033771 39031704 39035114 39035798 39025016 39028904 39032119 39045516 39019659 
46 39003923 38856046 39043009 39028694 39023364 39021078 39035721 39036515 39027978 39032975 39024458 39035047 39030110 39025219 39024250 39029993 39042656 39018615 39033209 39027814 39025104 39031926 39035101 39033307 39033017 39032326 39027681 39031393 39025616 39024189 39023923 39032486 
47 39003887 38848616 39042414 39025158 39026169 39023925 39027113 39028501 39022672 39022192 39029009 39035748 39038054 39037907 39035277 39024529 39032258 39039615 39030020 39022069 39029358 39033287 39043910 39032139 39037713 39039438 39030100 39030630 39032533 39028936 39041315 39023691 
48 39017223 38855030 39023976 39026397 39022403 39025467 39028072 39031564 39037105 39028225 39032755 39025770 39019721 39032599 39025573 39022689 39032814 39036944 39028712 39026167 39033423 39020432 39035805 39031953 39043402 39034388 39028874 39031972 39029997 39027328 39032885 39024292 
49 39003112 38848469 39029407 39032470 39029441 39023382 39038045 39037613 39032701 39026937 39034376 39026176 39035222 39030547 39030468 39024455 39038876 39028079 39029402 39027989 39047714 39032866 39033167 39027253 39043189 39031161 39037396 39041115 39042323 39026676 39049459 39033942 
50 39019880 38855728 39038310 39030805 39032051 39039610 39017492 39025757 39034315 39032018 39029045 39030141 39030729 39038864 39022528 39030967 39035893 39032616 39026373 39027694 39032659 39033940 39037287 39042231 39033270 39029868 39026663 39037734 39029556 39031234 39021149 39017285 
51 39018555 38865325 39038043 39028518 39032878 39025328 39038983 39041986 39027882 39043135 39032276 39034609 39029579 39029832 39023809 39029132 39031779 39028421 39031846 39023263 39028498 39033214 39032152 39040402 39034313 39020443 39035160 39038285 39030510 39030576 39041986 39011671 
52 39022393 38867594 39032204 39026441 39029391 39033883 39020318 39024108 39033717 39031336 39033702 39030927 39033693 39040005 39023396 39020563 39044054 39032230 39030792 39026820 39025830 39029584 39036922 39025599 39024711 39034351 39034301 39025747 39018720 39042042 39034063 39026363 
53 39014413 38852222 39043498 39036803 39026043 39024158 39032775 39049160 39031399 39028636 39031826 39035643 39028102 39029054 39032163 39023678 39028291 39015344 39043392 39032907 39034400 39040639 39026163 39027955 39036261 39024098 39034114 39035260 39033545 39025601 39042576 39028039 
54 39027507 38855955 39037302 39028087 39034005 39027990 39033407 39038134 39023346 39024197 39034921 39018803 39041713 39030103 39035365 39023555 39029959 39035446 39038397 39033169 39025609 39030303 39037132 39036850 39037837 39027337 39025246 39049515 39030899 39045048 39030167 39035331 
55 38996788 38873552 39031014 39026634 39038070 39034161 39015684 39024575 39026747 39039848 39028474 39028950 39033337 39022853 39030378 39029083 39034549 39033383 39036283 39037833 39039584 39018843 39039093 39036912 39026517 39014662 39030309 39037083 39038058 39037105 39034802 39019617 
56 39017122 38860041 39041529 39033120 39037824 39034099 39021805 39032439 39037187 39030385 39032900 39027269 39034204 39030830 39037504 39017930 39033949 39033880 39030782 39015907 39030041 39030246 39037168 39045075 39029130 39030220 39027887 39039156 39035321 39025960 39021035 39035811 
57 39004874 38862276 39036304 39028080 39042517 39033369 39055565 39025048 39041805 39039343 39032479 39044212 39030184 39038354 39021893 39023775 39032962 39027165 39039156 39044561 39038663 39033168 39031092 39023723 39033238 39036568 39037453 39032870 39042454 39034832 39050659 39031770 
58 39023543 38869486 39050290 39028420 39027097 39033889 39020152 39026088 39034308 39035731 39025259 39024990 39032089 39032243 39032591 39033985 39029280 39037959 39046169 39036471 39028534 39032263 39036540 39038393 39035243 39038788 39037251 39024043 39030356 39033650 39026909 39027079 
59 39032926 38868738 39030837 39030593 39034740 39026061 39030517 39032429 39038300 39042287 39029029 39030097 39035146 39032131 39039381 39024490 39034884 39042757 39023885 39030809 39031035 39018683 39024675 39050462 39026814 39040209 39032479 39040540 39035297 39034698 39045337 39033659 
60 39017832 38860848 39028886 39032658 39042065 39038467 39025885 39041377 39043610 39032511 39035737 39035404 39030184 39026371 39026288 39026880 39040128 39031770 39026409 39032354 39034255 39029219 39045434 39037245 39032497 39028939 39037573 39034636 39043577 39042243 39023582 39033318 
61 39021080 38884535 39039849 39035285 39034733 39026757 39032232 39016751 39022561 39031904 39036269 39033360 39044021 39032503 39032517 39039139 39034851 39035055 39037740 39030135 39032019 39037978 39034469 39031434 39034059 39035925 39022012 39031895 39039748 39033441 39044675 39025577 
62 39011470 38867285 39045105 39044143 39026230 39026164 39027775 39030329 39035034 39032556 39049756 39029981 39041658 39033260 39038327 39025500 39029826 39034796 39035412 39034303 39028860 39034034 39037834 39033863 39040416 39036152 39034315 39035373 39039020 39034503 39032808 39038685 
63 39011013 38865025 39033606 39032210 39032631 39029118 39028074 39032502 39035595 39036644 39042253 39024212 39026581 39024826 39038736 39043310 39028159 39030243 39037073 39032093 39034763 39023148 39034155 39032445 39026719 39030409 39040147 39036179 39041763 39039370 39044809 39032645 
64 39024244 38873044 39038102 39027492 39038246 39038578 39032486 39032666 39041343 39039902 39027427 39033211 39037217 39035392 39041634 39030300 39037035 39034182 39041073 39033418 39043004 39031722 39029988 39041515 39036833 39036872 39034995 39034344 39043275 39025790 39029837 39030733 
65 39013680 38888154 39025901 39040270 39033242 39033558 39032530 39030703 39040656 39039418 39033106 39028001 39040678 39031791 39023256 39030876 39050756 39034725 39041268 39052412 39032562 39032145 39049504 39021213 39031231 39040292 39041979 39032044 39025778 39036390 39031402 39030137 
66 39019215 38868900 39032745 39040011 39040203 39030632 39030838 39028831 39029263 39040418 39029359 39035669 39037385 39041571 39036276 39027033 39025833 39040893 39036243 39033897 39028661 39023617 39026468 39034220 39031510 39032663 39045500 39039477 39031179 39035235 39028362 39029488 
67 39025043 38871017 39042350 39038161 39023053 39027232 39040180 39039665 39039471 39035931 39031564 39034655 39042522 39026155 39031918 39034089 39029351 39027748 39032766 39048570 39028143 39044915 39035312 39031458 39035125 39044163 39037410 39037160 39034338 39039641 39035177 39032331 
68 39017515 38872408 39026630 39040705 39033915 39028953 39023819 39032270 39034479 39032092 39038828 39025103 39031112 39026781 39034007 39022079 39038489 39035912 39034445 39028661 39033522 39045327 39041000 39034434 39030147 39037869 39027004 39042012 39035440 39041478 39028309 39029915 
69 39010127 38881494 39038537 39028126 39044040 39029200 39033874 39039918 39031225 39035979 39039884 39036893 39031131 39039187 39040103 39030642 39035574 39025837 39040102 39036139 39041127 39034787 39042728 39034054 39025029 39040662 39023202 39051668 39038348 39036684 39056231 39040659 
70 39014482 38894562 39038165 39044117 39042951 39033396 39034022 39043775 39032545 39042064 39043848 39036788 39038609 39042161 39040085 39036286 39031301 39019497 39029184 39044978 39040673 39035430 39027179 39042186 39041682 39027908 39038535 39029539 39047468 39031474 39019946 39032428 
71 39020838 38885223 39049786 39035694 39034656 39035967 39022496 39041232 39036234 39038090 39042192 39037207 39040742 39032004 39034939 39034970 39037885 39031702 39044702 39034380 39035077 39033747 39032270 39040345 39040054 39034406 39031007 39039095 39039457 39037907 39041611 39027935 
72 39026931 38873232 39035287 39031612 39032243 39034644 39029490 39024677 39036778 39032909 39044947 39031534 39042944 39028465 39043043 39021556 39040185 39028933 39033090 39038365 39039860 39036909 39030402 39039964 39030737 39024061 39054323 39030887 39045157 39043607 39035279 39034007 
73 39011036 38883106 39039857 39038661 39042321 39034076 39039497 39042504 39038575 39034219 39034894 39034780 39039039 39030828 39033990 39037347 39041700 39035725 39046214 39033864 39039200 39036681 39043329 39034515 39038218 39043915 39037810 39040163 39026344 39038662 39046035 39025007 
74 39017051 38879679 39050866 39032909 39039881 39039608 39029484 39041868 39045205 39033420 39038342 39044373 39028950 39036308 39030066 39030934 39032801 39035302 39052853 39020928 39040570 39035048 39042989 39036379 39032564 39019146 39025212 39040126 39039056 39039570 39031460 39033437 
75 39036061 38876301 39041626 39049984 39037360 39037830 39034843 39046842 39036409 39028788 39034669 39026313 39036897 39036709 39031745 39045842 39042188 39031384 39045495 39036832 39041058 39043284 39028757 39046825 39037742 39022922 39035576 39052405 39033959 39048211 39045769 39024647 
76 39021086 38891583 39046293 39041616 39049568 39040486 39033507 39034784 39043114 39036737 39038581 39043150 39032757 39039829 39026514 39027608 39037319 39045455 39036250 39032775 39037469 39027580 39038305 39030215 39029953 39041117 39045586 39034914 39037350 39043179 39039835 39038145 
77 39021873 38882382 39036643 39040695 39041771 39040520 39047422 39037262 39030296 39036318 39031386 39035356 39041238 39039126 39038111 39033382 39041906 39037786 39042504 39035696 39053750 39031524 39036327 39042818 39027162 39041584 39032963 39042816 39027119 39034929 39053900 39014890 
78 39009698 38888538 39038165 39043201 39036603 39026455 39037010 39038575 39036320 39043760 39036084 39050183 39035052 39030190 39040790 39027300 39036005 39034920 39041442 39031040 39027257 39037150 39033992 39037591 39042449 39035566 39038165 39037127 39042803 39032795 39026923 39038103 
79 39021418 38880359 39033410 39029851 39033626 39033588 39034632 39031470 39045226 39029705 39047494 39032907 39025918 39037248 39050057 39036876 39046063 39026419 39027116 39039883 39036843 39037296 39036864 39023463 39036305 39033250 39046881 39044891 39047648 39033106 39043434 39027360 
80 39032606 38881315 39042537 39043661 39044139 39042566 39039947 39031771 39030730 39033589 39031880 39044297 39036668 39035119 39039924 39041945 39039431 39042400 39042741 39039307 39038236 39027820 39038011 39045273 39047741 39038368 39036490 39033903 39038964 39041286 39031690 39036740 
81 39020147 38899174 39043539 39033556 39036687 39035287 39029563 39035064 39043987 39040435 39039053 39044583 39038276 39034153 39040105 39035114 39046012 39033227 39046222 39033530 39046836 39036020 39036082 39050656 39040779 39053422 39037617 39040729 39039883 39045876 39046100 39032697 
82 39017147 38869886 39030509 39042728 39042863 39044112 39042419 39031431 39036490 39044073 39037379 39045101 39036083 39034301 39040300 39029943 39041074 39037322 39036055 39047785 39042619 39043670 39032562 39035779 39041035 39027029 39030753 39037115 39042788 39036677 39032432 39037797 
83 39021670 38903443 39032139 39034231 39036401 39036441 39041846 39037241 39037207 39040563 39044702 39035665 39044726 39046060 39040186 39041205 39039534 39047519 39034550 39053538 39043608 39033145 39028939 39051423 39025121 39047054 39035501 39035032 39049092 39035807 39039082 39038882 
84 39026396 38891913 39036560 39050172 39045139 39031599 39037475 39031921 39039395 39039636 39041540 39047698 39040562 39052017 39034082 39035722 39034977 39025823 39039251 39037029 39047792 39048002 39036571 39035519 39035580 39037400 39043143 39041000 39036023 39034998 39025403 39036165 
85 39023632 38898695 39043785 39051961 39043640 39030909 39031917 39045626 39044735 39043608 39035591 39043346 39039882 39033800 39043648 39045518 39043855 39047723 39039812 39042614 39032236 39042862 39048132 39037529 39036569 39053045 39046359 39041899 39046565 39039530 39060153 39034390 
86 39021234 38887856 39037671 39038364 39030451 39048169 39042699 39039590 39041743 39039353 39037093 39049133 39028952 39038485 39036795 39033738 39046672 39045329 39042632 39048531 39032182 39036433 39044806 39033775 39041841 39031670 39038145 39049317 39041286 39042581 39037498 39036298 
87 39030843 38882487 39046331 39041424 39032818 39028103 39028661 39036111 39033328 39046625 39040533 39030089 39040403 39033025 39046075 39046003 39037390 39035788 39042204 39046724 39043893 39040929 39043573 39035963 39046755 39034531 39036332 39042163 39040677 39038810 39049423 39039071 
88 39019972 38891069 39054651 39041820 39036245 39038420 39046375 39035365 39042736 39033838 39046411 39047554 39040411 39037898 39042121 39038679 39041928 39032565 39051434 39033316 39040907 39036771 39034474 39047174 39044687 39036057 39033227 39045191 39042578 39045473 39041641 39037307 
89 39027302 38895521 39046393 39045732 39036700 39046451 39042957 39052066 39042488 39034607 39038232 39038488 39034833 39040009 39038828 39038381 39039311 39032403 39056945 39044299 39050897 39043992 39035209 39030468 39053441 39040195 39045465 39036002 39035457 39053008 39049313 39022024 
90 39027354 38886818 39041848 39041571 39048798 39037791 39029670 39052011 39043017 39040952 39042876 39041123 39034829 39047319 39036405 39027474 39032523 39050470 39051232 39046380 39039625 39038916 39045253 39039039 39043756 39038518 39045561 39040221 39029940 39045362 39040035 39044616 
91 39035078 38895500 39033523 39045176 39044907 39046052 39049875 39043537 39046898 39041202 39044761 39051144 39035825 39047076 39038255 39030190 39041760 39033712 39030844 39043557 39045572 39053241 39036378 39043822 39043407 39034159 39045457 39038147 39040796 39030893 39049113 39022655 
92 39027571 38892998 39043802 39041727 39050434 39052979 39045634 39033053 39045077 39050281 39056513 39050591 39049096 39047745 39045794 39037481 39039023 39044377 39056275 39050935 39031234 39041257 39032925 39049780 39030017 39038589 39045944 39042311 39039871 39044619 39034112 39046058 
93 39038742 38903048 39039346 39047333 39050395 39054285 39031004 39045422 39049560 39042790 39051218 39045550 39057195 39037425 39040434 39030470 39043385 39052551 39039800 39050193 39042529 39032909 39048605 39045543 39046084 39038416 39061972 39035078 39036424 39050022 39050485 39050170 
94 39026697 38890899 39040130 39043265 39035559 39047835 39044617 39054845 39039081 39045814 39045956 39041298 39038280 39041315 39053182 39037337 39034375 39031895 39046281 39030140 39038236 39041079 39040666 39038597 39029169 39043597 39048536 39049363 39049932 39041507 39040192 39049218 
95 39029667 38883419 39063146 39044577 39046876 39034297 39046510 39044245 39040251 39040285 39041189 39051311 39047378 39038180 39040963 39016966 39045456 39039341 39034347 39050498 39047027 39038221 39048059 39034889 39037833 39037536 39037402 39035558 39038116 39029021 39044285 39034920 
96 39052117 38905891 39051806 39046905 39032888 39037736 39049792 39044197 39032361 39051573 39049720 39051058 39037014 39059144 39042571 39042207 39046547 39046378 39055681 39050202 39042568 39037065 39041148 39044750 39035182 39034361 39048272 39027913 39029947 39051441 39032356 39041087 
97 39028548 38905813 39037095 39043578 39041806 39043351 39055739 39042922 39049026 39046610 39041528 39040155 39046554 39032127 39050822 39026445 39030370 39050226 39046359 39042079 39034023 39037083 39042210 39044169 39057619 39045512 39047967 39038463 39046809 39047819 39043301 39038115 
98 39033770 38903398 39040307 39045072 39043273 39031910 39039943 39039227 39034984 39048204 39053591 39046067 39040062 39037525 39041306 39046833 39019787 39038214 39047690 39049275 39035492 39040902 39041310 39044162 39034552 39054252 39050659 39029374 39037230 39038030 39042295 39039021 
99 39036864 38899886 39042296 39037764 39045408 39043619 39040609 39048649 39054524 39043972 39055085 39042100 39049265 39040009 39047572 39035938 39037991 39039730 39032240 39030223 39048483 39042265 39039274 39031168 39049088 39046143 39049559 39041099 39050407 39053405 39049748 39039766 
100 39041162 38888615 39061657 39046596 39042809 39040271 39042221 39037581 39041984 39039907 39040553 39033241 39049039 39047605 39045086 39037864 39051191 39055049 39043055 39056575 39042040 39039813 39046337 39043539 39042470 39047165 39030380 39054308 39050209 39040915 39040525 39037347 
101 39032703 38891957 39048524 39051361 39049119 39048411 39042008 39042537 39043874 39038160 39043378 39051342 39054926 39055630 39046244 39037484 39053100 39050261 39055306 39049461 39041409 39045947 39041975 39044673 39052460 39041581 39052637 39038808 39049257 39053289 39048757 39038033 
102 39034382 38904248 39042728 39047263 39053334 39050871 39043376 39042836 39041906 39038262 39036656 39043542 39045906 39042237 39034234 39029134 39041740 39045090 39054956 39053066 39035639 39040606 39048162 39041275 39039511 39034310 39033046 39039358 39040064 39043580 39037689 39044476 
103 39045915 38909005 39049376 39047332 39050468 39039105 39042911 39050145 39043235 39051525 39047165 39046999 39048061 39038152 39032800 39035023 39045258 39037299 39049445 39033717 39041772 39046764 39042472 39038034 39039357 39045628 39039209 39049713 39035462 39043154 39055857 39044711 
104 39046568 38905023 39041656 39054708 39042137 39051436 39048190 39040936 39043520 39043987 39047880 39044755 39048885 39053663 39044311 39043657 39050068 39042841 39051355 39047997 39049824 39053217 39042621 39037025 39048218 39041688 39041076 39044123 39043642 39057037 39034705 39033541 
105 39039212 38903187 39040531 39043518 39036828 39046003 39045851 39047991 39041904 39038879 39056076 39045200 39040892 39049867 39050064 39035441 39052508 39053043 39043555 39043050 39034403 39034701 39040031 39054200 39042158 39037342 39044425 39037030 39036977 39038157 39058980 39042338 
106 39034315 38896333 39038658 39057969 39057289 39041261 39046846 39041687 39052741 39043231 39046235 39049275 39039403 39062375 39049571 39035981 39049829 39051651 39045424 39058631 39049798 39043201 39044013 39041012 39052376 39046260 39037891 39046491 39053071 39051271 39040393 39054847 
107 39041301 38894298 39044778 39033441 39042986 39046973 39043550 39044079 39047667 39043925 39042519 39041503 39047834 39047394 39059195 39040461 39044987 39050088 39055530 39055500 39053749 39039940 39040257 39040348 39039502 39046979 39039450 39044974 39052128 39037641 39053520 39035542 
108 39042689 38895747 39039948 39057055 39033138 39038653 39047228 39032602 39042732 39048819 39042947 39049366 39045939 39040942 39043611 39036106 39049663 39061083 39032768 39051361 39063276 39046244 39047832 39047826 39056238 39043463 39053667 39047882 39045956 39038820 39036126 39039626 
109 39045834 38906761 39048746 39052657 39054941 39046284 39050263 39059801 39043387 39041461 39050516 39045912 39039667 39048587 39050985 39028054 39051807 39046160 39051482 39044770 39050905 39054729 39047684 39054697 39045665 39044910 39046066 39055320 39046071 39048933 39065452 39052094 
110 39045005 38897212 39046910 39041993 39044326 39050861 39040288 39055817 39054904 39042538 39043507 39038984 39058361 39045696 39054910 39030963 39057677 39048136 39063857 39049435 39048126 39048540 39046588 39040219 39055847 39051847 39039327 39045569 39045444 39056004 39031568 39050117 
111 39058432 38905966 39045231 39047976 39045442 39054236 39064556 39049800 39057121 39041017 39046986 39046169 39042583 39060880 39046093 39038089 39053649 39034706 39037803 39046068 39048600 39048975 39055847 39045088 39058886 39050394 39050062 39045138 39048387 39045757 39056842 39028651 
112 39056112 38907867 39051768 39061203 39056503 39062263 39054470 39046127 39049071 39051725 39056871 39036970 39044228 39040349 39043940 39045170 39045219 39050531 39047558 39050973 39046556 39044621 39060817 39046230 39045259 39050798 39046925 39042608 39062097 39048996 39025192 39044256 
113 39059118 38905339 39044765 39040263 39051224 39046211 39059844 39038587 39043814 39054288 39042835 39044977 39047006 39051484 39045910 39046388 39045181 39040997 39040275 39048199 39049579 39030061 39039464 39057532 39049701 39039682 39050994 39049097 39046996 39032564 39053149 39037639 
114 39046036 38893448 39053503 39045897 39050174 39052661 39046771 39051614 39042501 39043646 39064400 39048214 39042485 39036765 39049228 39037144 39047148 39041050 39034515 39038838 39049778 39057238 39029904 39048176 39042385 39038689 39032402 39042680 39041995 39047091 39040174 39050876 
115 39044818 38913952 39051718 39046444 39044415 39048596 39061855 39048448 39055688 39041954 39052418 39062689 39044531 39050352 39042497 39041558 39041000 39038358 39046939 39057193 39052619 39052600 39053406 39056646 39042138 39048526 39051451 39054228 39043017 39044329 39050656 39052222 
116 39053833 38894661 39051930 39052004 39042719 39059746 39051745 39045445 39052070 39049989 39049723 39047876 39057541 39051359 39055382 39046209 39048599 39053562 39054911 39042557 39052331 39047285 39047574 39045282 39053653 39049045 39052724 39053738 39051050 39057493 39038290 39047407 
117 39056989 38903234 39050958 39048046 39065646 39035792 39049155 39052370 39055894 39046711 39048195 39056327 39049962 39053569 39059108 39043847 39040472 39058585 39046557 39053335 39053870 39057304 39055436 39040431 39041069 39043165 39058813 39061946 39035248 39039980 39060010 39035045 
118 39063104 38894758 39043635 39070233 39048862 39051580 39042054 39039346 39050093 39046631 39046195 39059956 39047213 39060091 39054764 39044150 39051124 39050137 39046183 39041923 39057031 39057281 39039747 39055763 39057442 39040555 39042297 39041940 39035167 39052884 39045864 39050197 
119 39058254 38893044 39046238 39052612 39029376 39040433 39051107 39055771 39049031 39042704 39045270 39046955 39048662 39052544 39042264 39033387 39048443 39051236 39043594 39058170 39047240 39049882 39050624 39048316 39046850 39053845 39056915 39048952 39052890 39040634 39050912 39039791 
120 39047522 38902421 39041605 39055791 39053117 39055492 39042794 39063857 39048702 39052662 39041648 39036460 39046727 39051739 39057042 39046352 39048132 39045597 39055675 39052110 39059024 39061949 39047610 39049091 39049159 39035999 39050296 39057849 39052482 39033469 39050609 39049834 
121 39060849 38904674 39048301 39057728 39050874 39054174 39058222 39040245 39040487 39056606 39058071 39042098 39055951 39051921 39051081 39035085 39044880 39048556 39047464 39045485 39056833 39061990 39062580 39049273 39036150 39050393 39050484 39054322 39047204 39050106 39055779 39045669 
122 39058176 38892896 39058425 39041974 39056169 39039094 39058149 39052028 39053225 39048085 39039053 39054949 39050134 39047594 39059403 39046905 39040691 39054896 39049614 39052859 39052987 39057517 39048603 39056463 39051934 39061238 39052123 39045450 39041964 39050957 39037975 39042035 
123 39058051 38905636 39060019 39058930 39050836 39047035 39043170 39055994 39051647 39045906 39054521 39066093 39047439 39041967 39050322 39053930 39048060 39055214 39054835 39043060 39052340 39053543 39049414 39058543 39055224 39038371 39054805 39056614 39047490 39058648 39053542 39038904 
124 39062215 38907877 39057270 39049108 39057848 39050113 39059947 39038448 39046661 39045269 39053344 39049877 39033789 39057997 39059794 39047994 39055618 39055475 39057671 39049549 39059003 39063276 39055377 39052601 39051789 39050640 39045212 39051933 39050489 39053704 39050452 39048827 
125 39067880 38912579 39040688 39047265 39062016 39055202 39046493 39054344 39054688 39050716 39053953 39045228 39055674 39060454 39045760 39048972 39041057 39056170 39049478 39050841 39050820 39052117 39040978 39051738 39047808 39060887 39051301 39050173 39056129 39047596 39060664 39043220 
126 39064048 38909521 39058141 39053418 39059197 39050822 39053202 39053537 39044826 39049407 39040721 39049473 39056478 39056992 39058769 39051713 39050529 39052101 39051749 39042471 39045082 39057082 39060061 39038395 39061212 39051744 39057162 39048830 39057181 39050588 39053982 39051784 
127 39042452 38895547 39040898 39048510 39057804 39057807 39047164 39052433 39042667 39060385 39054508 39051826 39049559 39048658 39053532 39040612 39052125 39050501 39051491 39061617 39053256 39053411 39050253 39068424 39048125 39057854 39060944 39044475 39046333 39051424 39055474 39036754 
128 39041995 38908581 39051345 39053440 39058314 39055249 39064166 39056422 39059293 39061258 39076247 39060126 39064105 39051949 39069059 39050596 39066651 39069100 39054642 39057183 39055838 39049301 39051041 39055014 39070846 39055158 39045162 39054014 39067490 39061433 39049490 39053942 
129 38807908 38789774 39046236 39046099 39061214 39061483 39063637 39049915 39053582 39045081 39063905 39046660 39053226 39060195 39047630 39041236 39048296 39060353 39052430 39052341 39046916 39059290 39056841 39044322 39053453 39047860 39049211 39054480 39051637 39047858 39055122 39043406 
130 39122036 38905328 39053272 39051305 39051251 39054768 39062709 39059137 39046565 39062063 39053789 39069891 39057455 39058683 39049185 39037057 39057521 39062946 39050000 39052300 39047747 39055427 39059017 39048543 39041553 39053884 39053905 39057214 39059217 39065048 39055791 39048302 
131 39130004 38901841 39198157 39043511 39047757 39058586 39053261 39040661 39042840 39054205 39049724 39067745 39063589 39064108 39055246 39041431 39063002 39054590 39038375 39054829 39051503 39060982 39053209 39059483 39052804 39063596 39053134 39044533 39047091 39044097 39064982 39048772 
132 39114491 38908526 39066054 39056815 39051482 39053951 39041825 39059368 39061145 39053011 39060480 39054970 39048542 39049202 39046019 39042683 39061420 39047364 39047379 39051501 39052374 39060499 39054970 39056201 39068868 39052728 39043150 39046202 39056432 39056808 39048155 39054624 
133 39129895 38906322 39062533 39052800 39049545 39066521 39051014 39048163 39056974 39050631 39051658 39058939 39057395 39060305 39054410 39045335 39053720 39059516 39056885 39049824 39048817 39060548 39044142 39067972 39062696 39053122 39062421 39051493 39040010 39058358 39062009 39034794 
134 39116624 38910525 39060954 39059103 39061802 39046942 39059045 39052963 39056357 39059745 39047784 39042736 39055399 39053882 39053308 39056187 39058034 39054335 39050706 39058065 39060491 39054097 39051090 39055831 39058292 39054395 39058767 39052927 39051544 39056702 39046936 39044401 
135 39117806 38913256 39051479 39051486 39061495 39051949 39055928 39058783 39060214 39052882 39058791 39058566 39060897 39052451 39060422 39042644 39053909 39048405 39051630 39061183 39063363 39066334 39043719 39052891 39048985 39055269 39064138 39048470 39051246 39055401 39061661 39045659 
136 39123876 38906844 39063870 39054466 39048348 39061134 39053922 39059776 39043075 39059418 39064461 39056342 39054485 39059610 39053239 39051722 39045457 39059178 39054758 39047286 39054877 39050139 39053856 39053852 39056848 39049793 39051989 39049570 39065798 39055563 39060707 39051297 
137 39118911 38917671 39066713 39051530 39048427 39066930 39061363 39051513 39064099 39055036 39051523 39046327 39056843 39055678 39052219 39046950 39064084 39060881 39054305 39055381 39058662 39060555 39053895 39064585 39053456 39049232 39048302 39047762 39062362 39053982 39058506 39046380 
138 39124748 38914640 39059991 39052710 39046961 39054643 39058554 39069084 39059747 39059220 39061352 39053309 39062772 39065425 39060826 39059161 39056463 39065680 39045793 39053884 39051178 39071709 39047539 39060202 39063365 39063292 39041869 39062102 39056162 39054197 39038940 39050876 
139 39125754 38927605 39053511 39060611 39052841 39057928 39064150 39064354 39056901 39055460 39053839 39065592 39056912 39049605 39052480 39050735 39056092 39058486 39044166 39057638 39061141 39054799 39062732 39057210 39050720 39060411 39059357 39062797 39049357 39059020 39060076 39045643 
140 39129042 38919478 39056489 39053598 39071842 39052550 39062231 39050026 39057780 39061808 39058918 39055794 39054962 39054361 39054175 39049845 39056126 39062647 39041549 39042070 39057176 39065353 39057897 39053114 39057966 39052680 39057639 39051242 39051719 39062511 39042023 39040444 
141 39128195 38931733 39066981 39060933 39049358 39060324 39057819 39058042 39067915 39058292 39066231 39070829 39055062 39060025 39058791 39058109 39059968 39057088 39055754 39052000 39048369 39055782 39068764 39059886 39070491 39050713 39061052 39062169 39049818 39051148 39059561 39058063 
142 39134805 38910627 39051726 39060054 39052106 39050262 39062582 39068999 39056601 39054761 39056438 39056558 39051333 39056113 39063584 39062304 39062267 39055839 39057793 39057259 39066487 39052239 39065770 39059880 39051368 39061877 39051004 39042883 39059301 39053006 39054004 39052694 
143 39119635 38922609 39056847 39069791 39055234 39064997 39063957 39056056 39068141 39067560 39063959 39067447 39065809 39053356 39059730 39065171 39065767 39069430 39053707 39054026 39054999 39064328 39067889 39052469 39068388 39060717 39061559 39062695 39056168 39050826 39076511 39054887 
144 39140571 38929710 39067141 39060183 39046595 39058229 39057749 39055027 39066750 39064143 39060171 39071980 39058856 39066283 39062150 39042157 39062715 39061029 39056545 39070614 39065402 39055845 39050796 39059203 39058711 39064952 39064083 39054357 39059183 39061110 39055953 39051384 
145 39114475 38933871 39062928 39058066 39052487 39059691 39063740 39072461 39056836 39056234 39055194 39069876 39065029 39064700 39062716 39056138 39057353 39062402 39064127 39069718 39060920 39064683 39054465 39054780 39069098 39063055 39065171 39055179 39070383 39055092 39063054 39053471 
146 39129857 38921439 39061416 39068290 39050488 39049906 39073883 39063203 39065006 39062115 39058888 39062503 39067820 39057641 39055326 39056382 39053992 39061130 39059519 39057065 39063096 39058669 39055576 39059111 39061581 39063458 39058369 39059322 39065642 39060154 39058716 39053617 
147 39130247 38921750 39059665 39068755 39055981 39066414 39074076 39055628 39049524 39060899 39061821 39058363 39056831 39057570 39063310 39065307 39053017 39049295 39057049 39061505 39062182 39064543 39059284 39047721 39054294 39061006 39048937 39064641 39064295 39064633 39066999 39051634 
148 39128713 38939013 39064535 39053987 39055152 39060791 39053711 39061515 39064099 39065595 39053617 39069549 39061654 39063715 39069631 39054731 39055249 39070674 39065130 39054451 39063576 39053374 39056901 39063890 39067908 39057539 39057957 39059815 39053119 39054276 39050777 39047246 
149 39139890 38926722 39062157 39056684 39070632 39071763 39066738 39060831 39070006 39060793 39064252 39066239 39065201 39066538 39057037 39053130 39065320 39065638 39071150 39055984 39061733 39064384 39058355 39060564 39066933 39047324 39071305 39065188 39057915 39065398 39072887 39055740 
150 39128456 38931700 39055793 39065237 39062445 39066202 39070890 39058174 39045283 39067472 39069282 39064665 39056985 39054709 39069261 39045948 39065467 39067653 39053871 39063680 39061840 39057853 39049839 39054595 39056269 39055736 39065912 39058530 39058152 39052516 39053814 39054850 
151 39127869 38932920 39067697 39070930 39059627 39067702 39059411 39069830 39058838 39069215 39067282 39053868 39079511 39055411 39050438 39050532 39053530 39060153 39063374 39058647 39062234 39064032 39064071 39069678 39070047 39061501 39068737 39060592 39056078 39063984 39065749 39061605 
152 39126663 38918613 39067943 39063457 39060229 39056586 39055610 39069065 39068873 39060933 39056279 39064414 39051212 39050848 39065366 39058069 39058803 39065577 39069473 39071950 39063651 39060918 39059086 39064636 39054622 39067630 39068210 39065696 39064878 39059385 39064467 39059388 
153 39128816 38936733 39058624 39067375 39064184 39065664 39064337 39060150 39058044 39064931 39068534 39071827 39055239 39058676 39055871 39056440 39062100 39074326 39060309 39061474 39065545 39063733 39063073 39059246 39049008 39058037 39063770 39044529 39058348 39060130 39062582 39065574 
154 39128850 38938832 39071356 39064393 39064403 39076770 39070588 39058793 39055978 39056656 39060586 39069488 39055164 39065043 39057033 39054831 39055216 39067157 39057611 39061134 39056858 39067672 39061984 39076375 39075851 39056457 39059153 39067003 39060845 39060034 39061919 39055388 
155 39136860 38929130 39074735 39065140 39062358 39060780 39069690 39065582 39067134 39067923 39064595 39062160 39059158 39062978 39052284 39062044 39055401 39065200 39051406 39053546 39059881 39057472 39065841 39054616 39060507 39066989 39066925 39064753 39056651 39057783 39060093 39057290 
156 39127903 38935689 39068354 39059665 39058917 39058740 39061902 39056443 39073239 39073895 39071061 39058268 39058137 39067360 39063650 39058675 39068082 39061389 39061655 39069697 39069417 39053027 39058889 39077879 39053846 39062753 39066303 39062688 39063577 39068099 39059880 39059871 
157 39137536 38931159 39058060 39060565 39078709 39073295 39061915 39064688 39051896 39059968 39058431 39066765 39058218 39056102 39073590 39056816 39054428 39077641 39066037 39077925 39068335 39078944 39067041 39051027 39064335 39064659 39066150 39064651 39072740 39056154 39081277 39065341 
158 39119258 38945715 39064584 39056217 39063162 39057999 39055429 39069405 39064733 39060536 39070686 39063728 39059672 39052047 39064894 39046691 39068259 39062374 39065198 39071066 39058016 39060488 39068815 39063048 39058423 39071709 39058699 39053472 39063626 39064039 39056418 39064623 
159 39126499 38930043 39058784 39067587 39070101 39063733 39066834 39065777 39068122 39074475 39069076 39076860 39059481 39068202 39063113 39063226 39067902 39069278 39070522 39061120 39063850 39067011 39063470 39069635 39062386 39073388 39059294 39070791 39065984 39051219 39062156 39060340 
160 39139516 38945983 39063175 39072286 39067213 39058072 39063112 39048827 39069989 39059373 39063468 39066838 39058099 39062873 39068995 39060114 39066216 39064115 39064461 39061275 39069114 39057884 39049101 39065162 39059464 39064303 39060119 39064079 39060993 39064404 39062483 39060361 
161 39111073 38947639 39068862 39071972 39063499 39076867 39069769 39070266 39062200 39069247 39057670 39071891 39071237 39059426 39065486 39060305 39076473 39059835 39073730 39069065 39060946 39064287 39064164 39059136 39061079 39061521 39060891 39069322 39048955 39062161 39067038 39057280 
162 39136131 38938237 39057805 39061021 39078013 39068123 39058011 39062258 39058067 39076396 39068065 39068384 39058822 39068473 39056362 39061062 39059149 39070974 39066221 39078853 39052676 39068080 39065002 39068150 39071879 39065227 39057242 39079212 39060772 39069861 39058325 39059234 
163 39146468 38942508 39075046 39062603 39073359 39055624 39067901 39066210 39077468 39069575 39068774 39063376 39062037 39059723 39064950 39050910 39070344 39067053 39068503 39056906 39063905 39061804 39070524 39057918 39077878 39077089 39058941 39058982 39061348 39077105 39076513 39054070 
164 39134973 38945934 39076957 39071351 39081535 39071461 39067579 39065906 39065926 39075723 39070401 39062420 39071049 39065040 39063484 39060022 39075402 39075780 39064483 39059115 39075880 39061503 39057388 39080139 39069948 39072010 39064175 39073094 39064663 39067722 39052576 39060105 
165 39127951 38943698 39074709 39071670 39065679 39076870 39067487 39071788 39063214 39061173 39059359 39064017 39064919 39068320 39057775 39071441 39062767 39067519 39065416 39066622 39064827 39065125 39070445 39068780 39066609 39071813 39070156 39079215 39051137 39063455 39067599 39059844 
166 39116815 38950119 39077471 39075349 39066692 39072627 39058401 39083074 39067421 39081205 39064852 39063754 39066945 39072331 39067909 39052821 39080546 39061912 39059919 39074670 39075604 39062916 39056589 39076761 39072396 39066345 39057999 39077479 39061916 39066618 39051372 39055686 
167 39122922 38951474 39072103 39062682 39067762 39060721 39074186 39066750 39064255 39060230 39069912 39066180 39073254 39073159 39068689 39067441 39074757 39061653 39075869 39067505 39076482 39063474 39073434 39066306 39072681 39073450 39076052 39066105 39079347 39066967 39070354 39068920 
168 39128573 38946351 39070100 39060373 39067829 39064361 39068890 39071026 39064010 39064797 39060333 39072995 39072401 39066161 39078251 39070397 39069566 39073661 39069404 39071425 39061985 39067079 39062578 39069439 39058827 39068754 39072511 39068307 39058404 39089895 39065492 39063656 
169 39130562 38944805 39074657 39072926 39068768 39080370 39079945 39073913 39070216 39075389 39074169 39071607 39074955 39069593 39064970 39049631 39069202 39069157 39071501 39069125 39067248 39068698 39073770 39080276 39068969 39073124 39066313 39066313 39078995 39057072 39059597 39054849 
170 39117639 38939681 39077475 39063852 39070335 39076858 39074498 39074834 39062371 39066162 39082823 39068211 39078324 39082981 39072452 39060820 39066144 39069825 39062657 39072960 39073605 39074390 39079818 39072490 39080343 39060749 39075775 39074542 39072962 39067495 39065399 39073896 
171 39130673 38949875 39077429 39087353 39073014 39078098 39079157 39083223 39071201 39059435 39072636 39057433 39067413 39066433 39073551 39066163 39062232 39072285 39065251 39070842 39079680 39072616 39070863 39066592 39059891 39066532 39069631 39077423 39066649 39056338 39078526 39063684 
172 39129267 39103176 39074586 39063611 39069599 39072966 39078273 39066135 39067733 39078176 39065664 39067195 39070288 39074706 39069279 39053341 39070697 39058209 39072628 39058159 39068216 39068357 39070948 39060816 39063687 39074051 39067602 39076948 39073289 39068255 39068521 39069030 
173 39123404 38947069 39074016 39083373 39060186 39058663 39067471 39077328 39068239 39079485 39081011 39075635 39078187 39058729 39067875 39064250 39078973 39068228 39074034 39079374 39064941 39069136 39074437 39062663 39084376 39078403 39069263 39059161 39068810 39068639 39070850 39070979 
174 39121818 38944457 39065702 39077387 39062455 39073801 39069209 39072766 39066848 39073525 39061583 39075155 39071585 39072328 39071260 39060801 39068953 39074901 39081316 39064686 39075597 39073703 39078981 39069150 39064979 39070534 39079960 39060544 39084508 39063596 39063985 39064583 
175 39127138 38937737 39078743 39077995 39080333 39083172 39072735 39058344 39080337 39068847 39068936 39068348 39072998 39065857 39078006 39075826 39070600 39078317 39081296 39076900 39080310 39065705 39077882 39068568 39061692 39072252 39069520 39070305 39075430 39079854 39076390 39063378 
176 39136452 38955753 39073139 39086788 39071854 39079694 39074448 39073400 39085332 39083114 39073701 39066645 39074057 39065608 39076866 39072092 39065662 39067389 39072885 39064782 39080238 39067733 39075018 39067643 39070712 39072361 39082736 39067836 39075912 39076836 39061745 39065597 
177 39096227 38968305 39079359 39071585 39074219 39072851 39074836 39078824 39077409 39076577 39080735 39073228 39069420 39073548 39065627 39061434 39067976 39074331 39058878 39072679 39073604 39074091 39084001 39062394 39075922 39071806 39079415 39078592 39073198 39065059 39075489 39067945 
178 39122282 38938423 39054686 39073680 39067448 39073299 39084585 39066353 39064704 39070194 39080452 39065640 39083232 39077584 39073210 39071207 39071554 39078047 39071509 39068228 39073278 39075034 39081026 39077055 39059684 39070311 39061834 39078964 39075708 39067938 39055386 39066689 
179 39114953 38943790 39060235 39069642 39078603 39074446 39072564 39075595 39083048 39076948 39078872 39071147 39073950 39072822 39069768 39073512 39069607 39074795 39075601 39078727 39079834 39069598 39044738 39080767 39072171 39064701 39078643 39088126 39078936 39076132 39076826 39072861 
180 39125699 38947881 39077291 39071656 39081691 39074140 39077788 39069490 39076678 39074357 39073100 39068708 39085363 39073834 39075341 39062212 39071376 39082637 39079679 39066840 39071365 39069896 39066240 39070175 39071028 39064039 39072480 39083787 39069261 39074547 39062581 39078063 
181 39122610 38965805 39074424 39072288 39076977 39075632 39073254 39072112 39081172 39075096 39069893 39067395 39077080 39074893 39074501 39064737 39073057 39059258 39066524 39064731 39069765 39064307 39072847 39068532 39090488 39060037 39074765 39077624 39074060 39072274 39090751 39060331 
182 39118328 38947481 39081129 39085976 39082667 39077096 39072820 39084477 39072268 39080630 39069857 39074982 39084405 39086971 39098192 39066395 39077622 39077656 39064026 39074480 39078722 39074234 39077452 39070101 39063313 39074992 39063377 39083077 39063793 39074663 39078403 39074281 
183 39122271 38953415 39081103 39067438 39080796 39068324 39073237 39079890 39080430 39079315 39078494 39075393 39064125 39075761 39082881 39064760 39070630 39080514 39066165 39064684 39073178 39071381 39074304 39074947 39081805 39081414 39052642 39082989 39091705 39081943 39074742 39066271 
184 39120599 38942594 39080021 39071608 39087927 39075344 39079977 39072175 39072424 39072201 39076736 39074779 39083847 39082008 39088293 39071988 39075552 39070341 39077571 39072969 39080900 39069183 39075268 39082005 39064476 39079044 39071216 39067290 39078029 39074337 39068732 39076749 
185 39109296 38964678 39072698 39085461 39088700 39082638 39081038 39075390 39067753 39081195 39078025 39072542 39085984 39085149 39070699 39070309 39079905 39078627 39076950 39078460 39063694 39084226 39076631 39073557 39073246 39070524 39076854 39075142 39074343 39077828 39087818 39066685 
186 39123964 38953354 39060810 39082466 39076811 39088917 39078842 39078034 39076856 39084650 39074590 39080956 39086699 39074253 39088769 39072197 39074487 39077866 39073952 39075924 39071909 39076342 39079787 39071439 39075049 39084387 39085242 39079062 39074933 39081385 39086669 39073397 
187 39108515 38949179 39084312 39071876 39079604 39086532 39078074 39084217 39078997 39079282 39085044 39089908 39067827 39076739 39078121 39067326 39075283 39085988 39088084 39069144 39074644 39075834 39080794 39071447 39068299 39089727 39077015 39077552 39070850 39067761 39072855 39071379 
188 39125971 38953021 39083080 39077556 39075231 39086888 39070492 39086079 39066391 39084394 39079714 39074773 39082838 39076542 39083711 39068433 39070342 39088282 39064928 39077095 39076518 39063814 39069517 39083624 39077519 39073204 39076659 39079387 39072673 39076913 39069982 39065137 
189 39122546 38952589 39077105 39079157 39088151 39078405 39084297 39090896 39074826 39077087 39075523 39085406 39080003 39076385 39084690 39064639 39074420 39073987 39073842 39080864 39074790 39075421 39069582 39077975 39083029 39076824 39072681 39092460 39075739 39066739 39076889 39063097 
190 39112961 38973968 39078515 39088180 39083680 39072179 39092049 39081118 39082052 39075310 39073585 39066783 39066017 39080508 39063773 39067263 39070337 39072002 39071601 39088355 39067656 39087241 39076076 39085369 39078651 39078141 39084842 39072657 39079932 39083989 39083908 39084272 
191 39110576 38948445 39074669 39084768 39075648 39077674 39078474 39078364 39072593 39090571 39078258 39086535 39084405 39070925 39072725 39071536 39075416 39087545 39069049 39090706 39075004 39082225 39077431 39075581 39090565 39069571 39071750 39082847 39087331 39073649 39077102 39073147 
192 39133919 38953205 39078709 39077512 39085702 39069450 39086268 39086861 39083948 39087328 39088263 39085876 39084464 39073242 39082892 39080306 39084998 39073066 39078729 39077082 39072933 39075373 39079473 39069345 39087960 39074772 39080509 39083936 39086194 39078152 39075657 39076824 
193 39091828 38964282 39080160 39085358 39078771 39097498 39081661 39094148 39093396 39085082 39074211 39082076 39082208 39081822 39078182 39058666 39072654 39085438 39092205 39079829 39080701 39073355 39074898 39079630 39080110 39087132 39066744 39075900 39073111 39074480 39089003 39072707 
194 39106612 38952273 39073641 39078799 39082485 39092529 39077340 39087456 39075127 39071418 39077613 39091345 39086142 39073514 39088469 39074839 39082169 39078373 39073148 39072995 39093050 39090879 39066201 39072319 39083911 39084562 39080245 39072136 39076086 39078313 39073247 39085535 
195 39120483 38966112 39080234 39083915 39079568 39077646 39081921 39081488 39083111 39085298 39081520 39075483 39076183 39087637 39075830 39078204 39076448 39088461 39084119 39079214 39087654 39081465 39081312 39075695 39086791 39080212 39082388 39082072 39084409 39078680 39088189 39068950 
196 39112423 38964619 39081746 39082527 39099923 39077629 39083599 39077559 39093943 39076496 39091022 39078646 39071560 39082549 39080463 39077178 39089674 39091943 39080589 39087596 39085226 39076141 39079445 39079320 39074346 39087513 39088086 39085241 39079365 39072529 39070623 39078317 
197 39106955 38967724 39080796 39085761 39089310 39077076 39083003 39084475 39090018 39095175 39075720 39080318 39076605 39099530 39087023 39082488 39077424 39083922 39083076 39088472 39086157 39075762 39072052 39084474 39077860 39072177 39076000 39081472 39081633 39078432 39090585 39071838 
198 39107422 38961559 39091522 39084109 39098350 39088704 39092444 39089181 39094661 39079885 39094967 39101296 39074824 39081829 39080222 39084209 39087922 39095709 39083494 39089121 39089360 39093488 39089552 39080284 39073552 39089844 39090009 39091354 39079421 39071428 39083580 39088738 
199 39109359 38961271 39082197 39092169 39087103 39092753 39073155 39090649 39083657 39089084 39084463 39087362 39080364 39084263 39088129 39089830 39090403 39090429 39087518 39075195 39076192 39090422 39079855 39078198 39106742 39089165 39084211 39085888 39085456 39082849 39081872 39072054 
200 39100161 38952501 39086024 39085999 39081473 39092123 39092032 39079934 39090392 39088609 39076538 39087941 39074645 39077306 39083393 39073346 39086198 39091999 39071596 39093153 39074046 39083039 39084358 39074976 39085024 39086174 39081426 39086701 39086597 39088673 39085594 39075068 
201 39113284 38968378 39093669 39093162 39085588 39087385 39081400 39101458 39089785 39078974 39089811 39086939 39096413 39084515 39096972 39078206 39073220 39079921 39088255 39087890 39079618 39083015 39088282 39082428 39079749 39098113 39084896 39083246 39077367 39085161 39095771 39058647 
202 39098601 38950431 39091652 39085027 39080909 39092211 39077045 39081349 39083783 39093597 39085861 39088936 39081372 39084528 39087884 39075695 39095284 39094307 39092772 39083058 39083066 39090304 39087866 39093282 39081313 39077432 39088559 39090975 39079616 39091483 39070979 39077374 
203 39104770 38959917 39087640 39083147 39082936 39089286 39098131 39095611 39083210 39087109 39082043 39095653 39092640 39088441 39086623 39086645 39090419 39080376 39092315 39079883 39088947 39089323 39104698 39088256 39092026 39089192 39078470 39068846 39079183 39097346 39093416 39072143 
204 39105193 38975397 39098224 39079763 39093371 39085535 39096579 39083695 39085728 39092627 39084237 39101374 39083655 39089988 39083089 39087179 39097074 39090814 39090007 39089568 39080499 39096875 39095989 39087805 39087002 39080027 39092285 39082555 39083577 39087285 39092216 39079303 
205 39089286 38966200 39086783 39089605 39084009 39087942 39094843 39100055 39094321 39089148 39095188 39095609 39085292 39093397 39081406 39086215 39072049 39080376 39080978 39089718 39087085 39093710 39095240 39084182 39092065 39099275 39085106 39078226 39079636 39088182 39084826 39088916 
206 39099449 38971442 39107503 39086045 39093776 39083298 39091497 39097894 39094104 39096821 39075203 39089997 39094603 39087332 39088552 39082829 39085560 39091440 39082375 39080910 39078614 39097274 39089449 39091545 39073427 39082450 39089539 39081769 39084026 39083622 39071914 39088581 
207 39094659 38957691 39088601 39084151 39093106 39093268 39087239 39095192 39080486 39087262 39094583 39084123 39093735 39093561 39082441 39089049 39098944 39081427 39079607 39094886 39088238 39094832 39088555 39087841 39087824 39090568 39095118 39080524 39080263 39089568 39104476 39071671 
208 39103767 38980984 39084130 39088723 39078824 39091116 39086424 39088189 39097685 39081769 39097197 39083981 39092342 39087263 39091347 39077329 39095005 39078867 39092697 39090332 39080319 39087055 39078052 39093046 39084728 39077756 39084580 39096214 39091048 39078191 39069177 39083254 
209 39070068 38974101 39097718 39092289 39085135 39101922 39101324 39086790 39091637 39090588 39097128 39100316 39086573 39094973 39095676 39092788 39105347 39095956 39095463 39090870 39099340 39080860 39092055 39085698 39088700 39090182 39075951 39088852 39084330 39087766 39093147 39085201 
210 39086018 38955645 39093274 39097739 39087201 39094172 39098925 39094569 39103187 39097150 39086160 39085738 39100684 39091060 39092829 39086407 39093113 39085600 39082867 39087770 39086363 39100858 39085462 39097418 39081872 39093674 39095131 39086896 39084362 39094579 39087050 39075195 
211 39084487 38968362 39093700 39096342 39089819 39096890 39093894 39094546 39085327 39087106 39096329 39088670 39096165 39095508 39090983 39075361 39094362 39096329 39080853 39098788 39089743 39097567 39085063 39082154 39103549 39103505 39095642 39092712 39095409 39080414 39110033 39090575 
212 39076297 38952647 39101511 39094265 39088115 39102218 39102908 39097188 39091619 39083339 39099689 39094070 39094715 39095026 39104159 39078802 39090916 39091690 39102650 39088204 39085317 39088805 39089422 39098028 39083861 39092959 39094846 39083953 39085471 39089351 39071760 39080931 
213 39075603 38973264 39095121 39103519 39100889 39090463 39106890 39089376 39119550 39101186 39092866 39087543 39091265 39097126 39096690 39074498 39089772 39085191 39088331 39086803 39093332 39088149 39084607 39088334 39085282 39094320 39090102 39085480 39087827 39084218 39099302 39086586 
214 39087646 38965165 39100499 39106338 39102159 39104924 39109713 39109493 39096958 39087869 39098130 39108981 39103750 39089953 39092699 39090362 39096145 39092349 39100280 39096747 39100553 39097218 39097613 39090956 39101716 39092664 39081453 39091704 39088191 39087408 39080788 39093358 
215 39082013 38964035 39101090 39081724 39099689 39108151 39091678 39100343 39094241 39096424 39093474 39104972 39099501 39098043 39096365 39087123 39089905 39093889 39088262 39091906 39087820 39092105 39089170 39094025 39097322 39073285 39093006 39086231 39097985 39095043 39085518 39079163 
216 39090848 38954665 39109911 39091329 39087860 39095444 39089250 39092732 39094859 39097841 39085155 39084417 39101620 39087395 39098393 39092541 39097017 39096182 39089856 39100359 39096422 39100636 39094186 39087168 39096241 39093026 39094308 39083437 39095014 39098095 39087740 39091159 
217 39079841 38970286 39105741 39088577 39098437 39094871 39097436 39095583 39098497 39095586 39100947 39098558 39090744 39082978 39092801 39082041 39097150 39106191 39091416 39093629 39092073 39092929 39095953 39088760 39088841 39091262 39094959 39081627 39097200 39101662 39102498 39090057 
218 39078446 38970524 39097045 39098511 39086208 39096701 39094434 39094283 39102608 39100433 39100965 39094585 39114346 39089922 39099121 39078793 39094935 39101274 39096086 39089748 39103524 39099478 39096469 39098496 39088050 39100253 39099743 39105434 39097624 39088851 39068699 39090118 
219 39073472 38973604 39095231 39097695 39117116 39096745 39083214 39100884 39100542 39110308 39083673 39088863 39098206 39105542 39112347 39085035 39100778 39095376 39092743 39103329 39093324 39092039 39093693 39083696 39111332 39093772 39092671 39094887 39092207 39101323 39092875 39080682 
220 39068931 38962364 39097767 39088811 39099102 39102490 39090452 39098958 39097212 39092295 39096070 39106998 39098727 39098336 39101908 39093006 39098533 39101226 39105856 39109370 39094769 39100721 39090840 39089832 39088666 39101042 39093500 39094737 39104749 39099115 39079375 39084093 
221 39079023 38976145 39098949 39096693 39106880 39094923 39093927 39096229 39106962 39098562 39092453 39103657 39094161 39104240 39098791 39104522 39085752 39117224 39095672 39103500 39086494 39094441 39095857 39096003 39099362 39097094 39092204 39096759 39093080 39099615 39104782 39097950 
222 39067415 38978991 39097182 39099526 39108340 39098274 39102645 39088167 39091600 39092921 39103334 39101123 39106490 39098994 39108842 39105205 39093198 39103090 39102716 39096101 39093510 39097583 39107323 39110512 39097315 39098765 39096444 39088520 39088511 39100436 39088323 39094452 
223 39056792 38970288 39112348 39101933 39114751 39109415 39105097 39103096 39097322 39112441 39109192 39105111 39094203 39105064 39096215 39103002 39101109 39102369 39092211 39095638 39087382 39108146 39097039 39095068 39101850 39089712 39100704 39108688 39104443 39093512 39101720 39106730 
224 39077284 38972564 39105917 39111459 39111064 39098438 39102022 39092152 39099298 39103269 39102563 39097684 39108181 39113367 39110213 39101236 39094774 39101234 39096507 39096786 39100286 39098360 39101835 39104885 39103804 39093798 39103815 39087318 39107173 39089451 39092791 39993839 
225 39040339 38981351 39103721 39100544 39088331 39102333 39109772 39107170 39108314 39106212 39107181 39111665 39094435 39109761 39100834 39101679 39101250 39098695 39103329 39099739 39092332 39091789 39109013 39097716 39093312 39105569 39101513 39088617 39088832 39102756 39091492 39098773 
226 39062061 38962514 39105866 39098132 39098879 39101431 39097780 39107548 39100227 39103864 39098586 39099816 39100551 39101593 39102575 39089841 39105634 39107861 39108335 39095823 39107147 39094478 39105611 39098587 39084792 39099306 39102497 39089994 39096672 39102208 39087976 39117366 
227 39070975 38976460 39100396 39101781 39108658 39116595 39107252 39104833 39099479 39102634 39092327 39109242 39096511 39105161 39090244 39096502 39098677 39113610 39092641 39106185 39097298 39100970 39098056 39091535 39099403 39090069 39104846 39098562 39090997 39101475 39093946 39086122 
228 39051480 38968231 39096032 39116169 39100966 39117595 39093610 39110977 39109062 39106482 39102875 39109956 39095505 39108386 39106039 39099052 39109569 39100237 39093821 39091983 39098686 39104628 39101232 39091725 39099216 39103248 39096066 39096343 39092767 39102207 39098945 39092552 
229 39050680 38963775 39103917 39123946 39101237 39111697 39102930 39100490 39104770 39108788 39101843 39098696 39096461 39105971 39098765 39093709 39103614 39102441 39109385 39100909 39098222 39094833 39108313 39102458 39109959 39103266 39094319 39098108 39111123 39097259 39089454 39110040 
230 39044673 38980545 39102028 39110615 39093369 39094578 39107669 39105783 39103376 39096530 39105092 39096186 39106452 39098080 39111473 39093650 39113312 39104644 39103939 39104090 39104029 39100158 39118226 39096711 39098892 39099160 39100231 39099115 39105375 39099563 39084309 39103014 
231 39045733 38972758 39107784 39110172 39110527 39114649 39113244 39112483 39113474 39112423 39109901 39111234 39111461 39111402 39108108 39107900 39103889 39107895 39092836 39102244 39092374 39108815 39107039 39105641 39097513 39103032 39105184 39097221 39094995 39093751 39096105 39097389 
232 39046104 38964738 39105468 39102780 39104407 39111650 39108186 39105660 39112226 39106851 39111639 39096319 39099030 39099323 39113653 39088673 39116045 39101354 39109746 39101823 39101418 39102243 39098963 39095669 39092925 39113125 39102315 39108249 39102323 39100455 39100249 39098392 
233 39031864 38973045 39106940 39099508 39106117 39109177 39112587 39123594 39100563 39107442 39098223 39113925 39107703 39110025 39103600 39099493 39105621 39123259 39095058 39105487 39103645 39104370 39093844 39091819 39096261 39115540 39103582 39094049 39110035 39107391 39095701 39098769 
234 39035740 38981151 39109950 39105465 39103642 39101305 39106050 39105747 39102414 39112990 39102859 39112629 39113057 39101439 39103339 39090761 39101417 39105172 39104069 39096525 39115479 39100297 39097780 39106555 39112837 39112947 39100142 39102337 39118346 39110059 39087367 39096732 
235 39030865 38962326 39111149 39110758 39107234 39106970 39104467 39111498 39111201 39116795 39115964 39109126 39104085 39109007 39123906 39105511 39112760 39099749 39120813 39115404 39102109 39106529 39108128 39099922 39100493 39115293 39109643 39106654 39104036 39106802 39093407 39095076 
236 39025653 38956975 39098646 39114441 39115540 39114827 39110350 39120268 39108754 39117069 39093206 39117856 39104892 39107574 39122933 39105220 39107258 39105785 39111899 39100685 39109290 39103661 39107469 39102777 39105792 39102810 39104872 39098490 39113208 39100282 39099442 39109013 
237 39025993 38976238 39117468 39120791 39119380 39103545 39114914 39113301 39114957 39114882 39113216 39101023 39118917 39111677 39103955 39105078 39098911 39106871 39107122 39104705 39112855 39110816 39099544 39105524 39091680 39115938 39101803 39100169 39103188 39111594 39105682 39106631 
238 39027550 38974299 39115028 39112569 39106215 39106857 39101609 39117437 39123457 39102599 39107801 39125575 39096421 39105071 39106858 39107450 39117380 39115549 39118251 39111967 39107769 39108618 39103466 39100995 39108115 39104046 39104982 39097746 39109995 39113079 39110810 39114450 
239 39016189 38981747 39120522 39110658 39101000 39108993 39116700 39117657 39109054 39110230 39110398 39118079 39119840 39121308 39105924 39099024 39115307 39098691 39111278 39106356 39101943 39104725 39105682 39103332 39107858 39117657 39119160 39094041 39121265 39104722 39105776 39112403 
240 39023366 38976173 39118946 39110282 39118962 39117663 39116051 39113825 39111047 39106615 39116030 39110980 39112436 39118141 39119274 40465016 39122331 39101803 39115686 39111747 39113991 39112645 39105963 39120505 39110233 39114123 39110434 39109183 39121193 39107135 39096241 39110821 
241 38974318 38990007 39109820 39108613 39113529 39119231 39115826 39114009 39117790 39113503 39113105 39111839 39111265 39118131 39105484 39124976 39104580 39102204 39105584 39117312 39112963 39106809 39110028 39121137 39110454 39101671 39102175 39106827 39111789 39112581 39107090 39110494 
242 39002190 38970347 39122363 39110451 39118956 39119899 39110512 39130174 39117006 39110409 39117138 39120320 39124031 39119137 39109622 39116503 39113939 39099547 39110262 39122097 39120269 39105572 39103380 39106828 39116737 39110172 39106627 39114024 39090599 39111171 39102881 39123417 
243 39023494 38977711 39111392 39112824 39124236 39118435 39118631 39121654 39104377 39116873 39112389 39115405 39126144 39110274 39114886 39129879 39115057 39117939 39113965 39107936 39105748 39111000 39117014 39116121 39100684 39108086 39103875 39109811 39111567 39111990 39115425 39107734 
244 39007711 38969305 39119220 39113155 39104411 39127389 39119331 39123449 39121097 39121983 39114741 39112855 39115388 39115129 39107892 39119846 39124538 39108813 39110579 39119013 39118051 39125155 39116210 39120565 39117454 39109331 39116081 39120231 39113324 39113094 39098929 39120877 
245 38999419 38981895 39118384 39111540 39120733 39121537 39118061 39113708 39120198 39118407 39116934 39114328 39114723 39110909 39104558 39121513 39116774 39120867 39111305 39135203 39105386 39119949 39119653 39116890 39110967 39108845 39109761 39104994 39103544 39106320 39114168 39115160 
246 38982652 38976887 39111613 39109302 39135592 39115613 39114355 39127001 39123030 39122948 39117310 39114229 39111537 39123613 39107489 39119981 39117453 39117467 39109062 39118049 39114872 39124615 39115251 39117842 39125621 39114951 39115347 39108573 39114037 39120382 39107093 39120344 
247 38998235 38981195 39124134 39124675 39127169 39118614 39131649 39111837 39108446 39128047 39119024 39110978 39119461 39107754 39122518 39120125 39117010 39116393 39110193 39111374 39123598 39121905 39103042 39118077 39118958 39108426 39115365 39110187 39111073 39114570 39129886 39102358 
248 39002296 38973756 39122087 39114856 39123223 39122944 39118436 39115087 39114484 39120556 39127662 39118539 39123712 39128762 39123835 39119411 39119219 39131363 39121427 39110179 39118845 39122066 39117034 39115619 39110614 39111781 39107388 39109019 39120932 39098861 39117320 39114551 
249 38973290 38982807 39123010 39113999 39130597 39125879 39119255 39130058 39116683 39122394 39132354 39106660 39125226 39123544 39124191 39125717 39104964 39113143 39119924 39114078 39114507 39119662 39116396 39130336 39118663 39104104 39111718 39127103 39108113 39111628 39125719 39113634 
250 38994927 38970394 39129439 39120655 39135454 39131167 39125154 39122927 39112878 39114266 39120833 39125421 39135374 39115035 39120112 39125766 39121737 39111937 39125885 39122101 39116673 39130247 39117231 39107422 39119922 39116417 39125063 39101793 39108957 39105257 39127828 39117836 
251 38977271 38977045 39128938 39118644 39128483 39126471 39131437 39120971 39131888 39112824 39130308 39113523 39122262 39113226 39114949 39126154 39120011 39121248 39118236 39123227 39123941 39122370 39121458 39103266 39124008 39121171 39119339 39117260 39112234 39125444 39121135 39108163 
252 38977775 38983460 39120357 39116403 39129255 39128544 39136908 39131707 39130319 39120289 39122880 39116183 39119067 39126336 39118203 39122249 39111600 39121646 39117402 39116084 39117060 39114750 39110236 39120537 39114695 39125343 39115481 39126061 39126573 39127489 39123685 39129435 
253 38969144 38990208 39132988 39141789 39119832 39125790 39119297 39117798 39127003 39115799 39124443 39131988 39109794 39126370 39120505 39123461 39115843 39116572 39129770 39123589 39110980 39118501 39116791 39132701 39113173 39119406 39109764 39123627 39118051 39116588 39113914 39119978 
254 38977948 38998528 39119031 39123936 39122243 39124979 39124491 39122599 39120808 39139780 39124517 39126877 39119216 39127605 39126712 39131576 39111707 39132220 39134348 39136815 39116238 39123930 39121431 39119700 39111317 39125969 39119089 39114093 39121077 39116538 39120441 39118420 
255 38962066 38968573 39132650 39133764 39128569 39131721 39132421 39121400 39126380 39133068 39132159 39136183 39120787 39120935 39115256 39118827 39114733 39119311 39133351 39133636 39115560 39135766 39125133 39122118 39126172 39122790 39121018 39124062 39129093 39131279 39124626 39101426 