n P1 P2 P3 P4 P5 P6 P7 P8 P9 P10 P11 P12 P13 P14 P15 P16 P17 P18 P19 P20 P21 P22 P23 P24 P25 P26 P27 P28 P29 P30 P31 P32 
0 38940059 78182426 39120623 39256639 39264626 39246731 39255623 39260689 39262826 39249898 39257209 39251216 39254235 39254318 39255724 39254516 39244755 39247787 39248635 39236374 39248827 39241946 39235333 39236443 39230945 39228890 39224267 39238557 39233293 39237522 39228277 39223140 
1 39037603 38762152 39065525 39044691 39043657 39033416 39036040 39044525 39045897 39045346 39049311 39051047 39037700 39046778 39044014 39038615 39045058 39050010 39041170 39052724 39047539 39034644 39046985 39033689 39039059 39040157 39054698 39033806 39046180 39038129 39053329 39034735 
2 39069517 38554056 39022229 39193372 39034068 39030989 39046497 39043015 39039597 39042446 39036746 39050806 39046036 39050152 39040368 39038914 39050690 39039231 39049633 39042291 39035893 39038032 39057352 39051065 39038781 39043661 39044343 39037826 39044535 39050755 39030354 39046759 
3 39118441 38810797 39107659 39031386 39050407 39044405 39046980 39052368 39034979 39037229 39041734 39046668 39039208 39048120 39045923 39044492 39032677 39038867 39043122 39049848 39047123 39045557 39036630 39043694 39043759 39041080 39032950 39036974 39041366 39041386 39038127 39035047 
4 39101487 38800517 39021856 39251679 39040451 39056939 39043904 39049128 39047479 39051843 39047586 39050345 39046290 39048417 39060590 39052823 39052760 39044826 39044874 39060201 39048702 39060877 39041444 39041834 39042496 39055049 39048718 39047162 39035848 39050690 39042261 39036187 
5 39094261 38802968 39024417 39008429 39298510 39048356 39040609 39046900 39051074 39052406 39050412 39049673 39039898 39045596 39053377 39037314 39041658 39052179 39050303 39050972 39040007 39045938 39042481 39047254 39044137 39045668 39044706 39051383 39039657 39034345 39041508 39044323 
6 39103083 38804733 39025366 39021845 39022551 39311138 39044107 39049004 39043194 39033687 39050200 39042726 39042341 39050437 39048407 39045003 39052698 39052258 39054221 39044374 39038554 39044494 39045901 39039640 39052565 39051173 39036793 39042741 39050311 39047593 39051323 39044182 
7 39085999 38804334 39014520 39015647 39011088 39023462 39316680 39040701 39056826 39040787 39036838 39054645 39052226 39034894 39045524 39036074 39045536 39048353 39045745 39032644 39046497 39037556 39052525 39043174 39041053 39056277 39043403 39041679 39036863 39034139 39039238 39044642 
8 39107363 38802747 39026448 39005228 39014811 39026477 39011810 39302441 39029289 39047381 39044728 39039646 39052097 39040335 39042688 39049157 39048729 39056664 39055709 39047650 39038999 39046246 39043726 39059350 39051290 39048311 39039330 39042479 39035937 39055772 39040322 39040247 
9 39089500 38817091 39018569 39015839 39021434 39017929 39017157 39027150 39288838 39047292 39042603 39048852 39045196 39035964 39034342 39051092 39042322 39048028 39033620 39048684 39052429 39039270 39036834 39041824 39039974 39047684 39050170 39040060 39040344 39044306 39050076 39054223 
10 39086042 38825535 39023894 39022293 39027561 39017845 39022829 39023007 39019648 39287696 39043785 39047108 39033086 39036728 39042072 39051595 39044792 39046340 39046881 39028040 39049421 39051971 39049597 39044096 39039337 39050056 39042311 39055035 39043344 39056122 39047037 39044069 
11 39071899 38822316 39030033 39016724 39023695 39039148 39029572 39029267 39014643 39016903 39284205 39034348 39049325 39047111 39036289 39035925 39042508 39039422 39046743 39047401 39042091 39053162 39049800 39044777 39043290 39038494 39037070 39037026 39054398 39039028 39049875 39048008 
12 39073739 38801813 39022336 39021144 39029975 39027664 39027584 39024488 39029792 39020987 39019619 39281251 39045657 39047762 39042946 39055305 39042842 39039982 39054285 39052329 39045439 39054371 39056368 39037465 39042514 39036208 39046457 39049173 39049222 39053746 39055295 39033636 
13 39067849 38820733 39021442 39025530 39015037 39014777 39019405 39020866 39022101 39026994 39028676 39014924 39273043 39038434 39043689 39049046 39041861 39045496 39048968 39045180 39045218 39046979 39051477 39055865 39049952 39037093 39047851 39051900 39038211 39036581 39044577 39040033 
14 39079467 38831500 39018487 39024130 39021255 39013272 39014636 39028540 39016881 39013221 39029429 39012372 39016780 39278219 39043405 39051947 39042525 39059572 39036810 39040329 39050331 39038643 39044887 39047713 39047039 39047398 39056604 39046389 39052291 39061282 39039037 39044835 
15 39074578 38811203 39017692 39030376 39010057 39025005 39020831 39029042 39023313 39021766 39015482 39031641 39012906 39019779 39274898 39035081 39041881 39048947 39055224 39037528 39057141 39042275 39063198 39049078 39042258 39044574 39054513 39043849 39040887 39051925 39042175 39036764 
16 39076847 38827729 39020079 39029318 39022697 39023151 39021879 39033288 39009881 39024633 39027701 39018017 39021302 39017645 39032562 39248938 39038843 39059403 39048302 39046138 39034108 39041858 39043025 39044944 39046133 39047685 39053648 39045835 39042600 39041815 39040218 39054267 
17 39062619 38833758 39030715 39035046 39029097 39028756 39012124 39023205 39015100 39021286 39033541 39018120 39029031 39023150 39024505 39017636 39258085 39031137 39047796 39041572 39051472 39045024 39049288 39046127 39057530 39040942 39045631 39051214 39052892 39059705 39057526 39050700 
18 39061042 38817803 39009739 39016019 39026291 39025368 39012356 39018910 39024889 39021785 39033208 39011962 39020779 39019174 39033064 39004440 39029559 39273310 39049700 39049248 39051218 39037904 39045361 39037421 39052239 39047485 39049632 39057046 39050073 39045420 39037276 39046046 
19 39065663 38822395 39025295 39027062 39025518 39024064 39024523 39025702 39017957 39029031 39040206 39017346 39034989 39024137 39024446 39017319 39023113 39018870 39262729 39041146 39050327 39050609 39055912 39058418 39039852 39049531 39055006 39045840 39049649 39044562 39045575 39050739 
20 39057476 38821574 39013694 39023471 39019889 39032650 39022127 39031434 39032079 39029087 39014502 39028337 39031280 39024408 39021682 39016719 39027037 39032205 39022873 39271674 39031628 39029471 39047518 39052268 39049667 39051623 39055774 39054478 39044291 39041332 39053149 39045871 
21 39055487 38837235 39026377 39024338 39026919 39027976 39024067 39013949 39013384 39020887 39019401 39010186 39028041 39025995 39024531 39016709 39026619 39022581 39022529 39017477 39257181 39033813 39043738 39047129 39045698 39040712 39039124 39053979 39049884 39042965 39055612 39052010 
22 39049345 38819608 39029539 39014544 39019173 39026361 39026513 39025232 39026526 39024373 39034296 39026155 39026656 39018127 39022822 39018815 39021496 39029991 39019868 39030315 39019663 39258993 39046234 39049999 39058750 39042007 39044051 39042745 39046641 39042558 39052145 39038979 
23 39038599 38841553 39023457 39022993 39031577 39040281 39011946 39023171 39020886 39028116 39024248 39025272 39027653 39023111 39022774 39014224 39028152 39014617 39042637 39024197 39023273 39028371 39244504 39043770 39048853 39053556 39043354 39038148 39039980 39041723 39047407 39056157 
24 39042969 38830263 39023532 39013781 39023057 39033368 39020520 39015687 39038146 39025464 39032486 39030823 39035494 39024334 39021448 39017466 39011729 39016224 39024338 39016724 39027470 39032645 39035458 39237193 39046987 39047732 39043274 39049226 39044591 39041742 39040607 39050301 
25 39049554 38841141 39025918 39026022 39031156 39022619 39035502 39025463 39012250 39019529 39022031 39014799 39033670 39022449 39016579 39017881 39023416 39038079 39024472 39042771 39027678 39028470 39015927 39025152 39253381 39049800 39036528 39046400 39050166 39052070 39061575 39059741 
26 39034467 38843124 39023409 39026524 39021946 39017740 39009135 39035229 39019284 39015798 39033123 39028594 39019143 39007904 39019888 39024803 39028020 39020676 39025974 39029462 39026336 39019076 39028771 39026114 39025826 39248873 39047430 39057748 39049279 39041892 39049477 39044564 
27 39043397 38835091 39039500 39025348 39029437 39013176 39020579 39029754 39021512 39029537 39025096 39035858 39012084 39023208 39017029 39025639 39018990 39022327 39024858 39023067 39030080 39027868 39014930 39023240 39020496 39028353 39239725 39035686 39055461 39054210 39048049 39048615 
28 39042069 38830386 39027643 39034337 39028004 39029783 39022672 39018982 39022754 39030383 39019837 39021420 39024586 39039405 39031765 39018032 39026198 39025639 39022796 39018944 39019824 39013947 39025569 39030545 39033986 39030864 39024633 39243161 39047199 39055408 39049622 39047551 
29 39029048 38841889 39025692 39026118 39021362 39025951 39032379 39028717 39023542 39019981 39033278 39021650 39036231 39031006 39032139 39027102 39026474 39025333 39025989 39030881 39027937 39028761 39028755 39028081 39021970 39024335 39029460 39036503 39226980 39042722 39054135 39041875 
30 39045150 38842702 39026403 39033583 39025887 39016159 39025016 39019905 39028520 39024993 39024650 39020736 39024267 39018464 39020627 39020222 39021061 39016461 39022572 39021331 39023867 39025372 39019184 39024451 39020446 39025567 39023667 39025805 39029838 39234458 39056703 39061420 
31 39050166 38832857 39018966 39017124 39028362 39029215 39024037 39026251 39041725 39015837 39020872 39019026 39036026 39030930 39022339 39004322 39021993 39029493 39037533 39035873 39030590 39018183 39029997 39029462 39029499 39034175 39027229 39030477 39037723 39035069 39242989 39047729 
32 39039829 38831761 39021112 39024833 39023844 39029786 39034253 39021813 39021342 39021356 39026377 39022782 39022157 39016199 39027709 39014749 39038961 39017675 39037833 39025409 39025972 39032499 39037224 39025229 39020220 39025809 39029905 39030173 39022921 39031617 39028694 39214790 
33 39020454 38860450 39031542 39029206 39023066 39032366 39030842 39019702 39032360 39026380 39023210 39020908 39028090 39030580 39023539 39023679 39045021 39016646 39032020 39024899 39026245 39030806 39030479 39025449 39030775 39026801 39034026 39021037 39048316 39026824 39024336 39012099 
34 39037526 38845542 39025490 39021163 39031078 39024371 39034532 39010785 39032651 39024454 39036247 39033344 39021972 39031639 39043249 39030035 39030326 39025950 39027517 39018015 39019913 39027785 39031445 39030248 39048711 39028283 39027954 39023376 39023286 39025737 39017992 39027312 
35 39028105 38844589 39035446 39023248 39027502 39025157 39013640 39027758 39021147 39023066 39020223 39020327 39023499 39038842 39027588 39028349 39034540 39035633 39019987 39032170 39026297 39020240 39022405 39033693 39028727 39036745 39031760 39030150 39026524 39042967 39046872 39014845 
36 39028507 38841498 39020378 39015002 39027590 39029285 39035317 39022481 39033836 39035675 39030217 39030716 39032585 39025059 39039109 39030140 39027079 39034341 39016604 39016550 39023804 39029431 39030674 39026836 39020391 39036079 39031264 39023281 39020418 39023846 39027838 39026076 
37 39033333 38855231 39039232 39030828 39025754 39020138 39023383 39019379 39036491 39028844 39030018 39026528 39031471 39029532 39020883 39019282 39034621 39027844 39027889 39021052 39029768 39023451 39020147 39037753 39029387 39031030 39035399 39023372 39034254 39028279 39032701 39020482 
38 39027950 38855204 39033092 39027291 39031277 39025670 39036725 39030890 39029273 39022453 39032021 39029720 39023864 39010809 39023976 39024414 39031472 39029934 39030242 39023196 39025501 39027843 39021529 39029921 39037409 39032023 39027226 39020497 39039424 39023740 39022625 39032297 
39 39022107 38844127 39031293 39027841 39045392 39022757 39029603 39016367 39033503 39033096 39031638 39018808 39036437 39032642 39030317 39018646 39035246 39032624 39020669 39030699 39023562 39033822 39032767 39035605 39032212 39024421 39034092 39029336 39039598 39026334 39034051 39024127 
40 39018166 38844652 39024950 39028240 39027070 39022302 39039054 39029496 39035081 39020958 39029149 39029883 39030851 39045077 39027990 39018180 39028186 39020185 39025657 39017441 39022077 39031126 39019445 39037795 39021435 39028320 39020746 39017413 39020531 39030556 39031496 39036765 
41 39009985 38847117 39030476 39032258 39027285 39032251 39030168 39028802 39031212 39025259 39024922 39030187 39040436 39025943 39028408 39010893 39032015 39028881 39030628 39031120 39026403 39029067 39031669 39030564 39040728 39020626 39030789 39025034 39030666 39026793 39024681 39037559 
42 39022603 38843598 39036995 39034381 39036304 39018479 39029306 39032159 39029560 39022934 39024342 39023088 39039768 39031155 39025753 39018064 39031593 39032395 39024636 39043220 39034504 39037780 39029394 39023824 39033789 39026122 39032482 39025977 39035337 39032959 39009744 39026131 
43 39025985 38857206 39031383 39024505 39028493 39033571 39029874 39015787 39035365 39020602 39019980 39024515 39026130 39031502 39026849 39023312 39028656 39028963 39019404 39023933 39024767 39028928 39032259 39023171 39030806 39033144 39023650 39031343 39033961 39032123 39036318 39022620 
44 39022188 38858107 39034235 39031336 39023477 39021977 39029552 39019717 39033697 39035811 39015958 39027589 39032413 39037656 39027354 39020116 39039502 39029853 39023529 39026059 39028519 39040271 39036371 39027919 39033658 39032571 39032386 39039081 39026750 39027019 39024101 39033915 
45 39023688 38870264 39037287 39024158 39017972 39041522 39031495 39024097 39023172 39034943 39040067 39034832 39030069 39033890 39036275 39025827 39026852 39023631 39053835 39030140 39027083 39030309 39034115 39026483 39032468 39014872 39020297 39029373 39039277 39035359 39050338 39030674 
46 39012482 38858064 39038252 39038075 39034275 39027220 39029440 39042801 39020955 39030898 39028096 39029307 39031930 39017507 39036243 39022478 39041198 39028695 39028043 39021924 39031522 39030930 39034348 39033576 39025298 39035309 39025264 39025444 39033987 39023371 39035616 39029623 
47 39006644 38843004 39033062 39031571 39023587 39026197 39031096 39015884 39026831 39028937 39029415 39030585 39037730 39044045 39040143 39016719 39028083 39045655 39021895 39020083 39028022 39036696 39034734 39032256 39030111 39038038 39042597 39038070 39032418 39026379 39031444 39017761 
48 39014160 38852167 39032311 39024860 39032030 39027731 39028396 39028702 39037496 39022362 39034317 39015877 39028910 39024611 39019366 39017944 39031060 39019062 39028775 39028821 39041626 39017063 39029427 39033057 39034076 39027133 39030594 39032814 39028496 39031587 39032327 39022410 
49 39002647 38851708 39021090 39038370 39027349 39017561 39039844 39039192 39026244 39031415 39034474 39034898 39031289 39030269 39030118 39030864 39039424 39021130 39029423 39024692 39045503 39031969 39032934 39020333 39031793 39032704 39040250 39031236 39033587 39032588 39038990 39025587 
50 39020957 38858276 39031844 39038490 39033335 39036068 39029203 39021436 39021843 39031492 39034871 39029912 39028631 39034566 39028110 39032101 39036870 39035004 39024261 39036432 39032372 39029883 39035437 39040275 39024789 39034006 39034787 39039470 39028358 39027429 39026742 39016185 
51 39011452 38864770 39042484 39034893 39026585 39028540 39038334 39033714 39029737 39044547 39030774 39030957 39028665 39045532 39026207 39020131 39027961 39038277 39031890 39038352 39028852 39021176 39032005 39045293 39030641 39037940 39033472 39045681 39027829 39036893 39040138 39020781 
52 39024916 38863366 39031703 39033757 39031156 39030286 39022894 39033168 39032833 39029734 39038203 39023956 39040214 39036216 39024961 39015430 39043694 39038037 39032998 39027725 39027450 39029047 39041604 39024145 39030949 39034458 39027581 39022485 39022413 39034216 39040297 39030566 
53 39030822 38853227 39035416 39030520 39027468 39034166 39035341 39038569 39030981 39022702 39030712 39040059 39039194 39027948 39027538 39020549 39019524 39031209 39040469 39033733 39038310 39036088 39029405 39028718 39030769 39029154 39035906 39033140 39032790 39035997 39046395 39029086 
54 39023761 38863896 39036619 39038615 39036982 39041261 39031035 39034104 39027377 39034869 39034806 39024673 39030000 39027633 39033447 39024899 39031151 39032603 39029432 39023544 39030559 39034966 39039245 39040961 39035088 39033087 39025930 39043141 39030786 39038758 39036706 39024504 
55 39000931 38872198 39032147 39026049 39036812 39031534 39013702 39031563 39028374 39039256 39026669 39029765 39029822 39018282 39044116 39023587 39040497 39029079 39028632 39028650 39025760 39029164 39039474 39036754 39036287 39020299 39024716 39036503 39035695 39026878 39032408 39022081 
56 39019548 38861657 39040109 39035549 39032428 39038160 39036490 39042038 39037453 39026099 39030703 39032812 39035063 39021259 39040857 39017291 39030851 39031203 39031622 39031867 39034524 39024664 39033220 39033640 39034031 39036279 39027417 39033492 39043662 39032503 39024211 39039371 
57 39011231 38867145 39030775 39037887 39031335 39038665 39055169 39027233 39037983 39042338 39039083 39042345 39024809 39030834 39028199 39028514 39035642 39031511 39040220 39044500 39043500 39037067 39034828 39024447 39038490 39038033 39034368 39034212 39035679 39036077 39048766 39019358 
58 39013912 38863873 39047092 39015443 39025967 39032280 39031051 39029281 39025138 39035803 39025735 39020165 39029174 39033658 39035145 39028332 39028075 39025904 39047234 39033938 39029129 39031986 39032774 39037761 39035328 39044521 39034926 39034054 39032245 39030808 39025450 39023281 
59 39022414 38869925 39031176 39024803 39031769 39029547 39028242 39027991 39043152 39038896 39027606 39037284 39039709 39034748 39036645 39027727 39035199 39040405 39021847 39038984 39031618 39013421 39034362 39038087 39028933 39032771 39030758 39043081 39034106 39040104 39045214 39032260 
60 39001879 38868570 39028779 39030277 39041011 39025117 39026262 39036224 39044634 39041417 39035257 39038591 39019149 39031822 39025822 39031064 39039514 39030691 39028661 39029730 39038280 39035030 39042766 39032851 39039707 39033676 39034789 39042829 39036423 39051885 39022739 39032724 
61 39011737 38880713 39051300 39030135 39034363 39024694 39039151 39025393 39024869 39032772 39033752 39036786 39035762 39029638 39041614 39039898 39034858 39029817 39037677 39036419 39039488 39031981 39030123 39036451 39035306 39036725 39027128 39034349 39030795 39031563 39047179 39034368 
62 39014619 38861319 39037563 39033929 39025465 39035494 39031839 39039169 39028552 39036651 39040062 39033048 39035212 39036789 39038664 39026860 39037176 39029570 39041671 39031164 39035805 39038539 39037484 39027881 39028750 39037515 39041120 39030690 39028030 39039850 39035544 39044223 
63 39010890 38858698 39035139 39045281 39040584 39029192 39025012 39037989 39033745 39034224 39034230 39026598 39036811 39031408 39041017 39034456 39028515 39039940 39036659 39019452 39024556 39030848 39030026 39042288 39023328 39035996 39035479 39035588 39041733 39035725 39044768 39027961 
64 39029579 38871304 39034721 39029930 39040153 39032597 39033625 39036158 39035225 39028124 39035769 39028137 39032580 39041217 39039133 39037523 39036262 39046159 39040561 39038179 39031817 39037203 39032435 39031079 39035695 39036334 39038114 39025468 39036707 39024085 39028298 39026809 
65 39010416 38871760 39033519 39039351 39037594 39034417 39034758 39028026 39032723 39042413 39037854 39027344 39041149 39039504 39038806 39034771 39047917 39039736 39037776 39047857 39039326 39036119 39043303 39028104 39030441 39040464 39043231 39032645 39033399 39037193 39040098 39031327 
66 39008223 38870734 39030396 39033236 39047286 39034323 39033959 39026396 39035155 39035576 39042520 39035753 39036034 39034437 39037693 39030417 39035933 39032098 39025853 39030461 39031440 39022682 39026202 39038507 39026056 39038063 39038967 39051197 39034336 39031067 39023631 39026219 
67 39031839 38873177 39036928 39030078 39022812 39030584 39038747 39043056 39039402 39045724 39036133 39037054 39043230 39036376 39039707 39030512 39029275 39039386 39041755 39039227 39032278 39033900 39044756 39032753 39026580 39040378 39040109 39042807 39030887 39039653 39040511 39028786 
68 39012659 38873706 39035741 39039650 39034641 39032036 39019082 39025534 39033903 39029860 39033584 39027088 39026768 39030747 39031712 39022719 39036661 39035036 39041683 39023945 39033123 39036395 39043054 39030508 39027723 39032884 39032250 39037484 39044003 39036428 39027679 39037095 
69 39010962 38877143 39033946 39032782 39035860 39042450 39040187 39035193 39033966 39032490 39034352 39026749 39026909 39041678 39044481 39023499 39036886 39024953 39036198 39031581 39033576 39034241 39039688 39041365 39026381 39039404 39026921 39043069 39037213 39038901 39047147 39031398 
70 39008160 38892437 39043235 39033385 39039162 39034330 39042463 39043184 39034524 39034943 39038425 39028919 39035043 39048171 39046418 39036450 39023619 39024613 39027674 39036874 39040665 39037566 39033042 39040761 39033903 39032387 39035370 39030642 39046647 39025715 39027598 39036261 
71 39018003 38869359 39043837 39028985 39036881 39033913 39027101 39034835 39038661 39040837 39030911 39036377 39038325 39036530 39042982 39030445 39041535 39027768 39042230 39036769 39033731 39035490 39042711 39032347 39030422 39033261 39034796 39040048 39036233 39042963 39054957 39027599 
72 39025438 38883541 39042093 39030281 39020336 39044783 39039626 39032275 39032080 39034825 39033605 39034301 39026319 39029139 39034498 39019083 39043458 39027605 39043824 39046221 39036793 39040897 39033687 39029547 39040205 39033366 39048474 39033324 39042590 39041035 39037348 39039626 
73 39011754 38887542 39036153 39037059 39046116 39034924 39035790 39044463 39036053 39032075 39031972 39038235 39037714 39025962 39034189 39037868 39040778 39033356 39040605 39034757 39033718 39037606 39037427 39034715 39034693 39048063 39040453 39043910 39020136 39039434 39041649 39017134 
74 39020438 38886079 39057735 39029745 39038877 39031181 39025082 39044143 39049860 39029229 39039343 39047016 39042839 39035784 39040106 39021722 39026347 39036620 39046848 39036698 39040961 39035586 39039053 39038735 39044902 39027394 39018447 39041327 39044760 39034599 39015987 39040818 
75 39021184 38878153 39039678 39051612 39025943 39031165 39033915 39043119 39044451 39029411 39035899 39033524 39038029 39043506 39031791 39040789 39045307 39037290 39041062 39035344 39038149 39044802 39034800 39035815 39035872 39035163 39037179 39037406 39041421 39045302 39037076 39028393 
76 39025177 38888317 39047813 39033840 39038433 39039885 39038012 39037489 39041189 39036964 39040373 39033649 39035042 39039590 39033950 39031653 39036764 39033844 39031406 39040106 39036748 39023356 39043019 39043034 39033879 39044971 39043461 39049116 39045050 39032853 39034044 39035752 
77 39024312 38890820 39045029 39042542 39038352 39037772 39046722 39034035 39028307 39033963 39040474 39037536 39035272 39045853 39038450 39026504 39039189 39043547 39039650 39034813 39047332 39037860 39036178 39040398 39029847 39037176 39033951 39046714 39035638 39029712 39049246 39027477 
78 39013971 38878734 39045472 39036272 39034800 39030045 39042992 39038758 39029652 39043717 39037349 39045081 39035590 39023699 39040160 39026889 39039265 39037463 39037472 39029413 39028634 39037189 39031168 39037757 39040597 39037094 39040799 39042513 39049062 39033940 39026024 39037062 
79 39019607 38875939 39026887 39036908 39043317 39033916 39033558 39044901 39048425 39032003 39030954 39034862 39027839 39033715 39038010 39043255 39041194 39028488 39034892 39035270 39038313 39023397 39038774 39029965 39044297 39033458 39041936 39032532 39041974 39038611 39041530 39032222 
80 39035108 38879716 39041974 39033803 39044050 39037186 39042398 39042373 39039521 39035103 39039039 39037592 39038429 39044997 39043385 39045501 39038632 39036545 39040974 39032170 39034242 39035214 39042577 39040545 39044703 39037831 39033724 39040350 39034243 39038354 39026395 39034466 
81 39017546 38884831 39041612 39035951 39040904 39033178 39029646 39035737 39046232 39048244 39042141 39034508 39031049 39032349 39049226 39033529 39057663 39029131 39042002 39027570 39040755 39041534 39027637 39043410 39038653 39053135 39032527 39035261 39037442 39038861 39042843 39032329 
82 39021621 38876836 39033583 39043359 39042919 39044982 39044582 39037892 39043723 39032767 39038375 39046872 39031254 39035283 39034285 39026297 39047089 39045676 39034632 39042822 39041806 39041470 39032968 39032649 39034277 39042577 39038723 39036406 39035195 39046435 39033326 39029889 
83 39010559 38897971 39043550 39040198 39052259 39041987 39045753 39035188 39048453 39043934 39044224 39039326 39048449 39038519 39049206 39036482 39035652 39044695 39039021 39040240 39041825 39037258 39037872 39044525 39026583 39044295 39040458 39045824 39041439 39032833 39041677 39041894 
84 39019560 38887854 39033640 39045588 39049833 39033428 39032330 39038509 39045686 39032337 39045929 39039591 39036934 39039968 39046136 39036355 39035683 39017896 39030606 39036910 39048206 39052612 39033416 39040099 39032684 39048729 39046802 39039175 39040977 39033276 39029021 39046001 
85 39025657 38908110 39041760 39051230 39045958 39026618 39040086 39044781 39042190 39035023 39035653 39036851 39040101 39042695 39044584 39042652 39042206 39044078 39042597 39035288 39035708 39041484 39032286 39041157 39040726 39049540 39042994 39045818 39046693 39041597 39059513 39038433 
86 39022193 38882076 39033564 39041984 39033267 39034893 39038711 39038669 39039147 39042976 39037308 39054405 39033796 39050092 39032580 39034663 39041079 39050119 39044226 39034765 39040486 39044628 39050994 39035705 39046226 39039639 39036975 39047569 39047344 39044301 39036296 39039624 
87 39039234 38894437 39042273 39033122 39032148 39038003 39036264 39039551 39027732 39047508 39041332 39040339 39037227 39033460 39043853 39042649 39039043 39042004 39040827 39037398 39047511 39041551 39033175 39041369 39037396 39039939 39032526 39036195 39042925 39031103 39053480 39043203 
88 39021535 38892882 39045080 39045142 39042319 39042004 39040269 39041642 39042757 39032030 39040524 39044567 39031023 39038244 39034027 39038553 39032235 39049233 39053315 39040914 39050422 39048363 39028440 39047405 39048092 39035111 39042777 39047942 39038361 39038867 39033666 39047234 
89 39033272 38895682 39049144 39046536 39030054 39047675 39041398 39047762 39041294 39031537 39035056 39048004 39032129 39033161 39033211 39027466 39039307 39035829 39051063 39046293 39037551 39039494 39035963 39031291 39054872 39029008 39044012 39036079 39052706 39045712 39059158 39025681 
90 39028889 38883997 39035338 39050146 39043062 39045312 39037618 39061563 39041687 39036686 39041689 39046107 39040555 39046410 39043893 39025923 39033729 39046139 39035655 39041324 39043462 39036367 39052881 39042069 39028129 39039779 39048513 39036911 39047049 39033972 39035986 39041988 
91 39030335 38887746 39036629 39050767 39050987 39042638 39047853 39046100 39037010 39033149 39045198 39043925 39042407 39052322 39030384 39032533 39041494 39048956 39041471 39046401 39045994 39053400 39040383 39037743 39049291 39040240 39038030 39041661 39045832 39035971 39060382 39036712 
92 39035501 38894012 39039207 39043543 39044610 39036268 39044878 39037465 39031112 39045696 39056041 39046516 39052059 39040348 39043504 39036744 39036732 39039840 39049124 39042273 39035590 39040890 39044654 39050536 39032991 39036369 39041689 39041764 39034860 39046411 39032748 39047385 
93 39037736 38900213 39040147 39046527 39058649 39041123 39043242 39040328 39042098 39034320 39048719 39051131 39048588 39033032 39041029 39031402 39034133 39041730 39041304 39042935 39047579 39026488 39051011 39038753 39049340 39034762 39049870 39040539 39033064 39046410 39044466 39041246 
94 39017842 38899388 39047249 39047836 39035392 39050227 39035794 39053994 39036863 39036720 39039586 39035151 39042144 39041416 39039562 39038332 39047203 39038642 39040133 39028334 39042063 39045377 39045010 39043906 39034531 39037442 39048462 39046223 39045635 39031917 39037055 39046038 
95 39024160 38896467 39045424 39044059 39047285 39039012 39039850 39040833 39041183 39040774 39034929 39052494 39041490 39038959 39049718 39030739 39044763 39042052 39033825 39040780 39053296 39046031 39047083 39033250 39044646 39039742 39045388 39045355 39043410 39038662 39046709 39035588 
96 39048147 38898595 39042853 39042589 39038793 39044549 39042387 39043079 39034127 39046150 39042912 39053896 39041698 39054454 39039375 39039406 39061941 39043990 39052287 39043490 39038258 39044357 39047483 39042020 39037662 39041245 39035055 39043895 39034723 39040672 39030170 39036182 
97 39018311 38908582 39034887 39053648 39026942 39051761 39052554 39041814 39033272 39045426 39040963 39037662 39050265 39036440 39053064 39033861 39038199 39046522 39046988 39044259 39030039 39042337 39046158 39047839 39062671 39043359 39040140 39030036 39039108 39042875 39047821 39035279 
98 39029420 38901792 39049220 39047331 39047598 39047413 39037459 39033986 39039724 39056678 39048636 39050560 39046863 39042912 39045820 39041067 39029267 39046316 39051130 39047378 39036890 39037483 39040665 39047630 39034623 39047081 39052916 39036962 39039111 39047888 39036908 39038816 
99 39049153 38889529 39037426 39042358 39041280 39048039 39038562 39051244 39051927 39041974 39041379 39036046 39046571 39038067 39046183 39037069 39045723 39035845 39036537 39034006 39044787 39037333 39046927 39036427 39045176 39038640 39047386 39050271 39046482 39049558 39053321 39032905 
100 39047819 38888488 39054554 39041931 39037653 39031479 39046207 39037601 39038689 39037371 39032786 39041809 39049095 39044481 39045634 39032337 39044807 39050053 39047639 39053898 39050928 39049132 39050703 39047705 39045953 39044735 39039249 39051996 39043066 39038070 39031188 39041116 
101 39043676 38889063 39045979 39048457 39041280 39049303 39043266 39038460 39048940 39041705 39048905 39045685 39040593 39049382 39039763 39040673 39045143 39044486 39048569 39047436 39032279 39051243 39038386 39051085 39052199 39044480 39045255 39049709 39054387 39040468 39048027 39037822 
102 39031646 38911203 39040892 39050766 39055606 39041460 39044820 39044835 39030653 39039442 39037157 39044875 39054638 39046521 39034660 39025877 39043789 39050255 39053443 39042671 39030807 39043462 39043585 39042743 39045427 39048607 39037012 39043325 39038659 39049486 39039772 39045988 
103 39037707 38915048 39052884 39041649 39046980 39043862 39046274 39051236 39047962 39044906 39051467 39040188 39038546 39036123 39033587 39045036 39048978 39036493 39045984 39030619 39041168 39052882 39042168 39043430 39045625 39048537 39035345 39050575 39038554 39041152 39057392 39034816 
104 39039807 38911665 39045583 39061178 39045750 39055690 39037100 39047161 39054449 39046648 39059313 39044325 39036521 39042644 39040789 39051504 39043018 39047693 39045689 39044418 39049929 39042306 39046504 39031385 39044646 39046039 39042124 39043123 39047547 39048452 39031247 39040869 
105 39037702 38902833 39053530 39039898 39040926 39047152 39046374 39045720 39044038 39038890 39059666 39039921 39050273 39046953 39045987 39040666 39045930 39055167 39046499 39035018 39040790 39047920 39046902 39046260 39045699 39046609 39045763 39045271 39045948 39050371 39052222 39043322 
106 39036356 38905108 39039827 39060134 39055544 39042801 39049474 39053597 39046976 39049593 39036905 39048682 39045413 39063691 39039313 39032908 39051435 39055245 39053787 39055058 39039065 39042631 39054855 39049301 39056812 39042681 39046063 39041686 39038241 39051388 39046634 39045623 
107 39033223 38901177 39046400 39037392 39050561 39048653 39044173 39057620 39042255 39045419 39047681 39042620 39039645 39059666 39054544 39043529 39051507 39043936 39054106 39061414 39048252 39044268 39053715 39050203 39047133 39049530 39042420 39040849 39041783 39042744 39057497 39038166 
108 39041431 38905727 39040794 39056300 39046233 39037425 39045340 39049407 39032252 39044957 39040839 39054511 39044838 39046584 39038865 39040225 39043386 39051286 39040973 39043290 39054794 39053151 39048488 39044635 39051078 39048462 39043071 39033897 39052472 39048189 39043638 39040947 
109 39055837 38900938 39046681 39043362 39052666 39054472 39050903 39051010 39045465 39043653 39052121 39055379 39042551 39055027 39049383 39026996 39048251 39039548 39056083 39051778 39042376 39046587 39038720 39050470 39042290 39043401 39038199 39047634 39044042 39043217 39058334 39050170 
110 39049145 38895707 39051069 39045013 39041229 39047712 39041630 39045836 39056659 39048875 39046836 39046805 39055743 39050990 39050141 39041733 39059284 39042823 39052398 39043856 39047036 39049297 39044585 39041897 39053831 39055402 39048409 39045024 39049486 39051301 39032853 39043041 
111 39059029 38909806 39041587 39052656 39046304 39036840 39044594 39045995 39058246 39040522 39045809 39048012 39048187 39052649 39052919 39031334 39048275 39036170 39042388 39058084 39047647 39040853 39062151 39049296 39055309 39051567 39047916 39049566 39043169 39041414 39053711 39036429 
112 39055990 38899851 39048557 39054181 39054391 39048540 39051593 39034629 39055702 39050217 39049555 39046368 39036865 39037538 39046035 39033339 39044802 39047964 39048828 39054176 39033954 39050927 39055622 39045985 39053385 39057188 39051480 39045407 39058162 39046854 39028890 39049847 
113 39060800 38910864 39041641 39047400 39043305 39043085 39051055 39043396 39048483 39042997 39040011 39046724 39049181 39049551 39048111 39050643 39046192 39032872 39038142 39046334 39052531 39038544 39037318 39057796 39056967 39045560 39044915 39048183 39051729 39044751 39063069 39033416 
114 39055301 38903802 39052312 39046019 39053584 39044554 39050464 39050577 39056355 39051864 39060584 39061140 39041628 39036703 39049000 39038236 39036067 39043104 39034856 39036987 39049257 39056578 39045125 39046750 39041580 39037550 39046428 39047960 39027057 39050234 39029450 39055337 
115 39034636 38900664 39048535 39046695 39055128 39045766 39059795 39055155 39053890 39043774 39061012 39057920 39053553 39054789 39041012 39046541 39041588 39027628 39041398 39059035 39040352 39047630 39053969 39055618 39038784 39047694 39055246 39051323 39039953 39056438 39056361 39042185 
116 39048585 38899791 39058028 39046577 39045119 39044277 39051156 39055604 39054861 39043308 39052926 39043390 39053640 39048836 39043648 39043218 39043427 39055309 39052036 39047170 39041768 39043958 39047252 39042763 39050794 39058945 39048324 39043203 39050398 39055879 39036387 39044191 
117 39060645 38902932 39054818 39042605 39067738 39029601 39049839 39048896 39054593 39048528 39049990 39056977 39054411 39047250 39044807 39041800 39045076 39046520 39048419 39053240 39049400 39059465 39040551 39044889 39044180 39038877 39053733 39056672 39043402 39036608 39062901 39046178 
118 39055260 38892718 39032603 39064731 39043231 39067016 39047134 39047017 39047380 39047940 39058105 39058528 39049197 39063243 39050302 39041057 39048913 39051807 39049832 39048357 39056446 39051675 39028669 39054634 39051447 39039298 39045929 39048235 39049930 39046500 39040771 39048641 
119 39060606 38890165 39053272 39057515 39046482 39037832 39056898 39055511 39053475 39047996 39047726 39038799 39053666 39049637 39052742 39034828 39041668 39045994 39045521 39058169 39053259 39052073 39046032 39047987 39055489 39052247 39052449 39049617 39052275 39044901 39053347 39035504 
120 39055088 38900439 39044046 39034937 39064722 39047472 39046005 39057956 39047605 39058758 39048171 39042132 39049457 39054392 39056196 39040656 39053612 39043189 39050998 39045002 39054922 39052872 39046940 39049624 39055124 39050134 39050880 39059124 39049783 39034780 39044989 39042495 
121 39064553 38900921 39042513 39048698 39049446 39063674 39052589 39044953 39039025 39058642 39045195 39042740 39049397 39047991 39048783 39039944 39046538 39049531 39049198 39050458 39048802 39047782 39056688 39051276 39048757 39042816 39057771 39056698 39049454 39046493 39057783 39039435 
122 39055831 38894118 39052807 39046878 39052936 39052988 39055003 39052561 39055553 39051672 39043074 39059867 39052293 39051605 39053428 39048710 39045794 39047807 39052010 39053534 39052292 39050350 39056440 39054774 39046123 39049172 39049021 39042649 39052559 39048006 39048737 39034833 
123 39050791 38900955 39054481 39051566 39046538 39050386 39045025 39049532 39055458 39046836 39065380 39058583 39044570 39053352 39050314 39053264 39054642 39046029 39051055 39051305 39054086 39050250 39051571 39055664 39050848 39047126 39063303 39044925 39048571 39051869 39057715 39034709 
124 39062074 38898773 39055888 39053670 39048615 39051194 39053887 39044582 39048932 39045777 39047385 39046930 39050705 39061696 39055598 39048541 39053584 39049660 39059711 39044152 39058502 39064474 39052451 39047493 39050938 39044218 39044519 39059115 39046566 39048825 39049314 39052822 
125 39064341 38914677 39056103 39051120 39054616 39049800 39045763 39050414 39049883 39063457 39048056 39038642 39055460 39061336 39048754 39042166 39046541 39059622 39062551 39045572 39059336 39056922 39048994 39048238 39051764 39056909 39045768 39062129 39055585 39049235 39064233 39048042 
126 39058322 38918584 39058349 39054834 39054408 39046182 39059812 39055548 39050395 39057873 39051785 39057656 39049812 39054017 39055453 39048045 39052955 39058517 39049228 39047364 39049371 39055191 39060288 39051175 39061621 39044483 39051945 39052610 39063307 39050692 39053620 39050557 
127 39035477 38890812 39048138 39052138 39061319 39045920 39047311 39054925 39046560 39051051 39047992 39047418 39050896 39042185 39050486 39044758 39057705 39048251 39048835 39066950 39056864 39057496 39056554 39064527 39055054 39055250 39056357 39047814 39045772 39061585 39065477 39044764 
128 39041771 38903236 39060467 39056710 39046601 39051508 39058745 39057959 39065476 39067440 39069848 39048107 39061238 39055259 39076377 39058242 39061810 39060985 39053812 39050686 39053522 39043565 39049660 39058262 39063652 39051502 39053290 39050838 39054619 39058461 39056084 39049627 
129 38804704 38782451 39051182 39052311 39058453 39064531 39063112 39039340 39059931 39048671 39062080 39051657 39053434 39052372 39055448 39042367 39058589 39055997 39050401 39063555 39050004 39055548 39058082 39046575 39048734 39052243 39057795 39048469 39052464 39047477 39054523 39054542 
130 39124247 38909856 39049696 39054396 39050251 39057163 39056722 39058952 39033570 39057190 39058763 39069050 39050216 39051105 39043476 39049493 39059045 39063442 39053504 39057849 39055854 39059649 39057760 39054045 39044761 39055546 39063449 39058146 39052969 39055462 39041598 39049960 
131 39123511 38898156 39207207 39055722 39054170 39052907 39050952 39055941 39054390 39047269 39049856 39074008 39053820 39055302 39053158 39047665 39058333 39052083 39050650 39051162 39054445 39056869 39056276 39056672 39045683 39053882 39054524 39052407 39054290 39058671 39055892 39050040 
132 39125188 38906161 39063317 39052617 39052945 39051760 39052611 39050045 39062736 39053714 39054208 39059736 39057755 39054642 39059105 39046650 39061416 39051550 39053816 39048016 39049134 39065368 39050519 39066244 39066237 39045286 39052903 39056617 39059084 39064673 39041932 39058981 
133 39122159 38906577 39062004 39055540 39057980 39066957 39048097 39052445 39045919 39057110 39044421 39072407 39055674 39061958 39058040 39035517 39054965 39059887 39056352 39040208 39051513 39056238 39046864 39064251 39068172 39058626 39059718 39056252 39040811 39059489 39059600 39035363 
134 39118342 38914122 39059138 39062912 39060370 39053909 39062097 39059378 39061460 39063830 39059832 39051442 39052602 39057696 39049763 39051678 39064256 39052634 39049918 39058023 39057466 39051157 39064749 39053159 39059695 39050286 39050851 39045718 39045915 39048607 39053328 39057903 
135 39109707 38912310 39058084 39059374 39052945 39057264 39055173 39066583 39060271 39053083 39063881 39050414 39066652 39047387 39051223 39042485 39058160 39044752 39048420 39054260 39064365 39061206 39051776 39048285 39049842 39058769 39061011 39049366 39052395 39046879 39062469 39038269 
136 39112758 38912639 39067992 39049490 39044793 39059128 39051054 39046287 39038000 39055970 39053983 39058068 39056620 39044623 39048745 39058058 39055859 39050017 39058650 39051562 39055821 39047637 39063674 39058084 39056391 39048150 39051727 39049576 39066333 39053969 39056944 39045089 
137 39118856 38918950 39066210 39058810 39054110 39069611 39064686 39053858 39064070 39055893 39046016 39049087 39050774 39055111 39048384 39054792 39057114 39058262 39049882 39053042 39049354 39053185 39048920 39057240 39049678 39053872 39050622 39054002 39063591 39058813 39071013 39044550 
138 39137950 38909204 39051337 39046963 39050444 39047709 39062129 39067807 39064544 39064064 39059473 39053213 39060411 39062097 39061746 39058292 39060736 39053243 39050333 39052713 39054825 39061891 39046550 39062364 39059874 39058827 39050776 39053588 39064316 39050880 39043405 39047154 
139 39117710 38915856 39050342 39058850 39061042 39057870 39063085 39059476 39053918 39053151 39055187 39059708 39054404 39052209 39058431 39068030 39062377 39065515 39040223 39068791 39051221 39055802 39063569 39057878 39050626 39064342 39064388 39059411 39040341 39074255 39054832 39046010 
140 39128366 38923809 39063592 39058305 39055565 39061668 39064699 39051837 39059911 39060159 39062340 39060019 39058281 39050662 39062474 39045916 39064311 39065749 39055836 39048456 39060637 39065642 39060865 39059024 39063757 39053248 39063021 39057631 39051407 39065943 39051165 39045122 
141 39126926 38930244 39069138 39059819 39061662 39062091 39065497 39066597 39067820 39058322 39063040 39062144 39051907 39061125 39052601 39051288 39062130 39064023 39050805 39050627 39049878 39051940 39057574 39056854 39062649 39060219 39056596 39054400 39051025 39061237 39073092 39050544 
142 39130278 38904985 39056070 39047022 39054113 39051288 39059611 39060961 39056256 39068192 39056426 39057105 39050827 39058262 39069529 39054637 39057837 39056328 39048786 39061664 39063128 39050963 39059742 39055053 39053191 39063127 39052667 39050782 39058327 39060676 39044832 39051290 
143 39120945 38929262 39063638 39057166 39057913 39061913 39063936 39064731 39071940 39061590 39058481 39073017 39067149 39054748 39052840 39059251 39065684 39069645 39061487 39063502 39055152 39061696 39065636 39052077 39051713 39047276 39062198 39057984 39055826 39056051 39067590 39043905 
144 39143226 38926660 39072898 39065100 39055254 39052155 39053698 39053863 39056944 39052470 39062681 39058080 39058045 39058823 39053387 39047487 39067269 39054557 39058314 39068636 39062194 39063228 39059310 39053592 39056607 39061634 39065844 39061501 39057061 39058174 39043561 39054141 
145 39114693 38925125 39061248 39057967 39059608 39059886 39062321 39077712 39058205 39061863 39060775 39059928 39069467 39060849 39064258 39049951 39057349 39066814 39063614 39061139 39068986 39062964 39061053 39066637 39069768 39057997 39066576 39060842 39064765 39052194 39066588 39059496 
146 39119974 38918597 39070275 39071022 39053508 39055402 39072738 39056237 39055559 39066262 39052772 39056171 39058742 39062447 39052428 39052938 39054484 39062544 39064740 39059917 39061157 39053024 39059546 39051029 39063747 39063308 39053919 39062445 39071153 39048081 39057523 39055847 
147 39123858 38912721 39059596 39060547 39060557 39060608 39072215 39050657 39047333 39061144 39052464 39062858 39062087 39058536 39059091 39061233 39053028 39061082 39053092 39067971 39065801 39062429 39052967 39049786 39053192 39060676 39052657 39054681 39068644 39063370 39076136 39044874 
148 39134863 38923946 39066262 39061277 39056779 39047325 39055187 39055157 39065613 39056979 39054113 39067710 39065677 39065243 39070108 39047480 39056762 39062286 39060801 39061578 39071852 39059731 39053425 39059694 39062975 39060477 39056873 39061925 39060640 39057646 39055538 39057008 
149 39133489 38923421 39059114 39047662 39067614 39067167 39068363 39053149 39067144 39070869 39071773 39065985 39051885 39073353 39059127 39057695 39074539 39067273 39069819 39062390 39057000 39050072 39050327 39062859 39073045 39055068 39068637 39061253 39057116 39063643 39065774 39050326 
150 39128635 38932798 39062496 39059695 39066705 39063922 39066865 39057457 39055112 39060835 39068884 39069346 39064178 39048132 39066213 39055962 39054716 39065857 39044730 39052740 39060413 39054229 39059592 39059303 39052517 39052506 39059334 39058235 39061739 39057570 39045348 39067393 
151 39132100 38927573 39066878 39060885 39063824 39071306 39057286 39063864 39067158 39067012 39049725 39063237 39074920 39074215 39055713 39051452 39057856 39055236 39064629 39056241 39060026 39068589 39066975 39068355 39059723 39058480 39066321 39059581 39051144 39057524 39076817 39058249 
152 39129523 38920495 39066591 39063206 39062108 39057012 39059180 39068686 39065075 39060967 39058919 39066561 39055331 39052783 39060151 39056040 39065375 39064456 39065405 39070341 39065374 39066599 39054990 39054247 39058022 39071007 39058422 39055948 39064750 39070499 39056210 39068756 
153 39123717 38945167 39068248 39060426 39070091 39063912 39070251 39064970 39059359 39059351 39067281 39071586 39055318 39059840 39057307 39058597 39064603 39069926 39061901 39058845 39059053 39052824 39062097 39062663 39047236 39062991 39059794 39050691 39057253 39053228 39075373 39062925 
154 39128779 38942579 39063676 39065874 39066075 39080255 39065719 39055129 39062365 39065203 39066342 39072126 39067660 39062610 39058678 39049996 39052034 39071387 39054047 39066708 39054741 39066330 39058314 39067510 39077436 39067443 39064487 39056293 39057711 39064434 39058013 39061805 
155 39136959 38937865 39070878 39069112 39067533 39073682 39066597 39065598 39069388 39065741 39076404 39070618 39054551 39068290 39065144 39057241 39064355 39066578 39055325 39055400 39069386 39062842 39073155 39049950 39060694 39064983 39068373 39057959 39054680 39060579 39068036 39056430 
156 39131617 38937026 39065732 39067733 39050847 39060125 39066946 39053914 39073682 39071536 39060293 39067415 39064356 39070016 39070466 39062946 39067873 39057348 39067089 39067813 39067606 39054226 39067348 39071488 39063383 39071724 39067655 39058752 39055330 39065825 39056426 39052496 
157 39141566 38929690 39068180 39061312 39078073 39077998 39067745 39064968 39060564 39059442 39065687 39062710 39059058 39060817 39074416 39058935 39053333 39074112 39066712 39069471 39074227 39075880 39067064 39052485 39065108 39071758 39062353 39063635 39066412 39057353 39074672 39061548 
158 39121375 38937528 39060566 39066798 39067710 39055714 39056724 39069195 39066988 39059439 39075288 39058758 39066763 39051498 39063592 39050068 39065920 39063470 39059817 39074420 39072824 39063384 39071964 39060192 39061998 39065209 39060092 39057664 39054269 39061953 39046628 39067830 
159 39123651 38945423 39063007 39077948 39058477 39056277 39059380 39059601 39067661 39076952 39066031 39067953 39049178 39070350 39062756 39058685 39064576 39074706 39069774 39059664 39065432 39058885 39062997 39073116 39054707 39065090 39057030 39073784 39050253 39055669 39063589 39065381 
160 39136007 38942154 39061068 39058852 39062299 39058080 39072503 39071237 39065977 39064907 39065194 39070374 39067619 39065222 39070495 39061771 39072594 39059916 39059118 39069137 39069815 39056895 39053742 39059984 39057997 39059948 39055893 39063715 39070737 39069530 39060949 39053832 
161 39118980 38944825 39064424 39059887 39055065 39061860 39068137 39062896 39062735 39067527 39051190 39075908 39072814 39056882 39066875 39072037 39073022 39057733 39066996 39066880 39054062 39061859 39072663 39063597 39063901 39061901 39059146 39073535 39050932 39058098 39072128 39061096 
162 39137895 38939918 39058997 39065346 39068896 39065307 39055903 39059318 39058903 39067641 39059943 39062822 39057382 39062590 39057013 39063299 39055851 39069208 39064949 39085412 39064597 39074425 39061576 39064729 39056230 39071406 39064038 39078245 39074796 39065794 39058253 39063589 
163 39149734 38939198 39068457 39078669 39078093 39057679 39066338 39069958 39070119 39063375 39060001 39062820 39069877 39060311 39072334 39060668 39067147 39074311 39071998 39055983 39072586 39063078 39065260 39052937 39069439 39075444 39063621 39063280 39063509 39067371 39068314 39057144 
164 39135738 38934699 39065267 39065566 39070311 39070895 39068127 39067115 39073031 39077232 39069085 39064072 39068974 39066477 39071211 39062292 39068799 39077126 39063791 39060967 39073100 39067153 39066835 39074689 39060648 39067408 39069613 39071183 39060603 39067465 39055418 39054932 
165 39119077 38946532 39073580 39068686 39061194 39071221 39059740 39069897 39065186 39062923 39056882 39066313 39074710 39065751 39056683 39069055 39061454 39068967 39061754 39073142 39067990 39070078 39066577 39076559 39066353 39070288 39072552 39073622 39053534 39073626 39066693 39064110 
166 39117725 38943351 39076280 39073161 39075443 39070447 39058895 39059172 39072736 39074858 39058384 39058757 39072872 39072000 39071175 39065444 39074656 39064417 39068848 39074962 39077177 39074783 39069284 39065004 39074476 39063495 39055956 39078402 39070075 39058952 39059627 39054898 
167 39133375 38942666 39072764 39065967 39065398 39068338 39072055 39059494 39066452 39062150 39079174 39067562 39065270 39064277 39072861 39063811 39067479 39067325 39078579 39080828 39078552 39070199 39069027 39067694 39078153 39072302 39073963 39057470 39079172 39058825 39064562 39069671 
168 39128393 38943098 39069525 39074601 39069044 39079281 39068874 39063526 39075546 39068826 39065389 39065470 39067665 39071324 39076309 39064332 39061148 39067759 39066867 39070034 39059889 39070124 39063993 39071134 39058334 39063806 39076327 39067333 39058492 39073396 39057523 39072385 
169 39127855 38944128 39068906 39070920 39070482 39086093 39077660 39073142 39060204 39071145 39076866 39067552 39077244 39068080 39072357 39054016 39070628 39069487 39081668 39075385 39079846 39069229 39070733 39073777 39074373 39073939 39066966 39066049 39078330 39069348 39067192 39054878 
170 39123655 38932678 39071105 39068189 39061441 39055878 39065731 39072379 39071340 39066938 39087154 39074184 39071951 39087218 39076174 39065292 39063213 39070358 39062295 39075848 39064613 39070259 39074504 39068824 39074174 39063518 39071377 39066444 39072378 39071008 39056228 39064838 
171 39125793 38947772 39079306 39076442 39069924 39078568 39076249 39079839 39078310 39069183 39070166 39059289 39074816 39066568 39072490 39067784 39067148 39074608 39055419 39070547 39070694 39074564 39067483 39068967 39070922 39060771 39076467 39072735 39064039 39062419 39071042 39058904 
172 39128998 39102368 39075251 39071143 39075037 39076565 39076256 39073761 39075586 39076745 39067119 39067027 39074290 39079297 39066467 39050028 39061500 39065947 39063011 39065966 39070211 39064791 39061828 39073314 39081302 39078293 39077112 39067932 39071050 39070522 39061235 39061691 
173 39125214 38944425 39072352 39074796 39061977 39067517 39072206 39068265 39061892 39077562 39079488 39082093 39080530 39063702 39081703 39065248 39076955 39076441 39071274 39072621 39066307 39055685 39071458 39074492 39069630 39073889 39072918 39068314 39069433 39071850 39074501 39063638 
174 39118493 38949387 39079063 39074706 39069195 39075203 39072764 39066672 39065000 39078344 39062236 39073303 39065546 39066462 39067547 39069024 39065555 39072790 39079096 39068392 39071559 39066674 39081631 39076431 39073192 39069521 39075193 39064099 39075855 39070371 39064180 39069558 
175 39128220 38949016 39080407 39085024 39080521 39070397 39078015 39070477 39074999 39074294 39063048 39080404 39077203 39069033 39070052 39077788 39061197 39074875 39068638 39081931 39071479 39055132 39078635 39070405 39066718 39074224 39070474 39073350 39071940 39069754 39085269 39070431 
176 39139255 38949442 39081663 39086219 39075606 39069974 39072886 39080635 39076715 39073737 39071025 39065962 39074724 39063961 39066026 39076736 39059592 39069175 39065321 39069956 39075789 39066144 39067755 39064833 39068597 39082492 39087574 39067641 39069598 39073891 39058021 39072496 
177 39104027 38970593 39067787 39071544 39070642 39076739 39064698 39070477 39076818 39079929 39077552 39066524 39071392 39081807 39071668 39067242 39065148 39072707 39063420 39066528 39075342 39074309 39083279 39066777 39077481 39076945 39085617 39074719 39068836 39061091 39074357 39057428 
178 39125722 38941608 39057072 39074065 39078029 39075554 39082567 39077346 39069940 39074551 39073709 39067443 39084297 39079336 39072134 39068489 39078000 39072940 39072750 39077172 39084741 39077514 39069138 39078627 39070493 39070283 39062906 39070016 39075358 39064048 39067668 39078497 
179 39109222 38956061 39072209 39076764 39075628 39071638 39074329 39075647 39088516 39076032 39075516 39073259 39077590 39075022 39073704 39075660 39068951 39073944 39071519 39071017 39076584 39068997 39057756 39081055 39064012 39063635 39068714 39075978 39072646 39077979 39079682 39075841 
180 39121975 38939988 39080622 39067426 39074823 39078566 39071566 39076177 39076850 39076280 39073154 39083514 39090353 39080560 39069707 39062667 39065657 39077421 39076468 39072256 39071860 39073610 39071310 39067890 39075008 39068156 39061894 39063241 39075274 39078807 39060623 39076764 
181 39117356 38962606 39079578 39068881 39071484 39079902 39076950 39076464 39077349 39082362 39063503 39068417 39074585 39083752 39077437 39065442 39067405 39069938 39066618 39077450 39075722 39073336 39072728 39066856 39084426 39068012 39072374 39077264 39071097 39075503 39078542 39059692 
182 39129002 38945877 39069515 39083532 39090037 39072727 39084470 39072674 39074849 39074304 39080297 39074232 39072088 39087102 39095744 39060356 39079273 39077717 39072244 39086648 39076490 39077937 39080848 39066459 39070651 39069171 39068113 39077547 39063213 39078120 39069441 39078401 
183 39130751 38951395 39075439 39072445 39077160 39080307 39083292 39081749 39069923 39077234 39083550 39084622 39068768 39082125 39081026 39068679 39074738 39076698 39079216 39067205 39078170 39073189 39065191 39073526 39079417 39077375 39074717 39079850 39075386 39065744 39085250 39069183 
184 39124164 38946174 39079870 39072267 39081694 39078382 39081817 39070938 39075147 39075445 39078498 39074301 39092579 39083269 39078534 39068360 39072378 39068290 39075777 39063526 39077069 39067217 39073693 39083291 39075725 39067792 39074608 39065186 39072318 39077426 39072662 39066975 
185 39118998 38965354 39077057 39075988 39076327 39083317 39081523 39078954 39067829 39070607 39075759 39073547 39092080 39073310 39066241 39076758 39065333 39088110 39069603 39072318 39070916 39085310 39070137 39081510 39075763 39071743 39072765 39074512 39069732 39069165 39079816 39067435 
186 39116723 38956263 39071284 39076756 39077314 39074842 39080326 39081967 39089886 39083688 39068200 39080713 39090410 39077384 39076147 39068835 39071199 39081132 39077596 39080339 39066159 39074264 39075752 39067733 39075146 39079073 39076904 39075278 39075837 39075794 39076878 39062095 
187 39119924 38958104 39089621 39077077 39085956 39084968 39076537 39076022 39081435 39076311 39090332 39100081 39070435 39068161 39087105 39069747 39071616 39072923 39079519 39068593 39070136 39065273 39080494 39080405 39066709 39087412 39081932 39080992 39078658 39071760 39077684 39062492 
188 39124963 38950750 39089831 39080334 39071434 39087847 39085890 39080366 39074141 39086720 39080021 39076588 39082411 39080129 39094603 39073346 39071629 39086434 39068323 39077424 39075053 39062427 39076849 39082100 39066513 39075299 39077517 39079582 39078973 39069415 39074755 39054973 
189 39118122 38956607 39087942 39086139 39081693 39094642 39082725 39092234 39074470 39071825 39076907 39077553 39082677 39073227 39079566 39065670 39079627 39078325 39072074 39083943 39079805 39084309 39071610 39073206 39081641 39081565 39074246 39088548 39080948 39074809 39086389 39077079 
190 39108938 38971691 39076042 39070343 39085743 39078997 39090592 39085021 39083840 39078316 39073197 39067875 39069207 39073785 39075340 39068152 39066990 39079592 39071117 39075766 39076747 39088697 39076609 39085205 39070026 39084411 39074939 39086167 39076484 39080660 39085923 39075921 
191 39104703 38947720 39078368 39079543 39089352 39089031 39086259 39069598 39090703 39084027 39068488 39083478 39090060 39076825 39073399 39073393 39089364 39074687 39077714 39080698 39079282 39086717 39079037 39078301 39083715 39069829 39075941 39077088 39085219 39074105 39076460 39072681 
192 39138265 38956615 39075481 39082148 39088076 39075228 39082442 39085371 39084221 39091773 39075861 39085210 39076366 39084065 39083021 39079421 39086251 39072736 39076841 39087090 39076706 39077744 39079145 39080633 39078127 39079415 39084764 39082569 39082580 39082301 39083284 39074994 
193 39092591 38967677 39091796 39076350 39081345 39088630 39076082 39085363 39094987 39086961 39077142 39079115 39079581 39089545 39084715 39073241 39073570 39086619 39090068 39074567 39077086 39086673 39065975 39082363 39068909 39079644 39069769 39074489 39075306 39082815 39093571 39075967 
194 39104310 38950697 39081435 39077573 39074515 39088402 39084953 39085831 39078820 39083997 39089147 39092249 39078144 39083811 39092135 39070656 39088829 39079966 39079045 39076549 39092399 39088902 39077689 39084884 39099138 39069791 39090004 39073933 39078890 39080324 39076554 39084292 
195 39117041 38964055 39072829 39078327 39080453 39077502 39075852 39083160 39077998 39087191 39083273 39086162 39072817 39094262 39077211 39069831 39078989 39081164 39084980 39076872 39087478 39077826 39078706 39072363 39087977 39078226 39082749 39086731 39081351 39071966 39081511 39074591 
196 39104630 38973255 39083479 39080033 39086409 39076935 39082540 39083601 39091599 39088484 39094149 39073334 39073001 39086736 39075325 39078602 39079084 39081267 39080256 39087382 39083882 39083100 39081101 39085864 39084642 39073666 39076836 39079900 39080243 39072596 39070499 39076777 
197 39103809 38967516 39079883 39089992 39093210 39078021 39066243 39081966 39087917 39094399 39089963 39079967 39085560 39097432 39089968 39083738 39084899 39087770 39086959 39090139 39082831 39078183 39076231 39082076 39083030 39074625 39076014 39081242 39081778 39080791 39088786 39071775 
198 39106167 38965288 39092097 39073044 39099469 39086661 39084668 39088449 39086812 39081080 39094005 39106742 39089109 39072869 39086633 39069053 39077756 39086950 39080200 39083558 39078618 39081301 39084363 39082033 39076885 39091457 39084892 39089741 39086011 39084828 39075569 39079468 
199 39100682 38966745 39089765 39081850 39092354 39090951 39072476 39082415 39079221 39087260 39082231 39094954 39085648 39096458 39087192 39084607 39089519 39095421 39084978 39084349 39078305 39092170 39084056 39081639 39098007 39072791 39086000 39079036 39084586 39089390 39088249 39077823 
200 39104123 38961142 39093678 39090980 39085455 39077162 39083178 39087836 39082781 39083107 39084984 39096411 39078072 39078611 39084637 39081596 39095340 39089511 39080422 39084547 39077364 39092823 39087455 39089101 39097187 39085076 39091330 39093221 39091653 39077563 39088482 39081040 
201 39108192 38976745 39090607 39089947 39081090 39088644 39097801 39090533 39090756 39080180 39090053 39087254 39092221 39083206 39098115 39088796 39088976 39078011 39098608 39090263 39086072 39083319 39079786 39081086 39078258 39084822 39083218 39077432 39084442 39079280 39086599 39065562 
202 39105785 38959809 39096457 39086442 39078024 39094709 39084155 39089587 39090534 39084367 39081655 39091441 39078178 39082704 39092659 39073398 39099556 39100905 39082086 39082140 39085488 39083518 39083963 39090349 39079372 39080200 39081106 39083366 39075146 39099885 39073757 39076390 
203 39105239 38963004 39087496 39095840 39087695 39089032 39086477 39101547 39081657 39083424 39089327 39087953 39088814 39085108 39092313 39082721 39084136 39081698 39093414 39083202 39089683 39095492 39107389 39087358 39093441 39077322 39084133 39080513 39090043 39091179 39090616 39081825 
204 39102843 38967340 39098488 39088592 39086402 39090209 39098836 39092508 39096598 39086082 39082527 39090312 39086577 39088678 39079635 39092171 39099847 39083341 39089809 39089892 39084758 39091021 39088255 39082283 39091144 39071640 39096647 39092805 39095627 39087614 39077315 39069751 
205 39089454 38968650 39090237 39087776 39083255 39097659 39095303 39098965 39097050 39092745 39091562 39093628 39089181 39094497 39091055 39087092 39076447 39077127 39095389 39088735 39096129 39085873 39097081 39087872 39083340 39095404 39085285 39079305 39085192 39088238 39081819 39082162 
206 39100848 38967691 39098614 39092919 39088201 39080553 39091572 39092051 39092008 39109124 39081604 39074855 39086809 39085096 39085614 39076338 39103580 39093265 39094717 39086451 39079807 39090230 39097705 39090162 39079097 39088635 39082905 39090802 39085591 39078598 39071160 39084513 
207 39092616 38952437 39085871 39100709 39088058 39097555 39086952 39100915 39087322 39077520 39091749 39085467 39096657 39085066 39083569 39085196 39092421 39089027 39091338 39098043 39089429 39098748 39096537 39090192 39089210 39094199 39096094 39082575 39078703 39082305 39095335 39075582 
208 39103330 38969545 39086118 39096165 39081347 39099855 39088484 39090690 39098005 39090664 39089052 39081494 39090055 39087445 39091999 39090378 39090567 39091853 39100194 39085175 39086571 39088596 39067405 39086682 39088371 39087000 39079622 39087935 39074829 39078933 39072538 39082038 
209 39080467 38973312 39093384 39096520 39083459 39098500 39111267 39093696 39089625 39094475 39096488 39097548 39096511 39089811 39085417 39088486 39093438 39089838 39092817 39093729 39096357 39082912 39090408 39088621 39088013 39083505 39088013 39088323 39089782 39095740 39093847 39086280 
210 39085178 38953584 39091329 39094380 39089771 39096654 39098857 39096632 39102036 39100066 39087768 39088099 39096953 39098598 39093376 39082428 39090841 39092483 39086246 39094882 39087923 39094419 39084681 39081585 39084310 39094298 39096441 39086346 39084724 39086213 39088013 39081568 
211 39093224 38975757 39101533 39097188 39091780 39095063 39098693 39090963 39083749 39100279 39099180 39091376 39086431 39097223 39095451 39076766 39095349 39097835 39091303 39090119 39093697 39100534 39089130 39085096 39094598 39089129 39084521 39100574 39090020 39091111 39106509 39096349 
212 39071686 38955786 39091945 39087104 39098357 39111004 39098168 39098870 39092543 39099399 39106067 39088230 39087421 39093708 39104891 39083087 39093339 39090870 39095514 39096995 39091281 39097750 39103443 39103002 39081333 39093665 39096591 39086206 39086811 39091195 39073697 39081625 
213 39086885 38966373 39094096 39104996 39095340 39100394 39098796 39096868 39113297 39098158 39088930 39095254 39099903 39096168 39098713 39082746 39095883 39089587 39086871 39085991 39095818 39090427 39091525 39088681 39087961 39093211 39094125 39093135 39084054 39089935 39096011 39080849 
214 39083608 38959296 39103411 39101869 39104145 39094037 39099422 39100345 39102237 39086396 39092279 39093835 39090673 39084575 39088184 39100718 39086291 39079599 39096315 39090201 39097316 39097735 39101710 39088195 39104380 39100399 39087970 39089451 39085710 39082335 39088598 39097851 
215 39079281 38977558 39104253 39088451 39114298 39095252 39083708 39099464 39097019 39094923 39102265 39093077 39101669 39089804 39099935 39096202 39098923 39098239 39089503 39086392 39084864 39099908 39087103 39093747 39094321 39084005 39090016 39095736 39107113 39093658 39093976 39076981 
216 39090327 38954893 39096781 39098331 39098001 39090709 39102674 39099296 39099630 39104664 39090116 39088436 39102885 39086619 39095799 39092723 39094188 39091643 39087188 39095052 39095867 39096663 39089635 39089781 39095383 39092844 39092976 39083089 39097533 39087913 39085998 39095543 
217 39073052 38964140 39104521 39091235 39096570 39095865 39098395 39088696 39091130 39093722 39098119 39093366 39088119 39084371 39089119 39084331 39100471 39101710 39096427 39090160 39090477 39091385 39088380 39092937 39093041 39096376 39095350 39082779 39093295 39097150 39093308 39087169 
218 39079029 38967640 39094939 39106689 39098737 39099133 39089573 39103250 39109984 39095945 39099411 39102314 39105393 39087891 39094001 39078176 39089494 39098875 39094282 39096528 39098839 39093512 39090557 39089495 39091856 39098474 39100413 39096137 39090737 39083843 39078127 39091687 
219 39067761 38976686 39093458 39101445 39100963 39101271 39094820 39095567 39100528 39107379 39092185 39084607 39103396 39100880 39108984 39085360 39101450 39091271 39097566 39101700 39102509 39092806 39090919 39088184 39101769 39096239 39098107 39100466 39093506 39091902 39095848 39081126 
220 39064707 38963465 39090949 39096683 39093276 39102795 39098453 39098226 39098182 39098305 39101952 39101641 39101284 39097517 39107869 39088445 39101763 39108052 39100853 39103838 39089396 39092763 39078434 39103538 39092878 39095016 39097855 39086266 39106589 39100137 39081036 39086656 
221 39084769 38968475 39105808 39099538 39105423 39095687 39108534 39101053 39102322 39098188 39085597 39099666 39096647 39102238 39087791 39104958 39086653 39098867 39098135 39101120 39096344 39098089 39098910 39093343 39096747 39095876 39093553 39092275 39098345 39099933 39095366 39090170 
222 39070025 38985275 39100899 39100460 39103768 39102364 39102854 39084680 39098805 39102783 39109184 39104034 39104087 39102370 39097506 39094406 39095127 39091213 39104419 39097372 39093164 39106789 39103490 39104848 39097203 39096006 39093108 39092523 39084404 39097636 39088076 39088378 
223 39058989 38979743 39108980 39109404 39108147 39111273 39098469 39092468 39093497 39107174 39113160 39097711 39108488 39098541 39093559 39101107 39100270 39108345 39095975 39091593 39082107 39107113 39101549 39113747 39105131 39093118 39107923 39096295 39097920 39092613 39101617 39100809 
224 39062242 38972732 39114510 39107171 39108974 39099086 39101408 39104416 39099580 39097263 39108500 39097781 39109391 39108100 39103009 39104400 39095210 39099603 39105126 39096629 39102524 39101460 39107551 39111904 39096042 39101521 39089615 39092629 39100403 39089571 39100237 39998069 
225 39039539 38983108 39102668 39105405 39108603 39115671 39098196 39103287 39096329 39100577 39106167 39103160 39098572 39105527 39094373 39101088 39096694 39095952 39104724 39090622 39092565 39098720 39106975 39091166 39101436 39104226 39089324 39101833 39095322 39100944 39086015 39084493 
226 39056726 38972981 39100588 39099976 39101045 39093841 39104103 39092547 39097662 39098231 39096804 39102835 39098938 39105524 39097918 39094774 39101928 39098150 39109276 39100716 39097529 39106715 39099039 39104435 39093104 39102679 39095594 39098111 39088820 39105341 39087579 39105242 
227 39061548 38980734 39101808 39095211 39119069 39117924 39105695 39092210 39100978 39101785 39085859 39109091 39091155 39098260 39100041 39091387 39094876 39099374 39100022 39095992 39098023 39100516 39091961 39099785 39102740 39085428 39095461 39092802 39099165 39099875 39101212 39089417 
228 39046413 38973471 39095555 39108854 39098134 39115336 39102549 39107395 39110809 39105497 39101172 39102784 39104023 39109867 39106949 39093699 39097769 39096931 39096545 39096631 39100102 39106865 39110756 39095329 39100336 39099483 39094090 39108508 39094575 39108008 39094156 39097949 
229 39044910 38972306 39108736 39118587 39099625 39105484 39103799 39100336 39099203 39116550 39102033 39098781 39097655 39110053 39099274 39098181 39109994 39099494 39101693 39107834 39099338 39092119 39097953 39094059 39105785 39094670 39102566 39106366 39108520 39097421 39085268 39101444 
230 39045433 38981985 39098583 39113756 39102543 39101544 39108332 39106728 39110603 39092643 39093985 39109734 39098177 39109683 39106857 39097426 39105871 39111618 39108184 39096751 39106664 39095892 39109673 39106008 39104309 39105648 39108818 39097567 39102110 39105118 39090545 39102961 
231 39045143 38972219 39115616 39114427 39117934 39116734 39101348 39115268 39107401 39102188 39103942 39102279 39111842 39101669 39102900 39102369 39101438 39112919 39102793 39102198 39108362 39109709 39105221 39114533 39096556 39104266 39102734 39099958 39096169 39108070 39094433 39106147 
232 39048319 38957412 39102660 39104043 39112930 39120871 39102252 39100351 39107904 39100668 39115621 39104578 39101786 39102691 39105619 39085491 39115375 39099721 39111658 39110224 39114041 39091124 39105104 39108360 39097565 39099685 39106612 39115772 39121468 39108282 39099859 39108997 
233 39031939 38971723 39109233 39102651 39108971 39113366 39118764 39126775 39095194 39108652 39104857 39107430 39112264 39107828 39098741 39101116 39102948 39117418 39094563 39108117 39106087 39099864 39098876 39098892 39096421 39112448 39107399 39086578 39111298 39095049 39103732 39108939 
234 39032126 38967591 39116932 39090659 39104957 39100665 39106006 39098666 39100106 39119253 39109668 39103013 39110093 39109810 39111969 39085219 39105837 39098529 39109486 39100675 39116699 39100880 39104637 39104268 39115717 39108491 39107986 39112145 39115024 39111208 39092691 39099344 
235 39027639 38968883 39105669 39114856 39092504 39108181 39103299 39105576 39109141 39117622 39114088 39110319 39099125 39102933 39112461 39111485 39105952 39108569 39114402 39117762 39110043 39110532 39104428 39098679 39104206 39106140 39103499 39104321 39103601 39107715 39096961 39102343 
236 39036158 38969147 39097643 39115466 39114296 39118206 39113694 39107834 39105949 39120960 39089606 39110920 39106750 39109305 39109615 39100374 39115252 39107382 39111234 39114985 39117943 39103023 39108817 39101674 39104656 39111881 39101533 39095608 39107291 39107752 39104418 39107268 
237 39030410 38973433 39106921 39119680 39119248 39109368 39110009 39112783 39103862 39111666 39108219 39108946 39112826 39117452 39104484 39106654 39114588 39116091 39106083 39107444 39103146 39100609 39103437 39100134 39098337 39094874 39102139 39105320 39107161 39116862 39102171 39107535 
238 39019577 38970159 39125609 39112370 39116054 39118448 39113404 39115051 39119332 39106392 39112667 39124015 39110410 39109483 39095848 39102321 39109942 39113076 39111888 39110772 39115278 39111242 39107834 39107073 39115794 39103515 39100680 39102797 39096052 39113948 39099983 39121614 
239 39013912 38974135 39124995 39112989 39114296 39113405 39112980 39107241 39116101 39109029 39114697 39118485 39109598 39119121 39101410 39108357 39108686 39094244 39104494 39113876 39098221 39108947 39109698 39100859 39093073 39107199 39116297 39098846 39110041 39098864 39109481 39110649 
240 39027023 38972862 39119216 39113959 39119132 39117496 39116990 39113160 39119124 39110223 39117779 39105788 39111578 39117143 39110381 40447375 39125518 39105561 39110305 39106863 39119607 39114324 39098924 39117138 39102349 39108959 39111340 39114091 39129576 39108016 39106885 39103006 
241 38993223 38990524 39107929 39109791 39113035 39110732 39113471 39108575 39121578 39118367 39102254 39111039 39108938 39107597 39114795 39112907 39106745 39119678 39114454 39123725 39113880 39112948 39104331 39116203 39114948 39112746 39110448 39107140 39115999 39112468 39117873 39118496 
242 39015298 38970662 39126032 39104038 39119809 39116485 39110403 39127005 39111090 39109740 39110099 39118433 39122211 39121778 39112698 39119845 39115587 39111780 39117255 39103188 39115821 39108735 39117024 39102591 39113579 39111525 39105521 39112174 39102230 39118992 39099340 39114859 
243 39024936 38968714 39112702 39115818 39113895 39107841 39119231 39120602 39121625 39114993 39114458 39113553 39125745 39111943 39119068 39131913 39117272 39115292 39114301 39110968 39104932 39117638 39122409 39110115 39094685 39113619 39114564 39108514 39116240 39100977 39106501 39097707 
244 38995877 38976155 39114596 39123977 39111785 39129316 39122500 39121774 39118238 39113632 39121593 39120335 39117479 39115111 39106231 39119641 39121397 39113264 39114584 39120995 39129066 39121356 39116685 39119007 39115495 39112380 39111173 39119841 39108399 39123401 39105932 39121415 
245 39006825 38975720 39126139 39111710 39123025 39128040 39121781 39118058 39113710 39110936 39112761 39120395 39114675 39116185 39103671 39131686 39110632 39118469 39105517 39123313 39117117 39106300 39127670 39109377 39109196 39121219 39101986 39106397 39104787 39109277 39125292 39106251 
246 38995669 38974387 39116416 39126211 39126243 39120365 39112409 39123148 39115584 39118461 39121873 39114126 39116952 39117987 39110704 39127310 39117682 39116154 39100774 39116457 39113052 39125198 39113544 39111921 39115656 39117299 39114602 39106534 39116602 39117750 39110974 39120809 
247 39004767 38975296 39113563 39119061 39119443 39113908 39125103 39116383 39110752 39130027 39111488 39118472 39115089 39111201 39123789 39124519 39118190 39121691 39118747 39110564 39117836 39123919 39098497 39110942 39114038 39109207 39115362 39105546 39107885 39118155 39119347 39105608 
248 39002757 38977107 39112225 39124467 39121891 39113698 39110467 39123808 39114667 39117516 39121494 39120250 39125965 39121195 39120049 39116735 39122086 39126073 39116050 39121235 39118498 39117980 39113295 39119231 39118643 39112686 39099503 39120353 39128821 39105616 39113816 39120851 
249 38986630 38979221 39124104 39109326 39124793 39116509 39129841 39120064 39124707 39128669 39126749 39121396 39116714 39130909 39120836 39121178 39119659 39115844 39117737 39123441 39122698 39124943 39119322 39125469 39111465 39101728 39117089 39118621 39109914 39116458 39114540 39112424 
250 38994056 38980866 39114154 39124660 39130886 39128515 39123182 39120702 39120145 39118470 39116834 39118781 39122400 39124074 39112083 39127086 39120438 39108700 39117748 39123176 39119754 39122731 39112184 39116997 39118853 39115986 39129470 39109116 39106214 39103365 39127696 39110618 
251 38987995 38975084 39118260 39110587 39122833 39120196 39122184 39136083 39129849 39115547 39123723 39120589 39111957 39125820 39118128 39128088 39122825 39117755 39113623 39122262 39114151 39115752 39120769 39109495 39115185 39128000 39119730 39122628 39117165 39117492 39119936 39109796 
252 38981316 38978670 39125841 39124265 39125775 39129691 39127002 39131721 39131994 39124527 39128597 39123321 39113394 39124992 39118848 39121898 39111821 39114878 39119202 39121546 39114246 39118510 39105663 39126486 39122570 39131015 39111611 39115974 39119510 39124467 39120487 39129908 
253 38970787 38981061 39136232 39125465 39126512 39128951 39130953 39121191 39125812 39125314 39123333 39127140 39121146 39123740 39120657 39129507 39116894 39118078 39123987 39129893 39116247 39116475 39109673 39133742 39122906 39116315 39112780 39126359 39118657 39119336 39121704 39120381 
254 38985621 39011738 39132326 39117107 39125136 39118427 39130947 39120662 39133405 39143207 39120839 39128840 39116669 39127248 39120694 39132320 39110258 39130188 39129977 39137169 39111378 39131226 39127215 39111130 39118721 39122785 39119496 39119978 39125690 39123325 39113950 39114716 
255 38966441 38976599 39135771 39133581 39124527 39125937 39127079 39120464 39124160 39123748 39133207 39121158 39126875 39110910 39120175 39118807 39122940 39122607 39134436 39133375 39114413 39133573 39112430 39116114 39126823 39122062 39122641 39123875 39122951 39126222 39118599 39111398 