1941659
969158
963163
969149
971882
972196
969807
971401
969827
970057
972128
970633
970722
968870
970869
972204
969598
970806
971430
967984
967276
968667
970638
970287
970228
969090
971710
971858
968122
969085
971779
972289
971628
971616
971213
972635
972674
972604
971981
970399
971296
971779
971655
972290
970579
970118
970216
974135
970828
970219
972464
971668
970569
972020
972354
969555
972200
971582
972509
971078
971482
970972
973982
974648
972193
974428
971439
971706
971651
971855
973589
971885
972429
971243
974327
972876
972926
972407
971726
971771
972950
972472
971770
972887
979029
972309
972212
972652
971781
972819
972152
972064
972489
971050
973309
974136
973551
971589
972709
974094
974862
974878
973546
973504
972487
973317
972437
971181
971332
971998
971819
971164
972819
972401
969745
972137
972026
973825
973172
972273
971172
973707
971168
973556
973401
971548
973017
971666
973716
969251
970570
971751
972479
973375
969916
972117
972393
973233
971567
973249
972799
975047
972464
973388
973104
971586
972125
974150
973377
974326
973039
972000
971797
971563
972797
972010
974942
973241
973543
972757
973387
973784
973670
973408
973752
974058
974832
975090
973040
972271
972346
975080
978595
972857
974313
973378
974864
973367
974010
972463
971551
972882
973504
975043
974452
973723
976165
973064
974538
975249
973750
976425
973569
973986
974054
974592
972817
973083
974493
972725
975114
975239
975322
974438
972893
973205
973237
974552
974864
974356
974426
973508
974053
973100
973102
972311
975740
974728
974836
973127
973496
974725
973273
973510
973541
975871
975669
975464
975492
972906
972808
974051
973616
973994
973320
974297
975668
974745
978587
976826
973019
975567
973239
973398
972132
974705
974246
973956
974169
972735
973569
975806
975348
972903
978015
975128
