n P1 P2 P3 P4 P5 P6 P7 P8 P9 P10 P11 P12 P13 P14 P15 P16 P17 P18 P19 P20 P21 P22 P23 P24 P25 P26 P27 P28 P29 P30 P31 P32 
0 19496759 39085644 19586584 19669360 19658201 19664813 19668309 19660173 19660532 19662615 19661652 19657000 19653207 19651347 19652356 19663610 19656877 19651165 19650697 19642985 19641234 19653768 19647290 19647449 19643355 19669109 19649715 19640512 19643599 19641638 19650434 19646193 
1 19575872 19408280 19569578 19551833 19544047 19550548 19548532 19558803 19549610 19546775 19554510 19552526 19544003 19551123 19554606 19555128 19559480 19552571 19544786 19551806 19560422 19549798 19559980 19557059 19544885 19548179 19559116 19550133 19551229 19552295 19555795 19545229 
2 19576046 19303345 19543706 19619740 19549868 19558535 19547067 19557775 19545608 19541746 19564505 19550023 19553303 19555191 19555242 19549022 19550489 19555463 19548380 19539226 19547256 19547007 19549429 19548589 19543845 19553037 19558986 19542838 19555747 19562054 19541459 19552504 
3 19590437 19439906 19588548 19543939 19552688 19564657 19548547 19548357 19557931 19568875 19547681 19554288 19544553 19550787 19548384 19551483 19560437 19554437 19561737 19552022 19552729 19544095 19551842 19561706 19548766 19545821 19547904 19554863 19549075 19540321 19550257 19547998 
4 19581767 19421704 19539870 19660327 19547606 19552550 19547241 19556918 19560559 19553803 19543603 19544265 19559420 19549452 19546170 19567650 19545074 19561317 19558393 19563744 19542900 19557228 19557535 19554282 19553783 19543983 19549695 19548223 19568213 19558705 19547999 19562185 
5 19573306 19428320 19528700 19547583 19672979 19540697 19554539 19555021 19556394 19554678 19566061 19545527 19537905 19554872 19549196 19547472 19559067 19541044 19549020 19545825 19556008 19553341 19553909 19557787 19545238 19557471 19550417 19552824 19555386 19549829 19561461 19554716 
6 19583785 19435204 19550913 19550633 19543309 19680771 19550041 19559924 19553809 19562135 19561674 19549433 19562384 19551352 19551815 19552997 19556593 19557223 19556155 19551729 19551344 19549276 19557419 19554340 19552010 19549527 19555775 19554969 19542318 19538153 19552694 19563111 
7 19575659 19443246 19533040 19548714 19536936 19537149 19693775 19552773 19557382 19552712 19546309 19555807 19562124 19557664 19559701 19556782 19565890 19552015 19562739 19547458 19547641 19565743 19562257 19543865 19551083 19552091 19555986 19555981 19554208 19560186 19561132 19554112 
8 19574581 19444912 19550035 19552523 19544768 19536164 19542593 19681191 19549359 19553637 19550966 19555286 19551621 19563365 19556960 19554835 19551559 19558982 19553672 19558146 19562923 19557116 19561147 19548468 19541107 19554605 19566856 19565512 19540930 19552837 19552307 19549202 
9 19569292 19441333 19535651 19538227 19541245 19543996 19536802 19543535 19672163 19548641 19563792 19566611 19535917 19564964 19560060 19547560 19556359 19556911 19552441 19550045 19562814 19561916 19546504 19553816 19554749 19542998 19561121 19554812 19555798 19547137 19555913 19557362 
10 19576854 19441821 19543108 19544579 19542849 19543418 19539030 19533236 19540782 19667828 19538345 19564494 19550072 19543023 19559091 19544866 19568927 19548137 19556302 19547108 19545124 19546614 19548477 19559979 19554786 19548974 19559593 19552661 19548716 19552149 19554693 19550724 
11 19571030 19441426 19558133 19531979 19541998 19545675 19540969 19529842 19542398 19539778 19670324 19556553 19556477 19565718 19553502 19559142 19552026 19552170 19558476 19558354 19543006 19554728 19557447 19560036 19547688 19559476 19554405 19555584 19547431 19546368 19558330 19551888 
12 19582236 19442180 19551621 19541932 19543529 19552892 19549437 19557138 19533149 19545072 19551119 19674087 19553724 19549703 19538971 19562623 19562323 19556795 19555935 19557802 19546680 19549580 19553467 19550873 19555080 19552977 19547445 19539306 19552974 19548479 19566162 19554654 
13 19572388 19434708 19555377 19545824 19555713 19538493 19549883 19531182 19544577 19537336 19533640 19559717 19671459 19555804 19552904 19552153 19537880 19555617 19546535 19544773 19551683 19565776 19556801 19554744 19549363 19547363 19554509 19553583 19549409 19563538 19556780 19547491 
14 19567857 19439945 19534174 19548252 19540517 19552594 19538011 19542860 19554609 19536761 19556135 19541891 19546820 19674943 19553755 19540787 19541672 19564532 19549828 19557379 19551824 19564425 19556650 19551849 19554508 19555829 19554704 19565479 19551051 19565697 19551160 19545088 
15 19564691 19435764 19539092 19554968 19544297 19546907 19540532 19538553 19544202 19539851 19543174 19552545 19532500 19544959 19664509 19548785 19551628 19562352 19540163 19564781 19544474 19553571 19552411 19554650 19549449 19546737 19545782 19539950 19554662 19547452 19552541 19553392 
16 19559622 19445282 19543564 19538598 19540056 19538798 19543744 19542599 19553489 19541473 19549543 19538826 19549727 19539674 19556067 19651255 19544659 19556592 19559765 19558186 19559443 19550055 19559413 19547920 19552018 19549938 19549371 19558792 19559153 19558628 19560469 19553556 
17 19569129 19453723 19557818 19544471 19553629 19546740 19552340 19532448 19534379 19543571 19535045 19541688 19541563 19539947 19547050 19544457 19663199 19552448 19554891 19540468 19557413 19552852 19562290 19560261 19552340 19561836 19554652 19550209 19550835 19547491 19553237 19555616 
18 19568859 19451294 19540252 19545464 19548190 19534702 19548427 19535143 19541351 19539447 19546886 19535155 19544651 19540697 19554711 19530161 19529668 19663807 19557823 19557347 19538350 19553132 19548502 19547816 19553736 19540236 19547870 19559448 19552138 19544923 19559104 19555589 
19 19562147 19444381 19545752 19545507 19535524 19543669 19544815 19537028 19531347 19547043 19542846 19551212 19550559 19538296 19549491 19541983 19542008 19549579 19664225 19539891 19565588 19552399 19558756 19552903 19560067 19559044 19558734 19552824 19557261 19552079 19552550 19557062 
20 19555600 19443098 19537867 19538815 19539922 19547261 19544066 19540919 19547661 19544441 19540523 19548033 19539493 19547697 19542318 19541068 19546219 19549310 19541673 19659539 19548376 19556116 19548323 19560984 19557357 19558042 19551306 19555563 19546622 19561298 19553073 19553456 
21 19548606 19452985 19541753 19537574 19554951 19538568 19563189 19542907 19541045 19548481 19532697 19528613 19554169 19542691 19542584 19541509 19541216 19547657 19549558 19555401 19662661 19554440 19556601 19558038 19562559 19559177 19554944 19549704 19550867 19556843 19565097 19549294 
22 19562474 19436770 19539384 19543398 19538751 19540400 19548863 19540162 19537404 19543211 19542133 19545878 19535882 19539739 19552692 19543343 19542742 19538993 19543600 19531314 19545394 19664209 19556912 19552889 19561325 19536451 19557181 19557062 19559084 19556593 19547197 19569648 
23 19554459 19440899 19542375 19555471 19545648 19544701 19551668 19553471 19537598 19548662 19549082 19552125 19537184 19554908 19543589 19546299 19544566 19547239 19554938 19541339 19544486 19540438 19654475 19558302 19562273 19555977 19554405 19551116 19545342 19554498 19556769 19568188 
24 19572081 19454407 19541107 19544233 19541351 19546788 19542773 19547310 19544455 19537642 19548067 19537937 19552403 19552741 19551266 19549465 19550741 19545762 19552555 19534066 19534271 19528352 19534595 19659476 19553034 19555787 19559168 19557068 19555768 19557733 19554850 19563762 
25 19551065 19453759 19547296 19544632 19547273 19542757 19535448 19541073 19550828 19535512 19537505 19544268 19542107 19542746 19542588 19550205 19547218 19529937 19540886 19531838 19552912 19537380 19548109 19544271 19659851 19561328 19570894 19550682 19551974 19561255 19555555 19557308 
26 19551962 19451457 19552560 19546000 19548931 19540695 19543910 19546127 19552125 19532161 19555990 19534425 19543928 19539159 19545746 19531166 19536745 19548787 19544248 19558255 19539967 19541065 19534276 19538897 19544909 19646593 19551711 19563100 19546517 19547722 19556679 19555618 
27 19549805 19440724 19542467 19533603 19543136 19542286 19547901 19558456 19540033 19553585 19537880 19539122 19536644 19544666 19544651 19543624 19539657 19548448 19553555 19543103 19549473 19545939 19544431 19536817 19545172 19546778 19656359 19551491 19552347 19567532 19553001 19560927 
28 19551669 19442312 19555162 19532422 19550513 19541813 19534518 19546021 19546169 19547308 19553739 19541919 19543416 19534695 19547314 19529087 19541269 19548010 19546189 19542204 19547088 19539497 19549362 19535600 19543846 19548091 19542663 19635878 19554815 19551022 19542558 19559805 
29 19552624 19456577 19553715 19535130 19538917 19546405 19540722 19539952 19544307 19537229 19546002 19545347 19545136 19543701 19543792 19545692 19552992 19559110 19539509 19540180 19549486 19541495 19549805 19554867 19536512 19557829 19529528 19541506 19648872 19562391 19555003 19556725 
30 19552266 19441404 19543683 19544724 19550416 19545991 19545455 19540176 19539798 19545354 19542115 19539836 19540097 19550359 19560079 19546330 19542788 19536493 19552689 19550435 19532832 19544495 19550669 19546335 19541141 19545605 19543921 19543460 19555937 19643107 19552019 19560553 
31 19543219 19450451 19541349 19553156 19542458 19539845 19557143 19550273 19538441 19547312 19546568 19548374 19546178 19536423 19539228 19549585 19548454 19538349 19533925 19542089 19539161 19544599 19550790 19536470 19554154 19544492 19546640 19538202 19542946 19538782 19645605 19547136 
32 19545217 19463168 19550890 19541541 19540391 19548059 19543172 19549023 19527671 19540120 19551192 19545056 19547372 19539544 19540429 19537310 19538059 19550556 19536105 19555330 19544290 19544530 19555085 19543337 19535254 19552113 19528016 19549707 19546006 19540556 19542025 19635150 
33 19551267 19454634 19550835 19541846 19541854 19546193 19547216 19545847 19550686 19543893 19535697 19549441 19529495 19538958 19536562 19535931 19545339 19542015 19550110 19546208 19536244 19539599 19552676 19549247 19537129 19552825 19539699 19533741 19556201 19541239 19554018 19534361 
34 19550644 19463412 19538686 19542804 19548849 19536416 19543921 19549290 19553842 19548026 19551836 19550313 19539551 19537027 19539175 19539940 19549040 19544385 19544352 19550730 19538285 19541552 19552373 19543787 19541401 19551798 19544446 19547889 19545166 19542070 19540692 19544401 
35 19537126 19464685 19548186 19544979 19551210 19543111 19558822 19543696 19542008 19544032 19539300 19547786 19544942 19539962 19543962 19543815 19542492 19543647 19546790 19541872 19547629 19533854 19536565 19539905 19545445 19547941 19540998 19553928 19540902 19548874 19552760 19549363 
36 19543219 19452263 19535933 19551084 19545013 19549433 19559180 19540600 19537950 19544693 19539328 19536149 19553093 19559219 19552889 19534814 19533945 19545683 19539062 19546421 19546964 19549777 19551250 19550520 19547501 19555174 19549650 19549496 19545741 19546075 19542074 19536390 
37 19530968 19455031 19539230 19532617 19535910 19551551 19540768 19536847 19539560 19544246 19546530 19544646 19542595 19549621 19550938 19546341 19554739 19545258 19538205 19536393 19552070 19548389 19544350 19541818 19542372 19540132 19547004 19547529 19551214 19545230 19544781 19549332 
38 19548339 19460941 19545893 19551042 19553249 19551092 19551154 19541997 19540048 19537703 19546113 19549186 19531910 19553701 19548721 19544335 19538269 19543737 19553013 19549236 19550930 19549932 19543468 19550366 19550095 19543516 19553727 19539504 19542938 19540867 19536580 19539102 
39 19532282 19455773 19556307 19554793 19547724 19547145 19552420 19545090 19556905 19550865 19537381 19558997 19546198 19550473 19553684 19544867 19540844 19550521 19546732 19545929 19549651 19545975 19541600 19552341 19557122 19546305 19540267 19533453 19536324 19551801 19543833 19545303 
40 19549528 19461316 19546797 19539541 19544806 19550364 19546387 19554063 19540913 19531793 19549057 19553405 19559713 19545977 19552721 19547384 19541768 19557179 19562743 19545144 19550566 19540248 19545340 19549982 19541633 19552620 19547617 19546312 19550662 19545666 19529280 19543040 
41 19531562 19458281 19541659 19548852 19556718 19541014 19552786 19532515 19536876 19542624 19546189 19547903 19534249 19539489 19550261 19548150 19554544 19551781 19559423 19561014 19553686 19547008 19540257 19535429 19539689 19543388 19544107 19546386 19542861 19537589 19560727 19550383 
42 19539918 19461564 19544412 19547830 19533448 19539208 19552078 19552131 19542880 19545427 19546523 19548980 19549773 19549672 19538425 19532539 19549060 19556048 19558054 19548089 19543980 19535861 19536892 19540165 19547741 19545180 19541720 19547153 19554721 19545747 19538050 19547592 
43 19543337 19456181 19551879 19543196 19551019 19546857 19543526 19551361 19545680 19550038 19553808 19539380 19540225 19544875 19549593 19547023 19531712 19553397 19553147 19545837 19534395 19538700 19541284 19556421 19541824 19556122 19541926 19554350 19543267 19539960 19544797 19544378 
44 19542568 19462393 19548260 19549174 19547319 19553615 19531076 19540684 19541931 19540931 19542998 19549241 19548176 19543619 19551043 19553803 19555255 19549685 19545381 19553539 19545075 19539671 19538818 19546697 19549556 19549231 19549947 19544871 19554023 19537481 19537906 19535714 
45 19553496 19466646 19548092 19547405 19552037 19542820 19537247 19551046 19552690 19541282 19544124 19544911 19538860 19543050 19552148 19558254 19535441 19545480 19545807 19538602 19559333 19544356 19534287 19540868 19554906 19551706 19544208 19542439 19552964 19559949 19553615 19553701 
46 19542418 19453666 19546568 19538216 19551300 19547746 19547087 19550857 19537913 19543268 19545615 19537724 19545995 19548421 19532617 19541363 19546718 19546895 19551028 19539372 19544316 19541531 19557300 19532067 19547252 19552546 19544951 19550770 19551387 19548998 19545407 19545110 
47 19528598 19460067 19546481 19542929 19544055 19544091 19540038 19553022 19542969 19560009 19546509 19539905 19550652 19546271 19537802 19541885 19547982 19542777 19557912 19550198 19549321 19538806 19534646 19547948 19550996 19546963 19547079 19542504 19541821 19554724 19546153 19548409 
48 19549221 19464851 19549249 19545798 19546984 19543412 19539777 19545013 19543405 19543656 19545854 19541984 19546719 19545663 19540136 19540618 19545385 19545495 19552363 19543813 19554427 19554196 19544435 19534017 19549944 19547249 19552208 19552384 19548863 19548851 19545738 19547268 
49 19537052 19464443 19540956 19550611 19551763 19547666 19550264 19546165 19551895 19541903 19535846 19541987 19550883 19542556 19545551 19556195 19544110 19547890 19542335 19551364 19542601 19540288 19563056 19540767 19546822 19545843 19555141 19549955 19548465 19543745 19550141 19540896 
50 19542404 19464422 19539534 19541988 19549489 19549366 19541985 19538618 19535727 19539126 19541041 19549042 19540545 19532832 19548774 19542751 19543868 19543032 19547701 19553124 19544189 19545324 19543987 19550148 19544500 19554037 19543452 19543594 19554709 19549811 19549541 19561963 
51 19532545 19464018 19541612 19546212 19547004 19541770 19546490 19543005 19548099 19535044 19548718 19541070 19541687 19542032 19542954 19547033 19538035 19550688 19562790 19546513 19539973 19556193 19545088 19544124 19547094 19559000 19553586 19551877 19552386 19553258 19547248 19535646 
52 19548008 19459167 19540672 19550730 19551557 19545511 19537729 19547420 19550806 19556499 19556519 19539228 19538782 19549672 19551697 19549479 19545926 19540479 19531378 19547512 19559769 19547138 19559898 19551826 19551954 19552622 19533628 19540342 19554075 19545658 19547556 19549189 
53 19527144 19468640 19547233 19546250 19545190 19546805 19549867 19544387 19554120 19564367 19542116 19542099 19549329 19537912 19548909 19555572 19549848 19540601 19546052 19544205 19545972 19536886 19548563 19536905 19547454 19530477 19545895 19563776 19552080 19559645 19537309 19547519 
54 19545274 19463836 19540916 19544851 19536331 19549816 19547921 19548518 19547890 19554663 19552432 19535849 19544055 19544897 19535519 19551069 19552127 19535923 19553628 19543820 19557340 19543381 19546869 19555938 19552751 19547869 19550026 19552784 19549019 19550785 19549975 19545430 
55 19536185 19472112 19548838 19547747 19545731 19535582 19535621 19539970 19542594 19550065 19544063 19543629 19542476 19544903 19546741 19540133 19551970 19546638 19541923 19551807 19546442 19554979 19544043 19544523 19554922 19547869 19557615 19557069 19561625 19539192 19541142 19548075 
56 19540499 19458450 19560323 19545886 19552300 19553664 19547319 19548953 19536001 19551884 19532665 19558615 19554044 19548660 19554560 19542393 19552435 19548096 19534744 19557607 19537812 19543991 19551046 19565810 19549686 19546246 19536668 19552394 19548479 19543064 19540302 19554527 
57 19539943 19471556 19553826 19549687 19547677 19546446 19541238 19550540 19545037 19551294 19551779 19547872 19551057 19549359 19547058 19546783 19548017 19552616 19539282 19562983 19548852 19557910 19556204 19548210 19550707 19545517 19549317 19547506 19561409 19549458 19548781 19542907 
58 19535061 19469438 19548737 19548750 19545220 19545486 19542331 19553634 19544932 19558511 19557858 19547583 19548139 19557165 19547693 19547816 19548771 19551142 19543249 19550755 19538289 19538272 19547736 19543006 19551186 19552780 19536047 19551327 19554473 19548816 19550765 19548764 
59 19551466 19469242 19551240 19547670 19547492 19541221 19549198 19549537 19552065 19554106 19553101 19560585 19547958 19551999 19548735 19557604 19542002 19536406 19555714 19547980 19551058 19548883 19552950 19562953 19534643 19558697 19547333 19548810 19540418 19545424 19547389 19532654 
60 19537195 19460257 19548725 19554097 19540680 19543138 19541338 19548827 19551449 19543989 19549735 19544364 19539420 19552362 19541955 19547122 19541785 19548582 19555819 19554606 19543136 19552201 19549678 19551992 19556245 19542976 19541533 19542273 19542468 19538499 19529294 19553897 
61 19535171 19459086 19553453 19544876 19548599 19539487 19551461 19548611 19539624 19551736 19545935 19554218 19549014 19552869 19561033 19542399 19546717 19546492 19547681 19544224 19546645 19559955 19547480 19545342 19546189 19544041 19548174 19551121 19556891 19563798 19559635 19534245 
62 19526953 19469595 19558051 19540529 19540747 19545778 19557769 19543658 19544823 19559395 19549336 19533704 19548338 19553704 19551176 19540996 19551394 19544790 19534416 19550027 19549637 19545893 19544328 19554224 19552084 19551726 19555847 19533016 19560539 19555604 19534295 19553400 
63 19538825 19463605 19540784 19542695 19554436 19540710 19553685 19533040 19544420 19552584 19549411 19547322 19542231 19546770 19545057 19550017 19539089 19554859 19553086 19543840 19549865 19559229 19551177 19542747 19557512 19551394 19548678 19562154 19547685 19546805 19547820 19554274 
64 19541156 19470478 19557577 19544694 19548225 19548754 19543193 19541841 19556596 19550354 19536497 19532506 19545339 19554929 19538836 19548735 19561564 19536294 19555853 19548136 19550419 19550782 19548789 19541407 19546121 19549824 19549102 19556287 19543291 19552548 19544253 19542705 
65 19552721 19475969 19552244 19540623 19540370 19559420 19554295 19547806 19556558 19541096 19548395 19551698 19562507 19545927 19547063 19549672 19551155 19543165 19557020 19549097 19546023 19545036 19541023 19547563 19546965 19552544 19562182 19544208 19549355 19538755 19549601 19551678 
66 19537275 19469560 19549373 19535224 19546179 19556432 19550227 19549418 19553700 19549376 19556426 19555980 19563213 19547548 19547091 19546788 19545499 19556120 19548625 19552796 19543845 19555169 19566672 19549672 19552515 19529331 19555689 19540784 19558716 19552669 19555842 19533233 
67 19543755 19459415 19545646 19542108 19557710 19558119 19529892 19552104 19552519 19562404 19555003 19546995 19555334 19539421 19547870 19538429 19555406 19539578 19553143 19558530 19557928 19552097 19554512 19546814 19540146 19547719 19541856 19554403 19542519 19550751 19548530 19543881 
68 19551443 19475142 19553208 19565114 19551776 19543282 19548297 19546383 19549810 19556835 19554781 19549653 19546674 19543726 19541000 19549089 19544291 19550260 19543506 19542294 19551237 19547799 19556000 19548125 19541091 19546848 19551847 19548596 19545820 19545532 19543521 19547942 
69 19539715 19464344 19560543 19549261 19541545 19536653 19542469 19543044 19551527 19551362 19554712 19549378 19549128 19544737 19549725 19549869 19552871 19559616 19554422 19548348 19550115 19547941 19544853 19548331 19551754 19554690 19549345 19543413 19546947 19551869 19545376 19548745 
70 19540341 19469775 19546124 19541546 19534342 19553182 19554535 19555073 19541169 19545992 19539890 19550323 19548686 19548803 19561620 19551623 19551212 19552895 19552484 19545562 19551580 19553061 19555600 19555245 19539392 19541724 19543000 19540874 19543541 19554104 19552882 19542821 
71 19533164 19471723 19548569 19541313 19555143 19555172 19550665 19538793 19534882 19548169 19536786 19549406 19555293 19551892 19562243 19547103 19550271 19553702 19541587 19549936 19548085 19539893 19544521 19547062 19546674 19554965 19555059 19553732 19555593 19564844 19557029 19543485 
72 19539702 19475037 19558480 19539907 19551294 19548788 19545154 19547109 19547727 19557664 19545416 19544481 19545925 19538344 19561355 19546043 19548005 19546699 19558173 19549255 19554283 19561817 19542645 19556052 19552246 19544412 19555408 19545713 19557223 19545121 19540374 19554782 
73 19533153 19478624 19549283 19559322 19546282 19550306 19548009 19554100 19549421 19555976 19547476 19551416 19549824 19546220 19549280 19554245 19547331 19543955 19548371 19556168 19556798 19540332 19548387 19553764 19535839 19546739 19553856 19529695 19544117 19553761 19547742 19539927 
74 19538331 19471417 19552441 19542429 19553822 19547070 19544398 19546907 19548541 19553212 19546307 19548843 19549555 19554538 19558130 19546115 19561441 19544345 19547226 19555788 19562316 19552169 19552657 19535262 19544211 19543630 19541929 19542545 19544819 19550305 19533231 19536303 
75 19536049 19473765 19551363 19550862 19557772 19554231 19537274 19552851 19551272 19553808 19551225 19554135 19551496 19555502 19555420 19546352 19544905 19542097 19544711 19546916 19543941 19548468 19539689 19543948 19554117 19544130 19555934 19541742 19546171 19553199 19554140 19553654 
76 19548041 19462854 19554406 19552564 19557931 19545156 19546043 19549323 19551022 19554218 19551846 19542104 19544221 19547757 19550523 19540550 19531601 19553065 19554022 19547766 19556728 19546628 19550955 19541043 19553257 19561889 19548411 19544551 19550173 19549846 19558568 19547388 
77 19541779 19462728 19560267 19548482 19560230 19551730 19540321 19545604 19543979 19552772 19553997 19562322 19542251 19555141 19546432 19555035 19551393 19540777 19547424 19544241 19549303 19541646 19571850 19555658 19558751 19559774 19556703 19560355 19548438 19548275 19553220 19546415 
78 19546302 19469821 19551167 19549874 19539846 19548117 19554959 19556610 19555673 19555137 19540559 19557498 19554463 19544731 19546895 19542841 19553216 19556063 19551913 19541321 19547593 19546667 19559379 19550028 19534404 19544175 19549081 19561905 19552415 19552366 19550588 19556361 
79 19544427 19469988 19555684 19551763 19549422 19550000 19549083 19550573 19550315 19552835 19552667 19558954 19546228 19547424 19546243 19544047 19546200 19559452 19566815 19544839 19551217 19555009 19547571 19550308 19541906 19558341 19550931 19567616 19545937 19550483 19556295 19544854 
80 19539934 19488320 19556723 19536347 19553931 19564081 19548510 19547890 19548732 19543804 19541732 19547937 19547606 19564756 19551679 19549036 19549311 19543049 19553043 19543944 19557794 19548943 19544981 19561484 19560095 19544217 19548605 19552165 19555759 19552129 19538480 19559800 
81 19530579 19474421 19550004 19552051 19549209 19543996 19553765 19552322 19549518 19560600 19550700 19544715 19549403 19559671 19547567 19548515 19547737 19551538 19560502 19548638 19554015 19544424 19554363 19543537 19545460 19560564 19551117 19546156 19555374 19555847 19547375 19557011 
82 19541838 19482794 19546954 19559628 19554042 19557690 19556266 19549466 19542694 19553513 19556382 19562753 19551368 19547131 19546141 19547208 19556864 19542704 19553840 19537913 19553871 19550145 19555645 19547871 19549011 19548328 19550486 19552889 19552620 19554472 19551456 19551520 
83 19543929 19491517 19559828 19550757 19548217 19557584 19544003 19552310 19551975 19547888 19551289 19555666 19535978 19536690 19548598 19562654 19554517 19534756 19544811 19553704 19558944 19568702 19545376 19549676 19541356 19556790 19552349 19549166 19552419 19560680 19566227 19554131 
84 19539275 19469368 19553089 19545330 19547899 19556054 19553898 19549384 19552887 19545782 19549393 19539648 19542553 19555059 19552939 19549551 19545267 19552126 19556518 19555663 19549705 19555690 19552100 19560686 19545619 19554269 19554525 19542385 19556507 19552202 19554165 19556339 
85 19543031 19478389 19556313 19554970 19547987 19547206 19559404 19543951 19555026 19557362 19545094 19558843 19551221 19551259 19553887 19545035 19547637 19560031 19550689 19550288 19563034 19538057 19542528 19568978 19549903 19548695 19571350 19553493 19554838 19555357 19552306 19550388 
86 19551920 19477519 19544870 19549385 19543532 19557903 19555814 19555857 19549998 19543734 19554713 19547091 19563563 19554625 19546551 19547992 19552426 19537569 19556813 19548409 19568004 19558420 19547619 19549139 19544872 19541286 19546400 19547507 19539804 19561680 19549106 19549117 
87 19537419 19477283 19545304 19559461 19545664 19556718 19551444 19548412 19544157 19560162 19550135 19550685 19563520 19544304 19553225 19546074 19557938 19557305 19549771 19549398 19552923 19553455 19553636 19551083 19551046 19558646 19555048 19548139 19558384 19552232 19555281 19548455 
88 19537930 19470196 19552297 19539070 19565116 19541210 19554624 19563909 19554691 19553633 19551144 19549166 19550634 19549156 19551366 19551027 19564302 19545977 19547562 19541019 19554633 19546306 19552875 19565286 19548096 19537421 19547237 19559169 19555147 19540124 19546438 19548516 
89 19553715 19486886 19548627 19551070 19563736 19560283 19551680 19552882 19546393 19549750 19564409 19560497 19559775 19548038 19551183 19550184 19554742 19548671 19545537 19562249 19563944 19540345 19555113 19561690 19544748 19550970 19553454 19558273 19542186 19551804 19557370 19545197 
90 19544772 19467635 19544200 19548271 19555361 19551400 19549385 19560707 19547032 19554060 19547011 19552463 19549554 19546930 19557117 19544333 19556173 19560366 19556243 19558101 19540225 19545730 19558842 19553097 19551630 19561007 19555234 19550572 19563772 19543932 19547993 19548137 
91 19550604 19461790 19557153 19567009 19549873 19563968 19558287 19540997 19545961 19550676 19554576 19535549 19557867 19551227 19562084 19538120 19554549 19564130 19552211 19556499 19558211 19547237 19555701 19550661 19552020 19551693 19560822 19552622 19546535 19565528 19556727 19550785 
92 19549496 19468043 19552197 19553816 19539548 19551934 19555882 19561975 19548235 19555567 19557145 19549043 19555879 19537755 19560379 19545370 19547344 19566639 19554272 19558989 19562966 19553926 19551007 19547714 19550184 19547747 19550730 19553856 19549781 19552632 19559395 19541164 
93 19546494 19478344 19559656 19550940 19548576 19550541 19558990 19551747 19569520 19554746 19546700 19555846 19544072 19548421 19553617 19536118 19553659 19553674 19548904 19557803 19555549 19557642 19544837 19553178 19555290 19555825 19553801 19550618 19565325 19558151 19555511 19544666 
94 19560730 19467472 19556568 19564119 19547711 19568287 19546776 19552649 19548325 19561630 19554361 19551478 19545605 19552222 19549010 19549688 19561908 19557311 19545728 19542949 19551770 19547321 19554753 19539943 19553796 19533420 19557335 19551265 19556171 19554361 19549838 19538178 
95 19541577 19475695 19547265 19559346 19552867 19546479 19549938 19552367 19564883 19549113 19546867 19549817 19548015 19549692 19539515 19543050 19556958 19557534 19543005 19567100 19542764 19550491 19561104 19550657 19554586 19553888 19551950 19554485 19555436 19555185 19556470 19556422 
96 19545852 19476332 19560618 19558002 19548088 19546302 19543768 19557859 19558294 19552608 19557934 19555291 19544805 19558666 19548965 19548241 19557090 19545000 19547814 19554272 19545120 19545354 19557981 19548623 19542370 19557871 19556500 19549527 19561757 19547004 19551749 19560235 
97 19527856 19477534 19557935 19545316 19549423 19542133 19547565 19559530 19550023 19548698 19547061 19558873 19571126 19544172 19549562 19542662 19555419 19557147 19558788 19551097 19552792 19560566 19551358 19547600 19553306 19553493 19561635 19542150 19545935 19556787 19548064 19534224 
98 19540532 19472201 19553147 19551118 19550750 19552677 19555779 19547181 19562420 19558521 19559548 19561100 19554116 19559226 19549999 19551137 19548897 19549202 19548246 19552881 19555424 19560391 19548447 19545609 19554831 19572088 19555473 19542633 19549663 19548674 19552930 19552153 
99 19564294 19476832 19550787 19547963 19563002 19555037 19555438 19549692 19559938 19556524 19559633 19552943 19555104 19560328 19554630 19545922 19554160 19548011 19553068 19551574 19551805 19550721 19551876 19558072 19543235 19557889 19556225 19543653 19548042 19556250 19553201 19558029 
100 19549629 19486351 19552506 19560003 19550112 19553446 19552824 19560149 19548881 19553941 19557179 19554600 19560987 19551350 19555683 19548890 19554442 19552361 19546693 19548272 19550205 19538496 19551983 19556674 19548812 19553939 19553790 19562967 19556522 19556581 19555094 19551849 
101 19547936 19492127 19554764 19552945 19567011 19549563 19553096 19552904 19558186 19541481 19541372 19555368 19558425 19556363 19561287 19537757 19552078 19559718 19533797 19545679 19552656 19556649 19553358 19550998 19556583 19549006 19550504 19547646 19548920 19554628 19553963 19550656 
102 19552573 19479076 19551244 19554298 19546271 19560749 19561310 19558429 19558442 19559429 19546264 19564593 19546642 19552249 19557775 19554416 19551764 19560867 19547723 19554721 19547735 19546840 19556401 19547959 19558981 19549746 19555163 19555171 19554694 19563086 19540116 19548222 
103 19548456 19479710 19555202 19547409 19547593 19558879 19561670 19554911 19561570 19551522 19552647 19552200 19550784 19537057 19561910 19542952 19545761 19563133 19542632 19551777 19557394 19550900 19558795 19551103 19560891 19548169 19544138 19554894 19557476 19563719 19565520 19549768 
104 19560342 19482209 19544488 19555035 19558595 19557967 19555117 19561725 19554796 19553404 19561097 19557444 19553019 19566686 19545125 19557998 19560139 19550357 19553076 19551972 19554056 19551366 19550088 19546391 19552719 19557751 19547590 19563257 19553846 19561236 19547521 19545346 
105 19563410 19485652 19551180 19559479 19558941 19549171 19548806 19552063 19560091 19556877 19547629 19561716 19554295 19564492 19552844 19543877 19543258 19553462 19549076 19546631 19549259 19554610 19543863 19550840 19545754 19564793 19552112 19547812 19556781 19551539 19570272 19538699 
106 19547754 19474441 19552597 19563863 19556707 19545851 19550345 19553988 19557751 19553526 19554846 19542101 19560669 19549665 19554765 19560609 19546247 19542168 19559869 19559495 19561567 19557759 19546469 19550167 19550624 19556915 19547055 19546731 19554032 19550321 19558700 19555940 
107 19558127 19476830 19553777 19553108 19561297 19556066 19570212 19553395 19550005 19548730 19554737 19560883 19550259 19550583 19554623 19548830 19554184 19549531 19560244 19544478 19562852 19560041 19557436 19554006 19558093 19553886 19538936 19541949 19543684 19543599 19563381 19541542 
108 19554375 19488278 19550310 19560822 19552117 19555395 19549702 19552132 19553639 19551131 19563694 19550907 19549545 19549003 19548688 19551538 19549968 19554094 19558371 19559816 19555078 19557893 19561758 19554072 19554404 19550455 19555768 19556635 19551563 19560153 19558308 19558249 
109 19545340 19480438 19557866 19548398 19555262 19559582 19562545 19546320 19561508 19552171 19557962 19552641 19549367 19546440 19559608 19560627 19553662 19555645 19557465 19552902 19564903 19549653 19557232 19551986 19564225 19547422 19557087 19545383 19537157 19544779 19550481 19545152 
110 19554190 19475632 19554425 19560943 19567399 19563610 19551324 19564511 19546039 19561509 19562528 19541491 19571976 19555921 19562557 19557706 19550013 19573236 19546370 19560533 19554785 19556923 19561996 19554357 19556718 19551041 19550008 19548455 19560855 19543748 19544904 19557364 
111 19545567 19486807 19552508 19561286 19557927 19552886 19571608 19564998 19546434 19558643 19547460 19552685 19552969 19561748 19560059 19549738 19556540 19550405 19556522 19552256 19552286 19556793 19563395 19549507 19557777 19550356 19561567 19553136 19554237 19547146 19562026 19551091 
112 19563074 19489368 19558462 19549673 19556409 19556390 19558660 19556812 19555773 19554278 19556019 19560757 19571215 19568684 19552403 19553765 19554137 19566465 19548546 19559449 19549159 19548979 19550596 19568739 19548422 19553676 19559577 19552090 19555249 19556638 19548341 19549550 
113 19551355 19495295 19560266 19551298 19563026 19563502 19551725 19554081 19557581 19556005 19549013 19559867 19566153 19543998 19562354 19559233 19557036 19562223 19546836 19556666 19561728 19554065 19561472 19556302 19555909 19557018 19563869 19544575 19545040 19557903 19555322 19547056 
114 19548832 19488471 19569440 19564226 19553364 19559538 19557552 19561407 19541322 19551957 19551749 19551545 19555740 19572220 19559127 19547391 19549276 19549154 19562436 19550365 19561156 19556770 19550793 19554456 19561380 19552494 19552298 19564236 19556158 19566755 19556496 19548049 
115 19552811 19493209 19555654 19559962 19550834 19551508 19566290 19561469 19556211 19546282 19553451 19558720 19556327 19549723 19538935 19554877 19562693 19550238 19558099 19555709 19553681 19549603 19559188 19549494 19555299 19553411 19563773 19551806 19549012 19560435 19558056 19535481 
116 19561236 19485417 19548185 19543527 19561524 19561494 19562467 19551361 19556384 19556610 19560288 19560045 19563548 19567681 19555340 19551833 19556181 19562947 19552886 19545903 19542731 19558171 19560067 19553245 19549263 19556997 19559128 19562950 19557250 19551975 19555007 19562597 
117 19559826 19485556 19552403 19564786 19544090 19556519 19543472 19554750 19552347 19552881 19548697 19562111 19546660 19562583 19547982 19554482 19556852 19556627 19557487 19557800 19550445 19559712 19549788 19551910 19555093 19548022 19554585 19570044 19560954 19553839 19563268 19542499 
118 19543420 19483566 19553312 19560520 19552806 19550030 19548960 19563964 19560441 19551257 19559594 19555390 19549872 19558253 19554731 19550496 19558698 19553024 19546481 19549213 19549846 19556854 19553686 19561539 19554222 19559496 19558427 19563604 19545318 19553756 19549097 19555002 
119 19549273 19494503 19558394 19553300 19561878 19560732 19566030 19553911 19561251 19555662 19549502 19560149 19548588 19555266 19558256 19551378 19552973 19559658 19561636 19554134 19560800 19554148 19537985 19551759 19549951 19558840 19553724 19564543 19559163 19558403 19563680 19554706 
120 19563530 19485556 19559139 19563813 19552007 19560414 19562169 19558881 19559188 19560093 19554263 19551632 19557978 19550110 19557567 19567910 19566304 19568095 19553604 19551898 19562401 19563904 19558215 19563103 19551915 19546563 19551886 19560216 19557582 19563884 19561136 19561942 
121 19557683 19497561 19550197 19552963 19551721 19559633 19544464 19554892 19563679 19556390 19558394 19544398 19560269 19572517 19549721 19545531 19555945 19553114 19557368 19556798 19556465 19551896 19550754 19563989 19559944 19555801 19565863 19546383 19565470 19549799 19562019 19554603 
122 19562164 19487389 19565888 19562843 19549525 19556332 19545290 19562310 19562230 19561878 19549327 19544200 19564350 19556396 19547239 19561829 19566811 19565120 19570788 19565697 19554721 19558553 19554444 19559471 19558890 19559608 19566519 19549334 19558785 19546794 19548634 19568805 
123 19557974 19481230 19560742 19567671 19552492 19555272 19552770 19549697 19555417 19556024 19540935 19552662 19564054 19552942 19546325 19564563 19557559 19556316 19552267 19552681 19562310 19546564 19553123 19562302 19563514 19567994 19564592 19553391 19557311 19556947 19552851 19543611 
124 19560340 19485506 19561497 19555937 19565187 19546193 19550863 19552573 19560583 19552593 19565956 19576531 19563800 19561576 19554883 19551809 19547584 19558553 19548607 19564393 19555309 19564563 19553032 19555854 19546120 19552379 19553815 19551120 19550356 19553442 19543689 19547326 
125 19573978 19487113 19571048 19556974 19562273 19564590 19558235 19558089 19566325 19572736 19555459 19549117 19551907 19553494 19565375 19558325 19556310 19554655 19555577 19544904 19559597 19557861 19560889 19552105 19562755 19550894 19563438 19558004 19553114 19567050 19556325 19556511 
126 19567838 19482413 19555053 19556690 19551942 19548628 19551722 19548654 19553759 19565842 19551394 19559435 19554593 19553350 19551202 19562786 19551152 19546013 19548073 19557897 19565663 19551268 19551682 19559797 19556654 19564044 19558115 19543188 19554417 19549258 19556852 19552550 
127 19563975 19469120 19562888 19558644 19549654 19564211 19564391 19547352 19547579 19548547 19559391 19556146 19559749 19549854 19567145 19543782 19549677 19540678 19555125 19566398 19557465 19552793 19553302 19550679 19556155 19562384 19564703 19559907 19564702 19547578 19551870 19557967 
128 19554331 19489475 19561920 19558686 19563805 19569578 19554110 19558234 19571382 19557696 19561575 19556849 19560746 19562653 19555979 19560787 19559072 19553486 19569684 19550540 19564409 19560393 19569250 19552552 19559473 19568023 19565233 19561203 19560663 19548761 19554515 19556396 
129 19446310 19431257 19564792 19540696 19558347 19556325 19551622 19551817 19549954 19554667 19559436 19560684 19560661 19552886 19558850 19552997 19561133 19555831 19561124 19549565 19552518 19559775 19554556 19564053 19564593 19557397 19561182 19566004 19563364 19558569 19577937 19561806 
130 19589456 19478888 19549887 19551710 19562226 19558347 19551814 19561055 19554629 19557896 19567774 19559221 19551756 19559712 19555736 19560266 19551599 19555137 19564627 19543693 19558592 19551211 19560679 19558216 19552743 19563691 19567999 19557366 19550095 19553799 19555682 19558753 
131 19582055 19480958 19619105 19563942 19560589 19561761 19560495 19551915 19555669 19564245 19551771 19566551 19572320 19572456 19568042 19560822 19550554 19556022 19563094 19556055 19556847 19557624 19563590 19554682 19558858 19556704 19556369 19557163 19561206 19551233 19560000 19546295 
132 19596910 19470640 19567467 19550543 19556191 19554693 19557680 19559746 19556279 19544626 19560466 19552201 19556591 19563414 19553631 19553302 19564127 19559156 19563386 19550973 19567683 19565150 19548875 19551837 19562873 19558260 19551769 19559909 19560179 19555198 19562013 19558993 
133 19598969 19479890 19556784 19557317 19552630 19555187 19562097 19562725 19549291 19554015 19543169 19565243 19558784 19555486 19564010 19554552 19554161 19562462 19567169 19556521 19565350 19564789 19564482 19556861 19566392 19555508 19558706 19571190 19547110 19562599 19556216 19553512 
134 19598487 19488821 19555234 19544258 19550883 19565692 19570816 19572405 19567389 19550534 19555671 19558705 19553014 19553934 19559981 19552877 19556770 19569478 19563328 19562427 19556978 19570827 19564361 19557682 19561840 19560105 19558175 19569301 19571613 19567609 19546991 19565803 
135 19598881 19484817 19557872 19571640 19556817 19564724 19548354 19562268 19560474 19549666 19557552 19564284 19557994 19557708 19563623 19548274 19565327 19559874 19547950 19561068 19551855 19558425 19561005 19569735 19553848 19556791 19552900 19559371 19553658 19558540 19558301 19563676 
136 19588992 19483745 19570425 19552863 19567298 19548883 19559854 19560378 19571367 19563422 19569778 19571912 19561775 19558585 19554070 19557440 19568475 19561925 19546700 19565838 19567067 19559613 19555848 19565087 19558803 19544398 19561417 19568273 19559878 19564688 19558244 19555663 
137 19597158 19492882 19557500 19563825 19559713 19553198 19554836 19557225 19560804 19556946 19562208 19569959 19551840 19565332 19546641 19555069 19553439 19558583 19559514 19567184 19542928 19562772 19557680 19555263 19558575 19560402 19554973 19554552 19551984 19553844 19554245 19562962 
138 19596995 19505399 19570894 19564593 19562403 19555734 19561505 19557185 19563682 19560073 19560424 19561910 19560180 19545105 19548987 19560793 19562577 19564111 19556393 19557591 19548091 19557768 19565629 19564224 19565778 19555504 19563231 19556694 19550222 19564982 19551847 19547906 
139 19591648 19487276 19563444 19561050 19561037 19560351 19559237 19559672 19552113 19561342 19565591 19554281 19561558 19560378 19560032 19543799 19573255 19568284 19554759 19561341 19556851 19559596 19554497 19558047 19559595 19554709 19555457 19560270 19566152 19553523 19561442 19549293 
140 19595147 19486898 19562701 19563590 19556834 19562072 19566786 19557650 19562099 19562415 19545688 19567990 19560485 19566933 19552717 19561132 19563865 19568775 19560352 19565756 19558412 19566245 19555783 19562922 19567909 19563856 19564305 19566461 19564753 19564932 19565143 19553675 
141 19583684 19496824 19555512 19560345 19562041 19553841 19551195 19552612 19559578 19563761 19566049 19561558 19567591 19549900 19563866 19552807 19555430 19557677 19554341 19561939 19554009 19565189 19558259 19567768 19574314 19558849 19563177 19564877 19563073 19553481 19563558 19562148 
142 19601257 19486516 19562604 19560535 19561774 19562028 19561905 19557467 19562329 19547532 19561378 19550158 19565573 19557752 19552625 19556006 19561450 19557565 19562309 19554266 19551996 19555738 19560594 19556909 19558049 19565298 19551413 19556959 19548075 19564418 19549008 19554763 
143 19596771 19496035 19560801 19577280 19574173 19557305 19562179 19557603 19563974 19553278 19558837 19557092 19564273 19563898 19546466 19558398 19559925 19567867 19547963 19556830 19575787 19562762 19572526 19562528 19564886 19555558 19560682 19572532 19562696 19558296 19568190 19560893 
144 19596870 19493724 19565691 19562344 19568982 19550838 19566400 19560363 19570449 19550775 19566345 19563219 19555156 19558304 19560136 19553878 19566309 19559616 19563206 19565748 19564579 19548269 19560406 19575804 19562667 19564583 19575128 19551163 19568061 19564755 19553122 19560313 
145 19586170 19503132 19557445 19556579 19562864 19554472 19571466 19559974 19568228 19571164 19567335 19560874 19564147 19559181 19571209 19562987 19560802 19568071 19560074 19568670 19558999 19566721 19566916 19560499 19561664 19547752 19554013 19564587 19561490 19568059 19565950 19548613 
146 19588046 19496507 19548513 19563697 19550549 19554078 19571271 19554717 19562673 19557164 19559637 19555604 19559490 19562672 19551530 19555872 19567216 19564930 19564682 19563034 19563644 19550349 19553529 19558731 19558096 19562022 19548857 19557814 19566801 19565703 19562010 19561845 
147 19592153 19500159 19560643 19555908 19566513 19560476 19557007 19565882 19557392 19565519 19554809 19571659 19549713 19559082 19565567 19556296 19562142 19557456 19556964 19570441 19561166 19565026 19567917 19555046 19559494 19559971 19561146 19555687 19564187 19556002 19552434 19559046 
148 19592134 19493661 19555733 19562576 19552683 19561203 19560103 19573045 19563572 19564492 19564502 19550716 19552215 19555765 19558549 19539781 19573119 19560215 19550808 19558679 19560352 19558709 19568617 19557984 19560169 19551019 19562947 19559116 19569741 19564570 19549882 19543626 
149 19595390 19491645 19560841 19551495 19551978 19565938 19556465 19556037 19562889 19564258 19560367 19560036 19555660 19567642 19557576 19558326 19548711 19568096 19563084 19578576 19553312 19559775 19559670 19561078 19566565 19558221 19563563 19562225 19555351 19557746 19569056 19552668 
150 19603615 19489407 19567332 19563733 19559881 19563039 19577654 19555708 19562427 19549145 19562079 19566675 19567707 19565219 19564268 19562463 19565477 19563792 19557591 19561732 19551922 19560204 19561944 19555121 19554675 19562001 19545598 19566778 19553345 19560901 19556024 19565188 
151 19599654 19491698 19565683 19575097 19571472 19572374 19564161 19572525 19567211 19564466 19554000 19563695 19565112 19558444 19566326 19554705 19570937 19564064 19564194 19561322 19557880 19558861 19569771 19561887 19570798 19555811 19562426 19552438 19558766 19558002 19562392 19557233 
152 19588111 19493413 19548340 19568689 19560826 19565261 19561198 19561469 19565328 19557019 19558806 19556193 19562160 19572651 19555339 19569085 19566568 19552267 19565692 19558886 19564613 19565095 19565449 19549459 19565979 19556719 19562822 19563320 19564540 19545412 19561620 19573017 
153 19594044 19486600 19561404 19568494 19561619 19563424 19571642 19559722 19568475 19558259 19565903 19564386 19561462 19562881 19558638 19554169 19556462 19551615 19565250 19560907 19569148 19567938 19563056 19566568 19557175 19568527 19555637 19557812 19568444 19563339 19552340 19549820 
154 19600513 19491562 19558640 19570186 19562124 19567253 19565087 19561029 19557415 19569471 19570035 19572581 19567798 19568232 19555374 19557406 19557233 19558959 19569634 19553143 19563977 19548430 19558394 19563000 19565549 19568591 19573975 19567668 19551071 19565847 19563450 19563627 
155 19593919 19499865 19567498 19548320 19559037 19556364 19561347 19559199 19564478 19557591 19569466 19556828 19575258 19562583 19569192 19563501 19559480 19558947 19552893 19571012 19560787 19575514 19566207 19561376 19557409 19560090 19564681 19560531 19549628 19562270 19568209 19556334 
156 19589479 19495393 19563715 19569217 19573630 19568397 19552198 19570889 19556672 19570560 19560657 19566275 19570114 19559083 19560781 19563795 19560614 19556608 19561908 19557353 19576843 19557565 19565960 19570215 19575588 19562014 19557288 19550546 19559464 19563197 19563953 19559204 
157 19595757 19498584 19562125 19561078 19549374 19566164 19567711 19555941 19553685 19574565 19562716 19564037 19573260 19549987 19554271 19553595 19555019 19564683 19564404 19563340 19563934 19568588 19566828 19569313 19552629 19555665 19563411 19560322 19558018 19561616 19569821 19558889 
158 19594371 19499255 19558994 19568817 19567697 19555040 19554254 19559315 19563068 19563705 19569240 19554294 19564028 19574168 19566998 19564701 19563176 19571427 19561896 19553302 19567595 19569037 19569622 19575773 19558401 19572723 19568000 19564441 19553749 19556096 19551416 19555237 
159 19596914 19491393 19565019 19567416 19565979 19563723 19572706 19562632 19567367 19553803 19554765 19559476 19560283 19567022 19565181 19556704 19563123 19558563 19556001 19564275 19567103 19562871 19558168 19564274 19563860 19562386 19567248 19565510 19567372 19567960 19570186 19556489 
160 19603273 19493222 19560645 19564989 19559122 19572232 19559245 19570503 19565065 19565798 19571847 19564070 19557585 19570846 19560417 19561472 19565562 19562469 19556909 19563456 19555110 19569696 19562203 19556012 19563514 19566786 19561506 19566158 19570247 19568408 19558390 19564764 
161 19579266 19503288 19560192 19562510 19566250 19559522 19561641 19556318 19573190 19569221 19573004 19562064 19574686 19570423 19552771 19565399 19553476 19566308 19552310 19566164 19565571 19560818 19557018 19569350 19574575 19562518 19566036 19559903 19555576 19563172 19574412 19567764 
162 19593554 19496357 19569878 19556322 19562655 19557224 19562701 19550459 19569855 19566615 19558469 19568366 19564141 19572811 19554949 19556472 19558532 19556118 19561117 19564423 19542779 19564479 19563062 19570243 19570882 19561401 19574101 19577086 19562543 19561874 19563571 19560597 
163 19589224 19495958 19551448 19569391 19554702 19557074 19553643 19557624 19563322 19571436 19563759 19560956 19571834 19556857 19556587 19556645 19569381 19566758 19558190 19564206 19564226 19579559 19567239 19559458 19560434 19557904 19567970 19561352 19565851 19559075 19567357 19552259 
164 19591876 19490687 19577780 19568969 19569090 19563947 19567772 19564611 19576271 19560303 19559132 19562326 19573520 19562211 19569078 19564717 19559870 19562385 19574804 19556934 19559851 19569660 19566414 19558720 19566788 19563381 19557301 19556194 19575340 19569987 19560375 19559664 
165 19600739 19513277 19557522 19565286 19566215 19563782 19571940 19561824 19556297 19569657 19570341 19556176 19565837 19568295 19560245 19567617 19567922 19552705 19563571 19573317 19560633 19570213 19567646 19563590 19560312 19565228 19563981 19562898 19565938 19565114 19580344 19570063 
166 19594203 19503404 19555085 19570712 19566521 19578148 19553785 19565466 19577474 19565352 19564660 19570684 19565736 19573256 19555680 19560601 19568735 19564118 19579130 19564843 19567688 19566750 19559473 19561341 19559505 19563858 19563005 19562356 19568598 19576806 19561530 19563616 
167 19597391 19507524 19569238 19565156 19554731 19560570 19561257 19569273 19570404 19565613 19570597 19564698 19573671 19567046 19571547 19555789 19563923 19565486 19569230 19569517 19566768 19559068 19560752 19569412 19562042 19561695 19555551 19561740 19558382 19565892 19576436 19559367 
168 19596324 19505769 19562294 19570172 19562673 19568883 19574018 19571394 19570451 19573471 19564177 19560553 19568500 19561960 19584921 19568989 19573590 19571818 19567632 19570483 19560338 19561777 19569976 19569511 19558637 19565341 19570570 19575786 19561310 19561006 19564970 19556901 
169 19599581 19503932 19568969 19556092 19566725 19568066 19566161 19569450 19573413 19564768 19573015 19566089 19576276 19568867 19573676 19555796 19552378 19563648 19560462 19559701 19559557 19563252 19561503 19568467 19557794 19558830 19567257 19568610 19562404 19562020 19572392 19565309 
170 19600368 19510745 19565398 19569511 19573102 19554798 19575053 19562321 19567781 19568377 19579352 19574828 19557619 19575292 19564900 19562529 19558900 19563014 19556952 19552715 19568695 19558047 19570669 19560970 19565668 19552309 19559083 19564607 19556821 19572356 19558456 19566426 
171 19602765 19512566 19564482 19568188 19560474 19569923 19567436 19568269 19560926 19556066 19564628 19565676 19569373 19567164 19574272 19562986 19563854 19570077 19568693 19564203 19563157 19556659 19575312 19566343 19577326 19574314 19558056 19574827 19569163 19558540 19579263 19563666 
172 19592002 19579478 19569317 19559914 19579978 19557609 19573915 19563584 19567659 19552264 19566414 19568245 19569025 19576417 19563875 19563650 19564916 19565223 19566989 19570089 19567909 19573203 19564612 19559505 19565842 19568853 19572681 19566504 19572607 19570813 19560517 19562654 
173 19589763 19501595 19568639 19584407 19566082 19570292 19576753 19553790 19568540 19549815 19553897 19569667 19564250 19573278 19565215 19570461 19558266 19559599 19565287 19562808 19563626 19563217 19567120 19564368 19568263 19566134 19565395 19568070 19557756 19558963 19569832 19564192 
174 19590644 19502088 19565575 19577410 19565493 19574265 19560043 19563385 19577728 19555868 19568867 19570053 19574638 19566812 19579567 19560590 19551011 19562383 19558860 19566883 19570610 19568655 19564342 19570529 19578354 19556985 19572754 19572546 19567818 19568201 19561256 19554398 
175 19588683 19496845 19557364 19570020 19566311 19565249 19566540 19568318 19559491 19574128 19568895 19561543 19562376 19556917 19569966 19567249 19569030 19569686 19577588 19567727 19551968 19571323 19581395 19574930 19567730 19567373 19567976 19567527 19567210 19575690 19572428 19569161 
176 19595904 19506765 19556836 19570838 19565570 19573154 19574519 19555303 19560620 19567301 19573804 19568288 19562811 19562753 19571491 19563471 19569443 19570387 19578223 19561499 19565063 19573592 19576303 19569812 19561973 19560903 19566554 19579342 19561203 19568425 19557855 19564136 
177 19582130 19508938 19565507 19566902 19549884 19559373 19564909 19565194 19571081 19576484 19561387 19566316 19577716 19568832 19571393 19553408 19585513 19566221 19551577 19570520 19577865 19561250 19568658 19565933 19564253 19578670 19569696 19565306 19577576 19566414 19585568 19566905 
178 19592964 19498003 19576454 19567045 19560573 19561933 19565038 19555250 19566035 19576584 19572145 19581403 19560893 19571956 19570576 19576977 19564454 19570463 19563173 19566835 19563567 19581912 19575699 19575549 19570368 19571820 19553488 19558135 19565406 19567406 19562892 19566835 
179 19583384 19502710 19568839 19564939 19584822 19570633 19567748 19568023 19574269 19563538 19569039 19572121 19560273 19563330 19572847 19556618 19564387 19563460 19570844 19568490 19567075 19561738 19566787 19579696 19570865 19567412 19575744 19562837 19549991 19563233 19563020 19561757 
180 19591881 19501573 19570568 19567139 19567766 19571792 19562967 19573855 19571652 19571497 19578807 19561348 19572665 19564862 19566312 19572198 19561425 19567450 19577151 19570309 19563283 19574866 19565260 19563186 19565213 19557267 19565728 19575788 19563822 19578695 19567828 19572007 
181 19591310 19505869 19569975 19577242 19567329 19564662 19569939 19563274 19558710 19572286 19578942 19572618 19564934 19577887 19583158 19561839 19566021 19565869 19575730 19571475 19566614 19567560 19577752 19566279 19579043 19577370 19570538 19558981 19576492 19578190 19567154 19562941 
182 19596013 19504888 19561923 19582982 19562259 19571894 19578124 19559560 19571533 19579022 19576215 19578669 19570713 19569148 19574245 19565858 19571642 19566788 19568735 19586316 19564203 19575345 19571170 19575541 19568628 19573982 19568855 19563054 19563748 19557119 19573953 19565333 
183 19582964 19506927 19586297 19567406 19561872 19580892 19565703 19566742 19564803 19555492 19575775 19566983 19578496 19578853 19580191 19567063 19566678 19572198 19575680 19566429 19572707 19565298 19565082 19588923 19569160 19562831 19559303 19572572 19578690 19570030 19572987 19563476 
184 19593946 19508754 19573918 19566326 19568201 19573460 19580154 19576778 19570608 19557107 19581471 19572508 19569526 19567807 19556780 19559579 19566975 19568513 19573082 19557967 19563183 19568011 19567777 19569440 19576681 19569142 19577520 19574833 19565231 19568516 19570224 19577853 
185 19601923 19517479 19573635 19575016 19558549 19565178 19555453 19570306 19568668 19575630 19569402 19572094 19569729 19563389 19574180 19563711 19567462 19570332 19566602 19567569 19573902 19576589 19569501 19573824 19568735 19572968 19560638 19571108 19568924 19565263 19575093 19574967 
186 19581818 19504144 19575208 19564903 19578656 19573442 19568042 19573374 19578990 19579353 19559719 19573622 19566362 19575374 19582272 19558563 19563492 19562099 19572733 19568993 19567118 19568521 19566791 19574642 19565426 19573568 19566947 19567311 19569684 19563862 19567525 19566083 
187 19587084 19512382 19575909 19557848 19560432 19572242 19573319 19577234 19573556 19578344 19580990 19567750 19562522 19558201 19569648 19564523 19576049 19586222 19576439 19574028 19568703 19569871 19555868 19568775 19563528 19576700 19556026 19570140 19560427 19571107 19569885 19569029 
188 19597625 19507664 19565666 19577693 19580349 19563641 19572118 19567599 19570211 19571890 19575620 19561421 19570997 19566231 19566076 19559784 19580469 19560531 19565933 19591965 19558863 19564244 19569661 19577400 19572131 19571655 19571210 19563121 19567611 19564116 19574680 19575683 
189 19586535 19516678 19577899 19568151 19566972 19569131 19578244 19584576 19561591 19568102 19567081 19570878 19573867 19574427 19567173 19559988 19572864 19571453 19573252 19564719 19562325 19570577 19575331 19575933 19565078 19571924 19582473 19571155 19572363 19587599 19584614 19557490 
190 19590039 19502170 19570803 19575919 19574514 19572161 19586890 19574424 19573531 19585318 19571738 19568773 19584431 19565292 19568951 19565744 19569156 19562549 19560789 19580207 19572290 19573760 19576358 19578652 19574005 19565157 19571391 19560894 19570834 19570487 19568641 19562805 
191 19590464 19512649 19585611 19573090 19577923 19572734 19574271 19572469 19571716 19569179 19564621 19564060 19578769 19570851 19575756 19573406 19568123 19578314 19580701 19576901 19580249 19576884 19568706 19566925 19576802 19566719 19569221 19568489 19565687 19565927 19560151 19562715 
192 19604241 19505024 19575511 19558975 19572620 19569310 19578272 19573945 19576864 19563871 19565705 19571484 19578160 19563665 19567948 19573338 19579443 19566292 19569422 19563566 19582611 19575949 19568229 19568931 19577979 19563853 19564866 19574112 19586706 19566461 19574823 19573918 
193 19578076 19503678 19575968 19567538 19573832 19568230 19568098 19561270 19565142 19566132 19575288 19579346 19579796 19580940 19561634 19569627 19576309 19572182 19568365 19563597 19570078 19566140 19567211 19573906 19573097 19570664 19575553 19563772 19559917 19582445 19583688 19561714 
194 19582651 19501738 19574297 19577489 19587412 19571343 19560962 19578094 19579149 19578623 19567897 19573517 19566880 19581039 19589261 19564200 19552277 19576290 19569593 19564811 19571763 19567338 19572735 19563465 19576147 19578835 19578348 19571863 19570468 19562570 19574854 19579022 
195 19580581 19520880 19580399 19580619 19577547 19558720 19579109 19573421 19574049 19578843 19567519 19571500 19569538 19567575 19563123 19570900 19570504 19570403 19579741 19571291 19566664 19579173 19573915 19563097 19570225 19570715 19567247 19571705 19581417 19575449 19574011 19568770 
196 19588433 19511109 19577829 19578167 19572591 19578421 19577410 19573738 19569290 19566789 19576984 19570630 19565339 19557547 19572145 19561987 19570350 19576906 19565808 19573671 19571032 19568269 19569478 19559977 19581955 19569803 19564521 19566246 19568583 19573122 19570093 19569266 
197 19594602 19522714 19571811 19571226 19570208 19564421 19575636 19577531 19574033 19568250 19579946 19576770 19584731 19571399 19570472 19560133 19575779 19572961 19570858 19585408 19563310 19577374 19587411 19584332 19581454 19567443 19567729 19572403 19575199 19560616 19577164 19569251 
198 19585973 19507960 19575940 19580534 19567263 19573923 19566237 19566917 19578923 19573717 19571794 19567715 19567995 19568621 19575553 19574452 19569404 19574642 19580778 19573202 19566392 19568790 19572568 19575303 19585567 19571107 19570343 19572610 19576570 19574483 19564387 19577915 
199 19584285 19508713 19578521 19567867 19567573 19579334 19581022 19581107 19557760 19569332 19567384 19577323 19577661 19579523 19580140 19573216 19575429 19577898 19574218 19562467 19569886 19574621 19565721 19578468 19579340 19569435 19580748 19585102 19563234 19578071 19575743 19565796 
200 19580454 19508665 19581929 19564416 19570941 19574691 19572553 19567047 19572791 19589772 19579173 19574415 19575055 19577099 19583041 19566414 19580469 19580004 19578836 19569371 19573735 19583577 19561039 19563725 19566418 19581383 19586752 19578926 19575487 19577434 19571396 19558859 
201 19584976 19505540 19579854 19583576 19568077 19578487 19569767 19577805 19579385 19576306 19564385 19579036 19581601 19574099 19574761 19581697 19569078 19569550 19576420 19572399 19567235 19578611 19566113 19578457 19575960 19582540 19563709 19563840 19571022 19566852 19567105 19579210 
202 19583309 19510501 19577525 19568452 19579093 19573204 19574849 19583442 19578441 19574708 19575594 19566967 19566690 19577467 19579865 19578207 19573758 19579976 19574007 19570619 19576328 19569892 19544518 19574110 19580412 19571240 19573927 19569157 19575790 19564661 19578205 19562813 
203 19576479 19505813 19574375 19569688 19576874 19581946 19578439 19570887 19586140 19573999 19574066 19574916 19586319 19586937 19575340 19577921 19579579 19568466 19582709 19567748 19576272 19574887 19567338 19562008 19578141 19572919 19570738 19578801 19578650 19580066 19559973 19577157 
204 19582276 19533604 19578823 19584237 19579904 19572766 19581218 19565258 19577968 19579520 19578019 19584337 19569834 19572291 19568469 19583671 19578973 19573647 19568842 19571580 19584346 19572290 19570972 19574815 19578833 19576687 19572854 19576658 19580819 19574036 19566771 19573287 
205 19585296 19512798 19583352 19587230 19582948 19574289 19559519 19574860 19586821 19578469 19582670 19573140 19583121 19576004 19573386 19568858 19573383 19570503 19580155 19576817 19579097 19575859 19572960 19578135 19585926 19575927 19563751 19585762 19574165 19583731 19584638 19566311 
206 19576034 19497421 19578032 19573371 19577750 19581191 19575597 19580000 19568459 19570494 19580889 19583701 19578921 19560381 19573473 19571336 19572979 19577108 19570151 19579782 19578716 19571816 19570089 19564140 19571607 19565006 19574053 19582287 19575812 19575335 19579232 19573851 
207 19590079 19513669 19580020 19584709 19572844 19574865 19565549 19585668 19573750 19572173 19567821 19569651 19576683 19581724 19580478 19575256 19580500 19574698 19568351 19574614 19575894 19585435 19584192 19579638 19586390 19583445 19579003 19571702 19571932 19575584 19578545 19572807 
208 19575043 19520086 19575192 19578584 19576444 19565574 19567509 19583495 19576605 19581804 19573002 19577249 19570987 19577267 19568430 19577270 19571497 19571645 19571179 19587973 19574178 19579973 19576536 19579680 19578314 19574222 19577095 19577424 19578853 19570165 19568220 19567936 
209 19574493 19518817 19587898 19581226 19585032 19578296 19567496 19588422 19575163 19559998 19582379 19572959 19559164 19587150 19578021 19562385 19575585 19587209 19575185 19585729 19562776 19577314 19579961 19576991 19579018 19577328 19565274 19584216 19581441 19568759 19585422 19575180 
210 19588546 19517889 19571898 19567272 19580859 19574840 19579552 19583184 19577257 19573832 19577228 19585411 19586425 19567580 19570710 19584507 19585648 19574009 19578685 19574070 19578164 19577039 19576998 19567715 19578906 19578531 19570271 19581277 19576995 19579774 19576880 19558132 
211 19572904 19512308 19576775 19573607 19584627 19574042 19578873 19591211 19581073 19572173 19574864 19573147 19570454 19576611 19567625 19577079 19583764 19561058 19576782 19577618 19574330 19565517 19571591 19577374 19570477 19560435 19564175 19582603 19575867 19572169 19584781 19569967 
212 19567169 19519337 19579835 19570843 19585529 19580046 19578543 19580194 19578854 19587971 19578369 19577916 19582966 19586928 19586724 19571408 19588624 19583307 19570015 19582768 19583220 19584111 19569827 19577145 19570874 19565670 19578870 19574765 19571705 19584203 19575559 19571466 
213 19568770 19518046 19575765 19565826 19574020 19579343 19590957 19585026 19584767 19582127 19572560 19574104 19572327 19575936 19574307 19588144 19572229 19575704 19575601 19570004 19577162 19576033 19574922 19575859 19575458 19580837 19573475 19585650 19591612 19585464 19569211 19571062 
214 19568913 19509551 19566029 19570212 19578268 19581883 19576020 19581207 19577265 19565805 19582154 19580363 19575460 19584116 19580445 19574669 19578659 19577304 19574652 19577305 19577143 19585692 19579659 19572609 19579460 19577448 19580601 19578388 19592384 19570488 19582949 19581768 
215 19569022 19509494 19576265 19573063 19580514 19577806 19576675 19572649 19581840 19577434 19577174 19582368 19584514 19573707 19576619 19571879 19568031 19577516 19569625 19580592 19583742 19583404 19578547 19576905 19582776 19588502 19574127 19584269 19579003 19580089 19577259 19567868 
216 19565914 19519110 19587211 19581454 19570911 19586998 19582158 19591875 19567898 19583907 19579975 19579703 19571393 19578652 19586722 19580959 19568971 19581571 19572894 19573003 19588016 19571945 19578486 19576157 19585153 19575635 19569961 19571021 19582867 19559392 19559595 19569909 
217 19570942 19514083 19582089 19571985 19578224 19577471 19582356 19574362 19583456 19591622 19581810 19569622 19581547 19588688 19579212 19571524 19576985 19575367 19587775 19584283 19570840 19578101 19579500 19572892 19571523 19576110 19576436 19571257 19566673 19575611 19594520 19565216 
218 19562515 19510082 19581340 19583849 19569103 19582156 19576370 19574590 19594179 19569531 19590788 19583683 19571511 19576017 19573403 19574881 19580070 19575583 19581424 19577692 19573320 19579433 19576797 19575064 19578532 19582546 19574242 19577678 19574517 19566915 19576508 19579763 
219 19563968 19533607 19579254 19577039 19584534 19584577 19587358 19591839 19574557 19570345 19572138 19580643 19573464 19590221 19581441 19567211 19587018 19576442 19590260 19580974 19581408 19578788 19575219 19576955 19588111 19570237 19578350 19575212 19575171 19578801 19584266 19581514 
220 19575287 19515211 19571256 19580488 19583064 19579113 19587785 19579370 19585187 19570189 19572422 19578961 19584629 19592955 19570837 19575820 19583340 19577284 19576123 19583896 19590768 19589416 19589051 19580251 19575606 19579726 19584228 19579003 19582771 19571953 19562970 19577100 
221 19561795 19512364 19584895 19579072 19582997 19582977 19583374 19582479 19580750 19586201 19578904 19588373 19582545 19589512 19579329 19572993 19590858 19577698 19585255 19590429 19567019 19586254 19588208 19568511 19575878 19591941 19582126 19576127 19577659 19569992 19575920 19575529 
222 19563953 19511973 19583243 19577064 19583063 19580630 19578438 19581526 19586585 19587021 19579272 19573803 19589832 19578336 19584715 19565132 19582788 19570053 19579432 19585933 19582654 19588778 19579807 19591746 19585719 19577533 19585746 19577799 19575454 19577705 19572858 19563644 
223 19567965 19516467 19583362 19574649 19590176 19588820 19582597 19584126 19585597 19580192 19586279 19583754 19582237 19572666 19581913 19579291 19583270 19581124 19576282 19583764 19580168 19571880 19581661 19590078 19575628 19582219 19565580 19569430 19573438 19581495 19590769 19578883 
224 19563908 19515801 19570595 19582997 19593777 19581806 19587426 19578843 19583189 19585953 19587487 19590979 19580953 19582506 19585539 19566164 19570779 19586864 19588881 19577414 19582117 19589928 19575662 19580802 19591165 19578286 19589604 19574882 19578846 19579599 19581197 20034494 
225 19554853 19522638 19583979 19582606 19589236 19567526 19568677 19584572 19577146 19585441 19579759 19583169 19586176 19583709 19573842 19576897 19585845 19584395 19580085 19584655 19584567 19572516 19582190 19586746 19581645 19577767 19579270 19587139 19575327 19578968 19580796 19576555 
226 19556704 19513423 19578429 19579576 19585002 19581940 19581906 19586006 19590090 19581086 19582100 19589637 19581682 19584295 19577807 19574838 19579361 19572007 19571811 19575437 19585550 19579493 19600218 19578881 19583304 19569505 19576174 19580236 19576236 19576444 19571985 19575713 
227 19567059 19521475 19585973 19591050 19578362 19581377 19592852 19573120 19583504 19577670 19579565 19574068 19590001 19573476 19589571 19563026 19586175 19576570 19574228 19589066 19571471 19585109 19571778 19578737 19580957 19575174 19578019 19588518 19580494 19590553 19585170 19586009 
228 19554573 19517934 19584826 19579420 19587158 19596825 19579535 19589026 19587683 19587726 19592422 19573282 19584113 19583387 19585102 19577041 19593729 19594135 19593425 19572367 19587401 19585420 19579899 19583423 19582827 19589652 19583284 19581903 19574353 19575415 19576946 19586908 
229 19553506 19530395 19578270 19594693 19587062 19584167 19577275 19594575 19580173 19599029 19577104 19576331 19577097 19581517 19586420 19587740 19597675 19592486 19585384 19586399 19577432 19588216 19573543 19575159 19580999 19587353 19572977 19585301 19583558 19573893 19579549 19594464 
230 19549317 19520964 19582140 19576617 19568786 19580184 19574870 19588353 19579778 19591952 19578186 19593439 19581542 19587641 19576708 19572612 19582671 19582776 19583629 19584020 19582340 19588123 19579210 19583466 19599545 19584381 19582235 19587555 19578127 19582510 19589045 19578392 
231 19535142 19513248 19574059 19586835 19595175 19598528 19576213 19584309 19584273 19582263 19587108 19583719 19588808 19580177 19583350 19586041 19592282 19580087 19587324 19576506 19595853 19570056 19575024 19581773 19574086 19579439 19574033 19587444 19578287 19576733 19576062 19579590 
232 19551693 19521565 19582139 19586275 19580219 19593699 19583067 19593996 19573471 19591035 19589554 19585785 19583140 19583453 19576469 19582163 19579093 19572441 19576124 19587066 19582502 19584122 19589880 19570114 19590633 19595309 19574789 19585299 19586451 19587126 19575693 19584765 
233 19553555 19521068 19588137 19590809 19582669 19587494 19593022 19599224 19571863 19586465 19582060 19575086 19577857 19584964 19588578 19591494 19584410 19587435 19588210 19593045 19598523 19583943 19574457 19589115 19566079 19579065 19585674 19580019 19583601 19580849 19571841 19579241 
234 19547550 19512140 19574105 19588924 19593871 19582887 19582046 19581997 19573259 19580286 19572659 19591438 19591616 19585324 19585716 19583173 19582483 19580665 19592013 19592043 19571689 19589926 19578587 19579728 19589897 19581129 19590907 19583445 19583378 19583731 19570210 19583046 
235 19547008 19511985 19593439 19590773 19588333 19578563 19590237 19599896 19596859 19591147 19574672 19575392 19582849 19585939 19591888 19580639 19578904 19594080 19591513 19596029 19586933 19585985 19575169 19590337 19598545 19590855 19573070 19576402 19583439 19581160 19577440 19578477 
236 19558198 19513451 19583494 19591604 19590109 19587931 19588836 19593425 19581068 19584255 19589312 19595434 19587363 19579805 19599470 19576256 19585868 19584309 19593256 19586139 19591362 19580503 19586326 19592328 19579616 19592239 19580527 19575865 19586406 19584733 19583277 19582350 
237 19542355 19525486 19592620 19595452 19576144 19581006 19584109 19589816 19583026 19584346 19590925 19582101 19584703 19584170 19599147 19569298 19582089 19587475 19587497 19588079 19591595 19573858 19603337 19580520 19580119 19591489 19565685 19586158 19581582 19598070 19586026 19589996 
238 19553668 19516161 19572877 19591396 19582897 19596125 19587308 19592661 19574780 19584752 19579634 19583054 19579073 19586950 19590268 19581686 19594685 19568936 19588892 19596841 19594935 19581133 19564931 19594474 19585488 19569780 19600313 19591250 19596842 19586511 19586746 19582735 
239 19536098 19506512 19593365 19587028 19586860 19591550 19594710 19588389 19589268 19585098 19592356 19573800 19583562 19585619 19578543 19582829 19592307 19582112 19586525 19590299 19593368 19583465 19587908 19579579 19586537 19593173 19584455 19597106 19587681 19590501 19587011 19585527 
240 19542964 19524413 19594367 19590286 19594301 19582603 19589820 19586182 19587056 19593302 19590955 19586783 19583421 19599117 19576741 20254506 19593502 19571506 19584512 19606080 19582113 19583002 19583251 19584588 19579487 19580672 19591181 19584548 19584480 19585416 19574265 19588290 
241 19534597 19525611 19596474 19585843 19577288 19592418 19584437 19576183 19588497 19594328 19584651 19599013 19579958 19588017 19584724 19598530 19601924 19588335 19582135 19580868 19583469 19583978 19588405 19581195 19576724 19597472 19584776 19590719 19595433 19583810 19596464 19592736 
242 19532898 19518815 19600019 19581898 19601083 19592632 19589759 19593765 19580751 19591249 19595811 19585907 19582158 19589444 19599311 19599641 19585740 19591541 19593163 19582847 19591164 19588871 19579767 19587586 19587823 19579511 19589020 19579604 19585620 19578936 19579435 19581044 
243 19532965 19517485 19588573 19588498 19591312 19588119 19587749 19588301 19588883 19594747 19596899 19594754 19586781 19594160 19586508 19598563 19601392 19590825 19590439 19590319 19588642 19590988 19593639 19583440 19581303 19598545 19586028 19580009 19581960 19589222 19590307 19588593 
244 19524821 19517923 19580723 19596132 19594927 19590524 19591553 19591526 19584170 19591087 19579181 19595184 19583285 19590133 19583097 19598861 19588020 19594815 19585316 19588958 19596926 19591406 19589094 19595533 19573711 19583413 19583786 19596400 19587399 19584827 19587613 19598864 
245 19517445 19514007 19589071 19598094 19589478 19591596 19589573 19594623 19594767 19582422 19600611 19594788 19589869 19584315 19590560 19596353 19590167 19593044 19594610 19586371 19581774 19595885 19594893 19605302 19576254 19578545 19597960 19589526 19591153 19586474 19592397 19579041 
246 19534283 19510112 19605510 19577858 19594541 19596715 19587838 19589452 19589795 19589812 19587598 19589498 19597419 19580028 19584648 19575194 19583527 19588652 19590562 19589813 19592790 19588454 19582451 19586962 19573853 19600110 19595381 19591206 19583206 19587203 19596669 19593712 
247 19527550 19518408 19589348 19595502 19611534 19595739 19598391 19598880 19594292 19590474 19586107 19589743 19588062 19591360 19594877 19589611 19585376 19585635 19591830 19582683 19593761 19599221 19586954 19586821 19587466 19589948 19589214 19584851 19589956 19583021 19594547 19588642 
248 19531810 19527456 19580560 19590053 19604411 19593771 19586373 19583622 19599650 19595055 19598257 19584102 19586080 19584134 19587055 19590911 19591006 19588288 19584226 19579214 19588661 19581124 19586572 19587268 19595568 19585881 19590315 19595693 19595214 19584639 19587226 19598643 
249 19534231 19524806 19594503 19579816 19593808 19592297 19594360 19587694 19588077 19580953 19594723 19582782 19593878 19590873 19600464 19593982 19583533 19591458 19576747 19588191 19592343 19589874 19581886 19589426 19585587 19590722 19589475 19590153 19586755 19588702 19583167 19582999 
250 19518831 19526202 19596192 19590402 19596218 19590493 19593454 19592295 19597532 19576103 19598437 19591085 19589581 19578604 19586016 19592718 19590021 19597395 19594731 19597230 19582650 19591034 19592407 19593496 19589213 19588438 19585264 19596132 19580059 19590986 19591333 19594850 
251 19534810 19516715 19594602 19585559 19593718 19590208 19603151 19591520 19593879 19608423 19581715 19600142 19586041 19594773 19590005 19596009 19596188 19598343 19598336 19588551 19599500 19593869 19587446 19587244 19592778 19594205 19588658 19588579 19591866 19581238 19593992 19585006 
252 19528442 19519750 19593368 19600155 19597104 19594871 19598911 19586988 19598427 19597300 19599354 19592559 19588765 19597368 19586027 19597737 19595962 19594232 19596175 19595344 19591154 19589441 19587733 19580485 19602451 19598790 19593521 19582328 19588750 19601864 19573250 19594536 
253 19524267 19511141 19589970 19592787 19603801 19594437 19599138 19604142 19610396 19588550 19595088 19599407 19592008 19599997 19588439 19600607 19594577 19598747 19590216 19578951 19583290 19596061 19599872 19581396 19595942 19596214 19592968 19595195 19590135 19592019 19587470 19587616 
254 19518253 19542677 19593856 19591718 19579743 19594108 19590875 19590188 19595466 19596597 19599288 19586839 19593123 19589224 19582742 19594836 19598703 19602292 19582910 19587843 19591203 19585399 19572696 19589015 19578012 19583932 19592559 19598994 19593307 19593580 19591393 19598006 
255 19526152 19523299 19592656 19596702 19597764 19610582 19592925 19597267 19591423 19596568 19598754 19594786 19607039 19594363 19595765 19594163 19597798 19590828 19580903 19601806 19595070 19601715 19588410 19596431 19587192 19593712 19601391 19594845 19596732 19594699 19598652 19596525 