n P1 P2 P3 P4 P5 P6 P7 P8 P9 P10 P11 P12 P13 P14 P15 P16 P17 P18 P19 P20 P21 P22 P23 P24 P25 P26 P27 P28 P29 P30 P31 P32 
0 428385626 859960441 430288455 431867505 431926110 431846999 431858626 431865574 431853591 431812456 431831565 431767204 431767382 431745189 431818089 431768827 431731858 431686020 431714482 431695387 431723680 431673732 431662383 431591445 431561927 431623578 431549042 431593561 431555865 431572552 431432875 431467830 
1 429484777 426300537 429689614 429445228 429496263 429459508 429507799 429504317 429423089 429493695 429507773 429473380 429419975 429514501 429477129 429483690 429514042 429462188 429455640 429482321 429507884 429484193 429467347 429416757 429436473 429470213 429496333 429407721 429539511 429476779 429535648 429445426 
2 429824852 424075770 429344794 431057009 429426454 429458112 429479308 429461894 429469290 429478714 429514947 429481500 429518408 429510159 429481662 429457725 429498761 429501999 429466717 429437874 429468614 429464332 429515382 429477294 429428127 429510158 429468404 429436991 429478591 429427723 429460445 429447305 
3 430224719 426889844 430143357 429386892 429526399 429505541 429488532 429522863 429443143 429475008 429455106 429508228 429497384 429450194 429464421 429451607 429458475 429461210 429477283 429489816 429507182 429460923 429475684 429474795 429504776 429495924 429461127 429473344 429470153 429467411 429479898 429454684 
4 430142519 426793452 429196741 431830985 429446480 429581650 429549348 429529194 429504616 429527795 429529529 429523668 429519905 429493332 429547103 429511736 429549789 429492077 429496370 429528749 429541609 429584571 429503812 429505452 429530030 429524839 429499853 429510807 429528412 429553317 429465213 429443951 
5 430099511 426850860 429249882 429172374 432312542 429413416 429520945 429510193 429529770 429424398 429570506 429494632 429448523 429478324 429496146 429479134 429526923 429517248 429530753 429516588 429485356 429472102 429489961 429492406 429486217 429477441 429492658 429501061 429490657 429483325 429463675 429527374 
6 430092536 426886069 429261612 429229890 429241774 432364330 429452363 429490889 429497678 429468216 429514683 429491428 429466881 429458185 429477232 429492433 429554065 429512093 429506230 429511922 429429089 429496070 429516520 429451041 429535648 429518529 429484760 429469096 429555254 429480783 429520519 429529618 
7 429992408 426895100 429230410 429160429 429219010 429207812 432356799 429434568 429605390 429482226 429426378 429471703 429464185 429469008 429513135 429479608 429516710 429471937 429513538 429500502 429453348 429557556 429533813 429463731 429469136 429548279 429494544 429498204 429493212 429493259 429510118 429464342 
8 430054667 426937796 429302843 429170974 429255810 429204083 429206994 432286629 429417604 429580928 429544571 429478007 429519623 429531004 429509959 429575388 429569546 429529806 429523800 429491721 429526050 429523540 429531117 429501911 429552916 429532540 429498662 429435476 429483552 429490247 429503122 429448094 
9 429936487 426963879 429256301 429218833 429259909 429219959 429193705 429274852 432273977 429436549 429521468 429509138 429489860 429495150 429534995 429553120 429516644 429502225 429517948 429517019 429526713 429431899 429484222 429491552 429467605 429536932 429519314 429532260 429476684 429541581 429555423 429534034 
10 429885523 426941461 429273877 429241936 429272985 429223482 429260505 429255940 429250264 432180916 429386256 429510510 429492073 429522845 429516233 429473078 429508096 429489860 429470108 429404835 429535038 429502820 429524860 429487672 429511508 429491727 429498733 429559000 429500398 429514035 429547754 429490796 
11 429832187 426979848 429275556 429240250 429215549 429263021 429214378 429283055 429280270 429235997 432118629 429393240 429529773 429515982 429511637 429516648 429507707 429534640 429493881 429481487 429494507 429485908 429497541 429518593 429514267 429534432 429496166 429459458 429526002 429488207 429553094 429511350 
12 429846640 426926061 429248844 429252155 429282989 429264816 429220416 429265258 429238011 429215436 429257272 432132605 429455308 429538880 429473337 429537016 429484121 429486073 429581246 429511632 429497972 429476042 429539223 429503360 429508570 429475768 429507737 429509647 429568738 429581704 429539640 429471562 
13 429749717 427008409 429269769 429274789 429258974 429227181 429250705 429215702 429238581 429299144 429234111 429224633 432089262 429391138 429577238 429506109 429462163 429528209 429463529 429529860 429512344 429499654 429483991 429506973 429527997 429420590 429522421 429534386 429490308 429463464 429546817 429453516 
14 429799753 427040061 429261167 429181699 429192092 429229952 429243544 429296470 429221537 429249965 429275639 429159099 429205337 432041570 429407508 429540749 429512621 429525345 429533492 429458607 429557747 429520065 429547376 429442683 429471164 429522545 429528430 429502168 429465109 429532055 429540476 429502363 
15 429796051 427039464 429221393 429271095 429228547 429224605 429180594 429260911 429227008 429207122 429232887 429317853 429270709 429196575 431961243 429390411 429503265 429554051 429534075 429532532 429539530 429490856 429586987 429514328 429509143 429524326 429569005 429569351 429507786 429414062 429456630 429470136 
16 429826218 427053173 429278160 429263314 429266035 429280878 429262252 429298740 429245904 429237405 429243090 429292979 429192502 429242208 429307347 431686373 429445692 429587932 429541921 429469101 429511098 429516144 429507392 429516985 429526424 429518531 429532519 429505827 429472289 429457072 429484000 429658249 
17 429685312 427165581 429298522 429320398 429250629 429246965 429215650 429232583 429254233 429251111 429266991 429259058 429262396 429288619 429310542 429184265 431887275 429427119 429515125 429481793 429549504 429490542 429506398 429529017 429522246 429485783 429496011 429503413 429496365 429537837 429543555 429564883 
18 429700756 427062778 429233062 429229195 429276793 429267250 429241225 429225438 429260690 429220325 429237243 429230229 429207093 429250047 429272640 429203083 429291459 431982543 429487036 429526268 429579085 429538139 429546612 429561560 429517446 429617704 429496755 429567431 429538862 429543767 429492052 429502673 
19 429649841 427062600 429264295 429241169 429268465 429248805 429257481 429305687 429278301 429284005 429282382 429234251 429321163 429293688 429306189 429152439 429235313 429272879 431933356 429444162 429522557 429482404 429597140 429557078 429519327 429534480 429540720 429556826 429496514 429470012 429481524 429517885 
20 429598568 427049070 429257820 429283798 429254378 429255661 429269038 429275574 429249191 429297465 429192634 429234230 429308623 429281302 429277757 429230831 429268439 429280592 429252920 431888551 429428461 429487963 429552155 429502903 429533273 429513414 429561278 429516442 429501331 429461808 429543549 429488617 
21 429548295 427115090 429278792 429262766 429281019 429248999 429262443 429282298 429251011 429306101 429283463 429285119 429304621 429314008 429248789 429154615 429293055 429303611 429243672 429303675 431839642 429399021 429520176 429542252 429512173 429536411 429525860 429541370 429545232 429549657 429561407 429510807 
22 429546920 427089705 429317374 429229861 429230946 429223733 429243256 429257008 429267344 429262566 429258165 429266332 429269310 429293427 429290402 429192193 429219378 429267736 429239071 429275731 429306003 431803086 429484662 429627705 429562832 429514874 429513834 429497881 429567803 429509401 429529509 429503941 
23 429466397 427218873 429288519 429291222 429286191 429245566 429241939 429299297 429272972 429282349 429286294 429272925 429221610 429267378 429291596 429229640 429294734 429250858 429298779 429309401 429270703 429315748 431758978 429456535 429579307 429540088 429552127 429485102 429505480 429458045 429520300 429535993 
24 429521130 427190224 429359533 429215222 429254938 429317360 429245392 429194257 429330262 429293066 429259144 429270863 429287259 429278615 429257630 429210112 429256260 429262690 429281328 429241643 429272772 429308795 429330589 431699864 429505608 429581778 429494774 429497242 429544150 429513285 429501351 429550215 
25 429532303 427194880 429253604 429321352 429292730 429262046 429259144 429256924 429249904 429256652 429266621 429176234 429263422 429268596 429256731 429239546 429238202 429334410 429264755 429293482 429310430 429303246 429274173 429291580 431711249 429492417 429493969 429543369 429514983 429535698 429574793 429532821 
26 429452409 427257259 429306061 429264377 429215653 429203659 429212169 429267558 429280440 429260436 429290167 429287780 429231761 429220490 429272908 429233350 429304305 429291618 429307101 429283538 429321669 429296324 429302422 429274068 429276338 431664176 429437019 429590318 429517568 429526817 429507537 429573929 
27 429434410 427225804 429363190 429298256 429338517 429309441 429239743 429293677 429257520 429329827 429328513 429263290 429261815 429333260 429311522 429244076 429302627 429307250 429232723 429325055 429280907 429321686 429316739 429235629 429272699 429318221 431637810 429486379 429543136 429549676 429555074 429526339 
28 429422329 427152256 429316721 429325074 429278935 429302662 429251540 429277020 429250290 429293739 429269582 429247275 429267334 429323636 429288216 429230132 429288700 429246230 429249972 429293496 429259117 429228462 429283987 429281891 429295318 429315283 429289022 431602765 429466627 429583145 429534135 429543435 
29 429355286 427300479 429395284 429306290 429303381 429290411 429288113 429255121 429355760 429308023 429285833 429279305 429328542 429315680 429301571 429241448 429229480 429289546 429268791 429349880 429309239 429257451 429272138 429320626 429294200 429282513 429310884 429302904 431562507 429504720 429547025 429540999 
30 429425169 427278183 429291026 429307174 429278697 429264317 429338966 429263668 429273622 429322691 429299335 429237367 429301385 429281169 429289900 429192392 429277626 429269032 429285083 429275657 429296740 429299278 429301358 429254239 429290182 429295338 429270160 429326857 429258305 431554019 429536949 429565290 
31 429444931 427094411 429363336 429235833 429333533 429285519 429335980 429226863 429379736 429294239 429296795 429274276 429377743 429316225 429301159 429160354 429336050 429268121 429346167 429280369 429353435 429269567 429362686 429308964 429317452 429293269 429327273 429301076 429345358 429349318 431678832 429429128 
32 429428244 427233316 429283060 429286370 429259321 429272236 429340989 429217344 429290158 429269050 429251100 429277038 429285067 429293694 429325720 429162598 429387813 429238664 429312706 429312529 429312898 429336900 429311478 429286651 429216239 429297929 429279738 429289515 429256759 429333274 429267291 431359791 
33 429282721 427330478 429335246 429334153 429274314 429302353 429312819 429307100 429293810 429288575 429251429 429320409 429318744 429256162 429271235 429255255 429348743 429271483 429310837 429333095 429300060 429319790 429322255 429260017 429246963 429349585 429321577 429279521 429455971 429339430 429356581 429199715 
34 429343376 427262137 429286637 429260468 429353335 429256654 429299862 429272579 429319504 429214413 429320524 429297112 429277418 429324247 429331783 429286787 429347955 429334157 429280010 429255978 429292276 429329380 429320906 429332429 429339301 429316655 429341301 429264709 429268934 429330944 429273468 429267306 
35 429405139 427282418 429305409 429274464 429297232 429310147 429248975 429341404 429281044 429285653 429285664 429291161 429325443 429338759 429305347 429277877 429338142 429330438 429262827 429355397 429302807 429329295 429324331 429383827 429318829 429329037 429360680 429351780 429283808 429361303 429420551 429231888 
36 429345981 427357577 429300003 429245242 429330024 429325627 429356516 429295410 429301772 429373267 429325811 429255430 429397007 429303089 429387761 429261385 429268181 429309787 429282460 429261276 429308289 429314583 429301396 429260148 429295117 429357079 429323291 429257275 429300839 429263586 429259051 429285491 
37 429275036 427368294 429318348 429359529 429235939 429279677 429300244 429291102 429332089 429328629 429290338 429315973 429278160 429282596 429344353 429261714 429321339 429283231 429328961 429264460 429324801 429297395 429275770 429324398 429297698 429301784 429306724 429314192 429300731 429265896 429383539 429251352 
38 429270977 427447547 429332322 429299690 429304353 429310266 429264780 429332720 429270044 429302691 429324990 429315868 429277913 429308983 429298840 429260441 429345178 429333938 429326883 429269432 429339210 429330496 429316597 429361730 429363164 429308328 429323714 429280552 429324017 429307705 429266626 429258086 
39 429255641 427367292 429414980 429367489 429378641 429293650 429315821 429312277 429279265 429300720 429378750 429277392 429332620 429312227 429306004 429275312 429333452 429339207 429291775 429294073 429322367 429363490 429303548 429358180 429299683 429318645 429339530 429297596 429352343 429316030 429375514 429256974 
40 429248818 427339403 429275222 429337524 429325704 429322564 429348272 429333239 429316940 429254721 429359604 429321392 429299114 429378441 429291131 429251384 429317389 429314712 429288395 429261789 429295168 429276271 429258330 429302470 429242220 429301512 429271398 429324690 429330794 429340587 429220234 429298434 
41 429242822 427370795 429308174 429320506 429298426 429316345 429364907 429289305 429264977 429355201 429313415 429327009 429340148 429309962 429374665 429230035 429340704 429327032 429336210 429355536 429314654 429329640 429330699 429301144 429360323 429288887 429362717 429342856 429298191 429324142 429374481 429264371 
42 429278721 427335505 429313700 429346101 429341327 429330838 429313948 429345767 429309641 429334098 429349463 429275821 429345094 429306148 429347087 429300631 429348163 429319162 429327233 429386008 429304726 429351935 429278840 429302066 429369172 429288815 429326727 429353656 429352582 429399953 429233850 429306183 
43 429140228 427427961 429390028 429290685 429322843 429319222 429331265 429298288 429374091 429299569 429318970 429285508 429307870 429300427 429259187 429251317 429272459 429352702 429298639 429309435 429359821 429320249 429306788 429307983 429353416 429343328 429335238 429364840 429296318 429306073 429400790 429261503 
44 429221061 427375329 429326142 429354772 429347661 429272737 429361217 429339585 429323410 429325683 429303428 429307812 429326103 429356398 429341458 429268985 429341516 429309352 429278106 429357062 429299146 429326552 429333670 429290998 429383879 429339336 429331602 429341292 429342263 429267728 429290160 429318245 
45 429194875 427439155 429350744 429319250 429325891 429348394 429341636 429322047 429325624 429343745 429355821 429353021 429350133 429334725 429308211 429315502 429328928 429333363 429364377 429318627 429296315 429315017 429338821 429324169 429338967 429333724 429385156 429287072 429365521 429349383 429461316 429292763 
46 429175361 427408761 429370713 429360488 429332429 429297594 429359545 429374189 429341776 429329680 429333604 429309912 429358675 429335890 429308937 429308948 429370812 429277802 429354296 429308396 429278629 429273943 429361249 429341971 429345188 429354832 429324848 429296573 429306751 429343944 429285649 429321654 
47 429127927 427378295 429392166 429346307 429330085 429312649 429310031 429282406 429384788 429301781 429351574 429348794 429366311 429374939 429343337 429265248 429317138 429388725 429372187 429357335 429341326 429380534 429454878 429355699 429351480 429327932 429348148 429337785 429356097 429307605 429476959 429227175 
48 429282123 427408047 429341122 429329381 429328732 429338901 429327293 429370699 429353667 429324669 429351373 429363523 429336457 429335707 429371261 429287296 429337024 429357120 429337525 429331213 429384427 429319887 429340504 429388378 429361989 429365216 429375486 429368886 429355347 429359281 429291771 429320562 
49 429017283 427449026 429348753 429341103 429318196 429319704 429360292 429359142 429380450 429318269 429333269 429373649 429338248 429354290 429305945 429283559 429369912 429382031 429353062 429373014 429355729 429348651 429351465 429338685 429381166 429373626 429355374 429449919 429443530 429351464 429443250 429297353 
50 429226005 427468878 429357665 429374458 429328947 429380192 429361145 429339584 429306332 429342086 429300996 429352011 429351643 429320456 429342000 429299169 429374727 429326314 429344646 429360376 429332699 429334490 429362645 429347420 429337939 429334633 429288288 429324533 429333393 429368174 429297014 429247289 
51 429175423 427526305 429455541 429323982 429349411 429319830 429348924 429373138 429359877 429373457 429349268 429357304 429362695 429369761 429327790 429344561 429339130 429345712 429374396 429396348 429368211 429356001 429324551 429369150 429356991 429300608 429414966 429357538 429297094 429370730 429422078 429258834 
52 429200239 427471511 429350642 429316529 429308139 429362454 429324802 429298014 429374569 429342585 429365041 429351655 429362032 429343179 429326043 429210360 429409820 429345329 429347650 429302864 429364054 429361288 429358250 429341047 429308219 429321769 429344094 429288738 429308020 429396606 429335601 429299418 
53 429177736 427489065 429343373 429373735 429378908 429353859 429318392 429435223 429369965 429353326 429368395 429371570 429355215 429331649 429352747 429304478 429307734 429295470 429368187 429346720 429386672 429398805 429301822 429357654 429336435 429314423 429337278 429378980 429342052 429359121 429463991 429279390 
54 429174635 427487230 429396642 429327285 429333794 429338413 429357176 429357413 429328477 429391344 429355472 429310398 429343121 429353673 429381665 429280887 429365147 429345805 429356847 429330013 429361585 429386392 429365316 429349006 429363049 429376846 429306777 429366532 429376107 429358788 429348388 429294247 
55 429095239 427561847 429370196 429308015 429350217 429363110 429338231 429409990 429370611 429380102 429353313 429379963 429333746 429313775 429376176 429336603 429363665 429338157 429330215 429361694 429363238 429348866 429391215 429353667 429387185 429359161 429347807 429376385 429340874 429364993 429442676 429266147 
56 429192994 427547134 429438514 429349927 429319150 429359649 429323914 429351582 429404244 429307549 429318393 429349427 429365104 429335534 429384744 429266817 429394562 429317171 429341579 429313162 429395156 429362245 429347349 429359320 429382778 429357897 429363703 429386841 429390204 429308600 429311804 429330975 
57 429154555 427541489 429348390 429349533 429354597 429357391 429416660 429322563 429378694 429393964 429391096 429440336 429326584 429367669 429339829 429265157 429341596 429355305 429372904 429408754 429364451 429359756 429359885 429307043 429425045 429370897 429332373 429352480 429318787 429361611 429485380 429261693 
58 429176226 427511929 429416890 429327119 429335155 429331866 429340156 429337673 429316893 429344176 429325347 429342092 429313911 429405890 429364991 429344987 429348987 429355572 429393584 429387943 429393401 429323004 429381353 429352776 429354845 429381968 429368445 429364572 429397654 429377984 429282154 429293568 
59 429245382 427555855 429371983 429332667 429347876 429353059 429359616 429324530 429386316 429395089 429351173 429349041 429415608 429355898 429402004 429299650 429414330 429385138 429314017 429358333 429339353 429304219 429361573 429412435 429324588 429370477 429368355 429427279 429390806 429412374 429482323 429321317 
60 429172230 427576573 429362629 429376267 429403891 429378178 429316318 429353758 429389746 429361731 429349414 429391730 429335067 429345757 429372818 429319412 429389984 429366640 429389029 429371681 429369789 429347259 429461141 429354407 429350698 429353113 429351499 429370545 429340688 429422677 429269031 429309827 
61 429168766 427634361 429423385 429381143 429352233 429387243 429342496 429342648 429361625 429305956 429351890 429379671 429345907 429324497 429380462 429310592 429401620 429366419 429394767 429391753 429366110 429372785 429377937 429381059 429369850 429356563 429360025 429341273 429357692 429356313 429494196 429355140 
62 429163684 427578192 429413353 429392517 429343078 429354663 429355666 429341339 429372607 429336053 429438896 429368205 429413139 429402759 429425437 429315739 429391672 429295163 429352443 429373067 429332973 429348107 429396116 429350747 429364133 429383811 429391349 429409071 429432941 429365106 429341320 429368780 
63 429161047 427550757 429376445 429383046 429395979 429350360 429370310 429378397 429381948 429373750 429385405 429363636 429351849 429358346 429407286 429369422 429374456 429407807 429398598 429359687 429386713 429406665 429320136 429364423 429397653 429434619 429411948 429359132 429461915 429375473 429465459 429292085 
64 429314591 427579303 429356218 429301130 429430180 429411701 429408766 429382080 429389466 429399417 429373597 429346064 429365894 429386077 429355568 429357512 429385353 429408340 429416980 429413772 429325046 429430333 429393319 429440916 429402423 429437799 429425630 429367249 429412693 429393857 429300156 429363783 
65 429095747 427645515 429357872 429353102 429360012 429364765 429361325 429335061 429411637 429349933 429401941 429414098 429469345 429428954 429392691 429340340 429444823 429376025 429446986 429434041 429371168 429395799 429431394 429340689 429393708 429442408 429489255 429405016 429398627 429385993 429450130 429303550 
66 429161869 427560090 429361744 429405770 429405012 429393551 429384925 429349596 429367407 429394822 429389594 429376676 429354273 429426235 429366077 429299216 429373289 429405860 429397988 429345995 429347534 429330992 429362007 429349942 429390800 429410994 429378310 429405179 429378850 429440213 429326085 429363635 
67 429291178 427631575 429400460 429400334 429353825 429307153 429367943 429415709 429445437 429393510 429379044 429388872 429413328 429347771 429351417 429359395 429396123 429360167 429370246 429420108 429336479 429404692 429368493 429351006 429347631 429430188 429386615 429394960 429345541 429348265 429425711 429338110 
68 429224265 427610660 429367590 429465827 429416615 429390419 429424828 429339657 429373587 429357422 429415269 429376871 429350100 429312839 429408035 429268891 429410634 429415885 429444903 429357279 429396784 429347334 429435900 429373445 429371188 429404364 429418275 429446748 429426093 429403066 429302673 429322713 
69 429133128 427679340 429402428 429356484 429399690 429339022 429377363 429357898 429390673 429394812 429419724 429394640 429340467 429395062 429438658 429275383 429399552 429365715 429398898 429411658 429398339 429397330 429428222 429391157 429368078 429367075 429368040 429449560 429400656 429405097 429475308 429331298 
70 429154016 427693804 429423989 429408171 429393022 429389796 429425529 429416405 429416184 429387616 429437753 429414615 429382975 429386689 429434156 429346534 429354833 429397467 429367444 429401122 429408003 429418172 429415959 429428396 429381607 429447164 429384852 429352848 429453045 429361231 429339313 429405055 
71 429189213 427704694 429442301 429410736 429426760 429384414 429362858 429395312 429398891 429410971 429387701 429395922 429398517 429388070 429376989 429382144 429422166 429362173 429362947 429397318 429430707 429362663 429424003 429438835 429430511 429405316 429409471 429392463 429377237 429479820 429482389 429294710 
72 429244511 427664714 429378499 429376138 429386508 429420576 429420020 429406294 429362241 429368955 429409517 429407378 429382740 429396985 429450249 429306703 429416232 429380480 429380411 429396185 429424387 429442126 429422650 429365656 429409558 429330722 429479010 429379917 429446089 429420183 429312267 429400195 
73 429159714 427675891 429392926 429369033 429427696 429407884 429386413 429429825 429390364 429406277 429431592 429386048 429401295 429385903 429419340 429360308 429445387 429461861 429430081 429403405 429398007 429377326 429435889 429431527 429429540 429408798 429407023 429443865 429297148 429399668 429488242 429281188 
74 429211121 427725737 429501102 429375048 429445008 429370665 429356998 429352168 429398511 429395384 429406936 429453735 429385159 429390827 429437713 429311559 429366107 429465127 429509067 429403543 429448536 429426440 429380863 429433978 429434653 429349611 429350063 429401708 429417888 429385357 429317823 429446070 
75 429227953 427717465 429409653 429453790 429406465 429382703 429399126 429455563 429417289 429403255 429389879 429401467 429420070 429429763 429408924 429336286 429449624 429407862 429440493 429413170 429422515 429396042 429418319 429432183 429413220 429336044 429429125 429444063 429447869 429470295 429461419 429319700 
76 429273147 427733631 429463253 429414424 429471268 429450642 429388047 429380304 429457483 429422047 429422690 429451472 429409196 429413598 429400954 429347719 429384789 429468973 429405798 429404743 429364609 429405251 429450940 429417859 429430015 429429680 429447091 429416384 429419516 429350705 429324218 429363949 
77 429208245 427723088 429429427 429396504 429426709 429405263 429450425 429412297 429378221 429426166 429408346 429438863 429412077 429418269 429398311 429367771 429421134 429427266 429374372 429457545 429463728 429396168 429402171 429442950 429384370 429385685 429460442 429470151 429422394 429389936 429504191 429383352 
78 429197217 427706264 429463511 429423377 429414459 429350152 429443920 429449912 429391465 429426756 429384254 429421502 429406047 429430666 429459331 429348241 429391228 429431848 429433995 429389157 429391629 429424461 429380729 429421449 429443662 429410809 429447212 429382817 429436635 429399099 429362639 429433606 
79 429165048 427692518 429424414 429441944 429413052 429418121 429399383 429423060 429476273 429351559 429423700 429418272 429362787 429446367 429410244 429359272 429452495 429361619 429396286 429431509 429426040 429390764 429442575 429395376 429418091 429416975 429488730 429445026 429495929 429441063 429456150 429355302 
80 429344926 427674474 429455836 429444614 429419817 429445606 429442200 429416017 429377468 429420548 429336394 429429578 429395503 429453828 429391201 429388268 429473732 429441879 429438520 429422820 429443077 429416111 429420535 429424098 429449134 429412881 429436343 429466895 429425685 429425106 429365180 429415411 
81 429227078 427793358 429452039 429430636 429384408 429394234 429421807 429384315 429485113 429464349 429448401 429428003 429412650 429450899 429391255 429376808 429481970 429435582 429409929 429380700 429415750 429431997 429411946 429492137 429447938 429489611 429412809 429411939 429443858 429442385 429497098 429365712 
82 429241043 427708163 429404346 429426134 429469683 429438869 429457646 429409231 429413807 429463885 429399893 429491591 429423241 429410793 429401864 429419422 429478058 429401895 429388323 429446546 429466661 429462890 429371595 429410870 429396224 429448154 429398993 429350293 429419273 429511380 429361465 429445190 
83 429249203 427813923 429427846 429405922 429422159 429406748 429437921 429409092 429414643 429498486 429441876 429450370 429467605 429468998 429481627 429357997 429421362 429475072 429449601 429514837 429438068 429445994 429414505 429467480 429411218 429449517 429398014 429446951 429408149 429395174 429532867 429377488 
84 429257110 427749297 429437630 429519900 429515008 429471601 429376048 429404097 429470362 429448806 429450620 429450113 429437557 429471513 429392526 429383438 429351856 429380239 429445436 429381418 429503134 429460142 429412316 429443586 429435178 429430070 429480893 429426529 429457748 429414651 429320196 429401138 
85 429293373 427796133 429523400 429489101 429486011 429392396 429409326 429479511 429415793 429408438 429407852 429443735 429483397 429415111 429477423 429402492 429428701 429465463 429467015 429398809 429399085 429417693 429459686 429462557 429409064 429502763 429422029 429474507 429439501 429449963 429581801 429452306 
86 429249375 427749117 429393461 429449859 429356660 429423944 429447862 429442155 429480040 429439668 429420574 429483347 429389502 429492621 429419152 429407503 429443598 429433560 429444501 429448021 429442957 429428860 429455293 429397784 429429204 429393081 429445476 429452295 429436471 429452218 429362612 429463993 
87 429308843 427774356 429415988 429429339 429424099 429413053 429388215 429414039 429389605 429487277 429414567 429411527 429441061 429450799 429423259 429420879 429456067 429405021 429479361 429438165 429459197 429497014 429448916 429434420 429396668 429438206 429459344 429490545 429430213 429413986 429547253 429351866 
88 429280626 427750103 429499350 429483790 429361754 429433751 429489679 429432210 429469694 429418162 429481100 429451339 429430686 429417631 429461360 429410568 429460431 429466588 429545886 429458341 429450613 429451853 429429207 429474735 429382190 429439501 429481177 429451034 429493927 429475103 429391117 429443196 
89 429307213 427863823 429445441 429438740 429416916 429447778 429462405 429476679 429399157 429462529 429463443 429421056 429415705 429398574 429401357 429376279 429389634 429445036 429455911 429457825 429464265 429399826 429411026 429406159 429509741 429421676 429447500 429437254 429494701 429484860 429594914 429346625 
90 429285482 427744675 429473736 429447069 429484846 429395593 429476799 429472036 429446893 429412319 429435955 429448315 429493542 429450654 429497759 429329184 429466346 429446098 429466886 429472289 429453427 429452615 429512386 429444699 429428621 429429005 429508193 429424832 429445935 429482178 429386533 429425280 
91 429336374 427794119 429432331 429522010 429499855 429485897 429452532 429456061 429456135 429436257 429435799 429480961 429470853 429453058 429389366 429401564 429439127 429487055 429475319 429489077 429437620 429483619 429422090 429493184 429459490 429458163 429458287 429483824 429474664 429431552 429536279 429378175 
92 429371403 427812834 429438194 429454950 429508047 429438871 429447402 429455175 429503956 429464498 429472332 429512037 429513482 429498360 429501491 429398773 429465672 429438136 429511265 429480455 429453778 429462851 429497469 429500101 429434868 429409540 429482555 429455024 429475981 429462036 429382395 429444458 
93 429392653 427820072 429510942 429478633 429557001 429497175 429456398 429425356 429475235 429455557 429467091 429509086 429533527 429411511 429474872 429426539 429445748 429525858 429504739 429501391 429477749 429448472 429466618 429506628 429460917 429416540 429516421 429450065 429440425 429466191 429536420 429373064 
94 429363005 427833233 429450763 429483513 429481409 429518421 429411735 429514661 429413952 429436123 429490238 429429644 429425564 429504828 429497359 429446170 429455963 429451353 429477004 429417453 429476054 429437937 429480688 429493302 429423167 429436044 429471976 429474104 429537571 429432005 429407937 429460394 
95 429331952 427816041 429472383 429479953 429487909 429461208 429487102 429434684 429466750 429482254 429437083 429492547 429501197 429459665 429469563 429393608 429453083 429433232 429443588 429476508 429467637 429421572 429445874 429488474 429436184 429440328 429479918 429448676 429461832 429430037 429549022 429437011 
96 429438681 427889843 429503296 429438843 429478346 429464773 429484066 429468133 429457339 429521349 429479787 429509491 429455305 429526965 429523724 429388825 429575575 429485174 429555343 429509483 429465304 429458465 429464379 429500733 429499937 429464646 429502181 429493291 429451449 429522086 429405525 429473789 
97 429258458 427985516 429462496 429520111 429417625 429478876 429500305 429467344 429446497 429507394 429482558 429425131 429461228 429491333 429449419 429380206 429438782 429454356 429446546 429478287 429449949 429498282 429501690 429476739 429576069 429491544 429487507 429479742 429467484 429503767 429572070 429379205 
98 429411382 427830180 429427160 429517512 429474951 429515021 429425064 429478476 429459777 429481884 429499635 429488829 429495434 429448427 429536629 429419027 429429102 429454545 429486156 429487606 429488649 429488037 429477189 429510120 429451416 429485528 429513501 429450284 429457906 429423559 429419319 429489100 
99 429517612 427836264 429459247 429490223 429431621 429479666 429455763 429487549 429511278 429459527 429448657 429481683 429497876 429507615 429479771 429407255 429446227 429473923 429437187 429460129 429489341 429460838 429477071 429455304 429505794 429512598 429478845 429514482 429516915 429469399 429588389 429396509 
100 429480421 427838201 429559816 429474182 429481271 429458305 429509134 429479232 429512821 429460610 429458695 429474748 429485191 429509265 429522484 429386186 429486109 429527390 429514151 429500505 429426608 429467221 429474552 429480409 429463751 429485382 429407790 429487000 429478775 429459590 429370953 429495869 
101 429476241 427858646 429480205 429518215 429461025 429510405 429484727 429500795 429478213 429434851 429487671 429514618 429491717 429533985 429487666 429423590 429499622 429515567 429526922 429472824 429476686 429463069 429497370 429525123 429492101 429513399 429488206 429520075 429488364 429463814 429538918 429380108 
102 429445196 427912226 429483180 429512708 429567613 429496125 429483277 429563352 429494169 429469726 429465861 429504566 429531393 429519713 429476732 429410666 429467937 429504817 429501855 429481013 429487573 429465071 429486383 429503702 429483282 429477492 429458855 429489062 429476981 429493957 429405994 429477249 
103 429452373 427919098 429545034 429464884 429489960 429444594 429500870 429521057 429488247 429548549 429552128 429534103 429502722 429491177 429458091 429444351 429536811 429476654 429482131 429450422 429474691 429496572 429464797 429499658 429465304 429489071 429464926 429461040 429481732 429499260 429611876 429394239 
104 429471543 427891287 429514825 429520880 429525122 429467476 429518640 429455504 429502465 429491670 429527602 429528838 429535592 429501788 429490421 429449405 429509299 429521770 429521926 429488525 429524662 429486399 429491869 429417019 429517029 429488762 429511565 429525083 429494915 429517252 429375926 429487716 
105 429375954 427855908 429502828 429483645 429468132 429529624 429512052 429505460 429505958 429487985 429571766 429491594 429489285 429553857 429561965 429438731 429526562 429498104 429443480 429469899 429432465 429507946 429497537 429499369 429478248 429473795 429523178 429490675 429498234 429516832 429551896 429449299 
106 429455999 427891163 429463891 429491159 429523609 429485729 429509389 429529834 429508006 429535105 429458162 429536913 429439913 429525138 429509147 429479569 429477247 429552576 429557725 429551725 429484514 429513312 429533991 429505922 429535279 429485065 429487326 429496263 429491807 429558590 429424313 429509342 
107 429441950 427885347 429517169 429502238 429512767 429481152 429516360 429498008 429543801 429514247 429545666 429487917 429550268 429527574 429532357 429488323 429510697 429512966 429495110 429512382 429484277 429482944 429530009 429472035 429512051 429486964 429464750 429561588 429503995 429426434 429586994 429446961 
108 429510207 427866475 429467188 429544372 429521171 429455334 429496010 429519848 429495566 429503923 429539186 429485066 429508969 429474548 429534681 429345529 429569264 429523251 429488507 429536416 429566569 429585537 429523132 429483019 429549784 429471915 429499204 429503806 429510196 429473710 429424936 429422415 
109 429508306 427917362 429492545 429481676 429528502 429540969 429538343 429545911 429554650 429512682 429556336 429530743 429508318 429528982 429533576 429384002 429497572 429495352 429477593 429530882 429554466 429553727 429519743 429528518 429498120 429520378 429467442 429552539 429505090 429553875 429610476 429491872 
110 429541618 427911173 429557125 429530047 429503306 429539869 429495369 429547512 429541551 429474552 429497121 429514379 429551835 429492357 429594809 429422764 429536372 429511013 429549088 429536311 429522643 429538505 429542344 429495154 429560859 429497110 429478603 429527560 429533941 429483035 429427823 429444003 
111 429599251 427945870 429499468 429517196 429550649 429501836 429537772 429517285 429537657 429550239 429484278 429504621 429529729 429585524 429511238 429396246 429515893 429450438 429467577 429517493 429559744 429516539 429538205 429482527 429556768 429520040 429516879 429507226 429533763 429497954 429618895 429409222 
112 429645319 427927311 429511519 429578799 429560562 429569811 429466506 429531583 429567462 429520100 429530523 429465647 429496747 429501104 429529583 429385829 429517612 429541490 429533244 429543630 429477674 429542893 429565357 429499103 429538055 429514511 429535333 429525373 429571261 429508464 429481747 429479399 
113 429556936 427994040 429529099 429537509 429501116 429522565 429514527 429492589 429539685 429505436 429500111 429519431 429537945 429489848 429526836 429515874 429524365 429485990 429503286 429537577 429500594 429477496 429497531 429604760 429531364 429540939 429521055 429543359 429537006 429493474 429606755 429457431 
114 429586395 427907679 429491154 429524390 429591606 429515064 429538563 429544680 429558317 429502537 429584246 429570710 429487019 429529973 429526578 429500701 429511310 429497831 429498215 429461128 429568025 429578017 429441272 429503422 429496052 429471675 429476694 429569287 429500488 429512229 429418017 429534967 
115 429465641 427997953 429568364 429560586 429548936 429581793 429556753 429527442 429546978 429537634 429552915 429599514 429542927 429559942 429515654 429450112 429490062 429474805 429540760 429638264 429545234 429552994 429572817 429561455 429464737 429534007 429530364 429605917 429539443 429532177 429556993 429451860 
116 429572309 427872030 429570182 429498981 429546550 429578236 429563002 429533272 429554911 429544148 429531349 429521736 429571952 429540538 429567526 429488252 429558733 429531051 429550510 429513716 429522318 429577362 429531306 429525503 429516969 429518400 429593600 429567975 429505311 429536986 429445887 429490696 
117 429623992 427915171 429576086 429540081 429589512 429464856 429586562 429554505 429575154 429530473 429553938 429540917 429537158 429509346 429566257 429480028 429509551 429561375 429537532 429573703 429581698 429567107 429490687 429519063 429532163 429535969 429531460 429644516 429521985 429552318 429650882 429441919 
118 429646949 427934928 429536802 429589923 429535212 429578909 429553983 429522979 429528204 429547186 429583422 429545446 429533596 429584049 429520260 429478329 429552196 429521952 429487951 429563310 429586095 429568175 429532005 429563495 429588169 429497286 429542679 429490523 429482826 429545549 429485536 429517208 
119 429630359 427858984 429574523 429610326 429500386 429477367 429595598 429629196 429565670 429527027 429545123 429534650 429524812 429550717 429547027 429438187 429532420 429579127 429495604 429520234 429532467 429573211 429551028 429529257 429629391 429539867 429539015 429551671 429568922 429510057 429676575 429458626 
120 429612304 427911240 429508931 429549992 429592913 429533163 429538296 429564307 429597309 429568916 429525464 429572287 429588979 429562837 429572430 429471311 429550674 429501612 429537799 429544129 429537891 429524281 429555763 429549290 429527106 429528602 429499079 429560221 429536039 429515967 429447030 429504114 
121 429619489 427920070 429512269 429571212 429527043 429564452 429587574 429502799 429510329 429614883 429571047 429568225 429550077 429555612 429561074 429485178 429526449 429576898 429552970 429518785 429579038 429586978 429578001 429552938 429528737 429582530 429548665 429561424 429528594 429573253 429641285 429483407 
122 429637316 427942039 429567763 429543774 429590829 429530337 429570654 429538519 429548895 429565076 429522736 429601396 429576912 429552859 429589824 429476587 429533627 429574924 429528682 429545637 429562100 429581677 429580868 429572059 429539739 429575082 429542573 429536248 429514011 429568389 429468000 429461540 
123 429621046 427933492 429619178 429610373 429543718 429573494 429559090 429568187 429552087 429594561 429602386 429610438 429599266 429534075 429539026 429518684 429525943 429579815 429600515 429515359 429550604 429516393 429526222 429603140 429582766 429547309 429593698 429523791 429584504 429552282 429632618 429484139 
124 429653508 427922558 429636511 429543679 429559929 429562814 429562338 429535403 429558441 429562137 429602275 429571193 429586517 429587384 429631780 429462240 429601869 429557900 429526053 429556179 429589754 429543713 429579271 429564658 429569098 429562224 429547704 429540826 429569792 429521491 429539338 429549811 
125 429714146 427982214 429630291 429546727 429601551 429541926 429548821 429568548 429595012 429542999 429556318 429502704 429552704 429661280 429468010 429531976 429555258 429650659 429628891 429559182 429592796 429637923 429538617 429606025 429565115 429631428 429547708 429581409 429592082 429551979 429650480 429468960 
126 429713851 427993477 429607733 429577459 429599588 429544839 429625338 429561415 429566219 429602262 429529517 429573376 429582959 429548369 429566313 429534775 429620012 429576372 429610518 429558524 429561941 429594421 429599404 429539790 429607665 429545875 429642407 429557726 429601766 429567948 429497652 429545740 
127 429442004 427850307 429573131 429547076 429606893 429589068 429555568 429584054 429517168 429614755 429608420 429573769 429584612 429557338 429580707 429501675 429564154 429589946 429565330 429596791 429590845 429587455 429568347 429624612 429579647 429631778 429574934 429553249 429547763 429597630 429656902 429517444 
128 429436238 428022939 429663995 429618382 429640542 429641100 429647445 429589623 429640598 429666465 429613342 429576913 429698478 429645306 429661267 429539030 429683346 429659885 429611704 429603801 429629814 429579887 429608591 429622512 429638248 429599120 429606251 429589969 429648008 429656343 429534980 429579347 
129 426855611 426632900 429617786 429592142 429592765 429609055 429581125 429575907 429561836 429566559 429633487 429552096 429600038 429588622 429548494 429527342 429636569 429602762 429633658 429649748 429583304 429575572 429643016 429562934 429588710 429531255 429554871 429553311 429566366 429540901 429634483 429521526 
130 430323879 427907889 429584905 429552516 429621023 429621057 429621395 429577591 429551924 429578447 429585821 429643551 429603002 429632218 429559249 429502047 429628076 429626475 429590625 429588969 429572049 429587701 429591552 429609882 429587285 429585202 429592459 429611112 429604287 429605534 429495603 429523699 
131 430410855 427942371 431291724 429553037 429581969 429591968 429568432 429588769 429544738 429587723 429580170 429669237 429592780 429605096 429538142 429549493 429602518 429580944 429559383 429572250 429563003 429621723 429539026 429596568 429574918 429596617 429609044 429569912 429573870 429597222 429649174 429536502 
132 430359735 427980944 429614823 429576114 429629461 429612512 429533595 429536845 429629611 429596953 429578449 429578152 429580230 429590429 429608680 429475377 429600138 429551161 429573210 429573729 429575803 429656477 429535996 429642114 429669082 429587681 429564024 429575183 429601006 429557954 429522476 429640480 
133 430356272 428018750 429645973 429594938 429574245 429638072 429618786 429598446 429643380 429610950 429586220 429672034 429642066 429589922 429536934 429510930 429562537 429626138 429593360 429563985 429617489 429619545 429613632 429629853 429613681 429585562 429587794 429552245 429570849 429611714 429659678 429477828 
134 430297668 428076600 429625589 429642190 429669400 429574673 429623430 429627930 429607651 429624462 429563201 429566593 429625677 429592018 429547766 429558450 429641579 429643252 429582770 429605129 429594331 429598389 429642489 429672307 429655857 429567681 429630123 429593371 429579481 429612866 429560233 429552317 
135 430291756 428056805 429629471 429592913 429578561 429624638 429593715 429655948 429667612 429629031 429621854 429611798 429627979 429587325 429557692 429486679 429633625 429583491 429582845 429609068 429654362 429640120 429594246 429604683 429568577 429629466 429670449 429626159 429585581 429593324 429688077 429474830 
136 430326896 428037387 429638823 429559921 429570174 429606120 429635597 429617193 429580529 429640433 429576228 429669179 429620597 429572936 429625582 429539314 429612698 429582049 429644176 429595391 429591584 429574184 429634626 429599177 429641341 429554972 429611874 429585618 429648462 429591969 429558002 429585087 
137 430333924 428114249 429677884 429628440 429623726 429650478 429620779 429651844 429682821 429641069 429605392 429598756 429621192 429653091 429526662 429561858 429599666 429605678 429553977 429600758 429624498 429607706 429613081 429610177 429617456 429656201 429605121 429626312 429653269 429652120 429699077 429554160 
138 430354318 428055583 429646739 429639231 429650418 429600757 429624044 429643476 429625025 429611177 429662185 429579080 429621495 429645622 429599926 429622011 429662596 429626196 429628381 429614580 429614832 429643624 429635715 429632665 429639498 429599052 429578047 429608379 429652403 429607636 429493278 429517914 
139 430303135 428127790 429625385 429640728 429605116 429656269 429749812 429634568 429642501 429641413 429616808 429684222 429635945 429613508 429595633 429585687 429629786 429646932 429571149 429602561 429573848 429642371 429584042 429645878 429614064 429684469 429654108 429631457 429558339 429691746 429661864 429587813 
140 430369727 428139448 429652844 429633257 429665817 429672688 429633969 429660749 429628220 429633062 429691906 429659849 429675654 429644552 429618854 429526678 429640950 429642069 429625032 429555494 429580538 429614723 429634567 429651929 429636369 429653810 429639330 429638823 429584456 429622443 429549061 429519706 
141 430360697 428183209 429693400 429623677 429649838 429651661 429628273 429631092 429678648 429633762 429684280 429650372 429673527 429680006 429635290 429560240 429622764 429636011 429635618 429648963 429651157 429597972 429639521 429640327 429671890 429625218 429625379 429636565 429602766 429621746 429699634 429574099 
142 430378899 428128635 429669167 429631862 429608324 429642072 429692285 429666899 429580206 429599945 429637200 429600299 429638731 429631910 429652246 429622716 429665087 429679575 429612775 429628843 429644391 429609346 429690811 429641102 429627231 429681280 429638336 429541096 429654553 429626391 429568189 429547888 
143 430419759 428126075 429624692 429696508 429672170 429690853 429676958 429640380 429662113 429652114 429650863 429689480 429651446 429606576 429611908 429641130 429696634 429662931 429651195 429612248 429650190 429635188 429662126 429615561 429637940 429662011 429686708 429619559 429661657 429636154 429734290 429559408 
144 430518652 428196744 429715930 429647556 429614615 429675448 429640822 429645905 429697818 429641908 429706735 429622809 429663550 429687986 429692454 429532778 429675048 429600424 429667922 429641080 429655099 429608102 429615624 429636947 429636643 429639784 429619435 429620763 429692548 429664204 429617169 429548101 
145 430229451 428274901 429654799 429628468 429676242 429681460 429668434 429717093 429678835 429659262 429646382 429686679 429676546 429624904 429704201 429603536 429633106 429647962 429681896 429699364 429630578 429737885 429612488 429641717 429655000 429703714 429661382 429631955 429752317 429633644 429740679 429586723 
146 430395257 428118816 429701827 429676762 429628354 429702070 429684682 429642200 429595180 429657406 429615739 429637433 429646053 429647775 429617020 429586097 429642483 429626765 429650471 429663793 429675116 429624353 429695113 429640399 429656401 429690685 429645792 429617480 429720210 429555210 429603000 429656061 
147 430405424 428180856 429727623 429693120 429624871 429676891 429743877 429626206 429632998 429669468 429636272 429641092 429685051 429668999 429649990 429578498 429640086 429620060 429673239 429693272 429644963 429661440 429662886 429607248 429677338 429676310 429613080 429616723 429697104 429677003 429773953 429597805 
148 430410316 428172367 429647463 429635575 429607352 429659089 429657017 429643817 429673841 429679525 429636036 429708680 429679233 429677900 429733296 429602261 429652150 429650083 429652026 429711116 429697203 429624673 429673321 429683565 429637618 429678705 429694394 429646513 429640173 429596726 429581577 429611531 
149 430429399 428222581 429757026 429657300 429702076 429728694 429687499 429662623 429659418 429702269 429747231 429673650 429646254 429724928 429689309 429595431 429658328 429676317 429705822 429672679 429612270 429659928 429633077 429695642 429674209 429661982 429655133 429687620 429633894 429656775 429745525 429563207 
150 430409391 428187264 429653737 429744924 429697633 429654816 429692936 429689042 429630232 429709498 429692895 429703586 429683395 429648097 429695732 429564297 429632010 429685008 429650920 429644770 429705630 429632163 429611141 429669391 429641067 429658071 429710797 429667310 429622541 429693879 429589428 429651048 
151 430387391 428240963 429673193 429681948 429690584 429754622 429659921 429657492 429684825 429714202 429618456 429683252 429738569 429664702 429660098 429553891 429678848 429640057 429689016 429652838 429635340 429671165 429680389 429667298 429714038 429664247 429699644 429715447 429647353 429662736 429706288 429563201 
152 430394129 428187362 429716980 429720477 429679312 429672662 429731543 429732497 429692969 429681570 429647739 429645197 429685363 429649127 429649259 429650153 429687589 429675770 429671696 429676074 429741954 429701717 429684135 429626623 429645075 429756851 429715994 429685022 429677830 429684508 429595984 429653417 
153 430392714 428306220 429698310 429700724 429690582 429718360 429719209 429724545 429709340 429704023 429713258 429707751 429658949 429675672 429641846 429585783 429697938 429715493 429649165 429650409 429682765 429618164 429709471 429643532 429604325 429697171 429696378 429627997 429643294 429671790 429729254 429684344 
154 430415616 428274532 429745329 429710411 429723377 429741270 429745436 429721053 429707531 429690259 429688130 429693537 429666826 429731809 429682077 429624606 429673247 429727003 429682341 429680598 429697489 429695166 429645497 429698764 429758051 429688124 429665482 429693075 429701106 429656804 429620792 429623349 
155 430418337 428261997 429799920 429722271 429705153 429740676 429696830 429664311 429744030 429733629 429728122 429739298 429653508 429710610 429661560 429606977 429675171 429683042 429649353 429685312 429698043 429711442 429652205 429677119 429706822 429716884 429672515 429646872 429660563 429667872 429742839 429586538 
156 430373342 428303926 429745467 429690309 429722846 429702622 429750559 429703300 429754974 429742824 429728727 429654814 429666247 429714027 429697249 429640881 429747793 429712005 429720778 429677653 429726383 429644708 429650809 429710105 429697967 429719741 429689744 429725791 429688974 429693124 429628760 429644587 
157 430486869 428247310 429759119 429722657 429791439 429763453 429752421 429693899 429699466 429710275 429675554 429701114 429663342 429673280 429755333 429621130 429676576 429756975 429680448 429713045 429733279 429727981 429688963 429652274 429715715 429729913 429764866 429690527 429697370 429709820 429816697 429628319 
158 430383583 428317771 429725276 429703294 429709939 429709003 429666386 429746979 429702509 429727057 429748506 429657741 429677985 429675020 429683053 429596524 429674513 429709327 429721279 429762540 429733937 429656753 429718830 429718546 429632922 429687571 429669594 429709994 429686223 429694857 429608567 429699445 
159 430422560 428293935 429727578 429753233 429702843 429726271 429720289 429715494 429739247 429778164 429709193 429754010 429678363 429745820 429677087 429647452 429735982 429727176 429751517 429689046 429682243 429709267 429693481 429726803 429663753 429710952 429688152 429756884 429702733 429647750 429747815 429619672 
160 430468378 428349955 429717742 429735598 429722172 429718234 429768164 429702198 429709039 429712866 429711074 429747253 429723021 429717158 429762155 429672212 429767134 429723504 429728453 429721802 429733759 429732147 429646186 429682138 429694922 429703367 429691448 429740101 429738515 429736909 429641224 429655081 
161 430338248 428383741 429740296 429728124 429713014 429732372 429756971 429753244 429734279 429756306 429651735 429751309 429757093 429713985 429737227 429677170 429758415 429695047 429746134 429727351 429733309 429711088 429707983 429673495 429739338 429688855 429649101 429745711 429663226 429701476 429802474 429691229 
162 430479357 428262916 429709176 429731850 429755413 429746835 429721848 429717100 429665572 429775427 429743989 429686891 429704814 429726861 429735720 429640470 429683762 429764930 429664434 429767075 429753697 429759461 429697394 429745916 429703064 429722082 429690109 429759547 429754034 429708057 429645573 429653101 
163 430538169 428358270 429742005 429790978 429807914 429725496 429732751 429736005 429771821 429723502 429743445 429748984 429660373 429709378 429747910 429668603 429739047 429752711 429785148 429687398 429716929 429682399 429697247 429701556 429810695 429761257 429723847 429663977 429680373 429729357 429768808 429614942 
164 430419868 428353177 429747294 429762712 429774644 429763953 429752421 429721830 429751213 429781124 429753041 429728399 429789237 429727851 429784082 429669242 429780992 429780538 429731351 429717131 429759790 429724828 429742726 429771059 429778916 429716559 429737997 429789864 429725258 429721739 429624914 429642242 
165 430373997 428393769 429779555 429771533 429714839 429823590 429714207 429793185 429727765 429712873 429766119 429737101 429776972 429701337 429688395 429678558 429722264 429773320 429718184 429751772 429742544 429738867 429746081 429755313 429757610 429737757 429748867 429757545 429679072 429768293 429806777 429619026 
166 430393025 428391497 429744558 429777749 429794524 429812722 429749311 429813248 429771451 429731661 429740277 429729479 429739735 429769678 429725597 429681105 429804788 429710646 429728153 429727715 429753443 429771692 429754438 429766740 429784954 429698215 429726870 429722648 429715178 429705700 429645540 429697190 
167 430379434 428453025 429780979 429725138 429785749 429758651 429761449 429755038 429745252 429670234 429775667 429732166 429785444 429753438 429715768 429715669 429747209 429783983 429759335 429758501 429797916 429733851 429779687 429764895 429773319 429757547 429759214 429710712 429753466 429700078 429795343 429705814 
168 430406475 428407101 429760514 429790109 429766798 429750111 429756283 429763240 429778499 429771075 429724388 429779771 429749946 429800630 429795659 429703411 429715988 429763218 429767590 429769298 429703332 429760638 429728467 429772044 429736135 429736722 429787862 429737828 429701892 429778741 429695215 429719811 
169 430401285 428389589 429804359 429732464 429777482 429805943 429819658 429773487 429736367 429754846 429860914 429777473 429783283 429785943 429749698 429637116 429723570 429800944 429819000 429786098 429773998 429757824 429806815 429787532 429730427 429769227 429763755 429742715 429760628 429716194 429794299 429655695 
170 430371928 428347365 429802241 429785079 429749488 429707758 429763255 429770933 429802919 429756818 429783651 429756657 429784491 429816481 429816427 429697398 429745031 429724370 429699692 429793095 429794542 429763886 429755757 429820770 429798075 429783577 429735848 429733602 429763102 429748622 429678180 429762930 
171 430449990 428452477 429809068 429802810 429799859 429803191 429816245 429829341 429787218 429750638 429792152 429726827 429755326 429800318 429820283 429702332 429764419 429750570 429723986 429779352 429796636 429797129 429774157 429760998 429723948 429739527 429710084 429797117 429777847 429760371 429836665 429696056 
172 430381958 430055654 429765286 429786796 429775294 429801973 429792318 429785646 429767211 429788660 429727064 429736292 429775123 429765162 429746170 429720447 429755842 429737783 429794838 429772724 429784938 429761573 429770835 429736977 429797083 429857335 429785085 429763236 429787095 429751521 429721714 429715729 
173 430374733 428446478 429842952 429791395 429792692 429776363 429804942 429790212 429761863 429869252 429786548 429845126 429819876 429815503 429803318 429740982 429740007 429781389 429802431 429775285 429776742 429774570 429778542 429806980 429793792 429776629 429787323 429726832 429761937 429752162 429847068 429679099 
174 430407607 428431360 429776383 429767358 429752309 429789685 429785499 429770225 429766232 429841980 429797645 429832601 429768963 429758498 429785467 429699810 429825401 429771810 429828473 429787987 429808576 429787146 429841335 429807256 429774218 429757673 429791127 429728559 429802570 429767419 429736465 429710021 
175 430352607 428377488 429821728 429835661 429849459 429829294 429807584 429751940 429819327 429835272 429738029 429813056 429847712 429818474 429795903 429750025 429796430 429817675 429827497 429843654 429742733 429743757 429818723 429785429 429735364 429784511 429743843 429769932 429782699 429761857 429878597 429713395 
176 430459322 428421709 429856284 429818971 429785511 429815327 429795827 429801139 429823671 429811886 429836922 429790047 429780260 429794165 429801202 429731796 429801718 429760020 429810854 429793786 429790272 429780579 429799537 429774079 429797758 429833629 429855023 429809028 429792282 429804359 429658584 429763046 
177 430178122 428551511 429805921 429826691 429838415 429811812 429796303 429856606 429792236 429837763 429810026 429835806 429761618 429825648 429847608 429710039 429763780 429807683 429724922 429835094 429767061 429792413 429851471 429763503 429812410 429762202 429804873 429795016 429773527 429763063 429849345 429723058 
178 430364700 428340402 429794770 429792878 429856288 429838548 429846659 429791618 429811440 429823716 429805112 429775217 429823939 429843459 429812468 429757291 429806611 429799430 429814868 429770999 429821992 429768013 429847721 429785504 429793074 429803260 429765523 429778378 429753178 429777931 429703503 429759636 
179 430351831 428448618 429770418 429835285 429800322 429828668 429867939 429838177 429810838 429835985 429872742 429819601 429825073 429787520 429841748 429781835 429824131 429842535 429810122 429801871 429825271 429789169 429764424 429807316 429786906 429712152 429846538 429838700 429788719 429763415 429894693 429787098 
180 430369109 428465675 429854646 429825427 429849574 429822816 429856988 429809372 429841571 429786976 429820179 429867095 429892279 429836158 429841368 429708302 429789203 429848929 429830062 429840061 429828920 429826800 429784058 429803051 429822343 429866562 429755682 429804129 429799805 429809215 429750936 429835274 
181 430311391 428490568 429838148 429852159 429783643 429792093 429832132 429794935 429867865 429814131 429807156 429797106 429822810 429807254 429845993 429733630 429820593 429783230 429789036 429823652 429781953 429802024 429768247 429803636 429830628 429751838 429759093 429799112 429813782 429803464 429865174 429749280 
182 430373262 428481217 429801115 429877280 429840861 429844535 429856431 429876074 429810997 429821990 429874153 429763914 429845554 429868504 429873003 429777240 429811200 429807195 429804322 429828280 429848011 429815727 429857970 429814189 429814366 429807154 429770945 429841463 429773273 429802511 429765729 429810736 
183 430314352 428505164 429849330 429825563 429870432 429874908 429873690 429901500 429823821 429868599 429842590 429885821 429844872 429806133 429815061 429784466 429826501 429843740 429820653 429794953 429815767 429811321 429823906 429828441 429823223 429827100 429778356 429836727 429864602 429814645 429855470 429767161 
184 430311245 428497070 429882261 429874078 429893151 429864671 429842246 429854460 429853844 429849353 429827444 429816341 429878309 429847302 429876073 429778574 429819966 429842276 429886621 429816626 429841231 429755755 429853761 429850798 429828966 429837891 429814747 429843531 429819320 429787525 429761172 429795330 
185 430285332 428543668 429834131 429838932 429863093 429920961 429860883 429890401 429837859 429835428 429872837 429824562 429879552 429905670 429796514 429801292 429828007 429844726 429864779 429852779 429792139 429866527 429808761 429832834 429841253 429790888 429838044 429834426 429831474 429826834 429891523 429780140 
186 430312388 428410237 429835122 429895388 429851581 429904781 429882275 429881407 429915262 429880076 429855437 429866002 429871978 429863108 429839245 429754348 429863015 429808512 429878832 429856745 429873608 429883480 429871261 429885966 429848108 429824133 429830724 429873982 429838835 429847498 429786928 429811007 
187 430255332 428493835 429886542 429863826 429870095 429878737 429883153 429899128 429845998 429880330 429887980 429898190 429863750 429857302 429850930 429809947 429832815 429872738 429856877 429812603 429863677 429834368 429826972 429823778 429778047 429884657 429883294 429838313 429885804 429823310 429907334 429733534 
188 430361103 428492772 429902231 429851433 429892791 429914253 429813970 429887134 429842211 429885477 429923373 429831133 429871560 429912356 429940527 429782179 429842967 429850422 429822809 429852593 429857087 429778783 429846347 429804569 429797502 429848161 429844418 429884663 429852115 429823460 429797812 429725126 
189 430334110 428536143 429898058 429879306 429901119 429931462 429927892 429920870 429838074 429845391 429868998 429916934 429922243 429862947 429910261 429749897 429866539 429877295 429826712 429870235 429842465 429855386 429819700 429841770 429862548 429849417 429820047 429899089 429814034 429850898 429885607 429791968 
190 430259463 428604552 429889860 429877062 429896524 429862583 429931730 429881861 429930374 429928489 429882300 429852169 429795968 429869015 429851901 429780294 429829943 429865657 429834485 429868037 429843334 429880026 429838639 429862648 429885161 429881056 429903956 429836535 429874312 429879422 429800342 429854244 
191 430160482 428435989 429909595 429884716 429930064 429893283 429894612 429893102 429932352 429936910 429851904 429910694 429889686 429904830 429860422 429799682 429865245 429902278 429877748 429880366 429842705 429873869 429853956 429862692 429896939 429800487 429855038 429845202 429928825 429812964 429987039 429797146 
192 430443008 428546857 429975223 429913465 429904285 429868370 429918586 429906918 429929222 429961061 429920769 429899054 429907451 429903280 429915198 429835064 429925464 429847928 429844874 429947544 429887090 429889907 429876989 429845290 429886571 429887363 429868529 429890811 429881208 429894780 429853000 429798013 
193 430017633 428561568 429978858 429924127 429870924 429945429 429913154 429928529 429923652 429875275 429901358 429890122 429904025 429907378 429891902 429817933 429868839 429946696 429926133 429872383 429828311 429913706 429823480 429872904 429865716 429887405 429833828 429894169 429854217 429850341 429969388 429792851 
194 430197557 428460388 429871550 429921991 429897922 429969542 429959416 429957743 429884525 429861225 429932522 429952874 429898177 429898651 429929183 429836987 429939876 429895522 429912173 429906168 429938123 429894747 429869365 429875876 429873419 429878556 429887161 429877817 429866551 429886512 429831781 429890637 
195 430287694 428613142 429903697 429915355 429978274 429970053 429932506 429885454 429901368 429918882 429932561 429917616 429910722 429955960 429871019 429822558 429856499 429897405 429893820 429859294 429890086 429876473 429917440 429873659 429885758 429884957 429924716 429887863 429873691 429861462 429954701 429802057 
196 430226747 428535256 429952959 429908486 429965201 429906893 429942174 429929375 429964143 429888354 429914375 429886717 429878737 429934522 429903788 429857652 429886240 429942578 429913406 429894356 429919011 429897826 429872634 429937732 429877499 429861218 429862161 429874774 429875150 429872321 429827733 429857335 
197 430189411 428610242 429958023 429977625 429974405 429949266 429933435 429940405 429917895 429948640 429937669 429946628 429913188 429967329 429918281 429851210 429887448 429933926 429950461 429936333 429925806 429927817 429898650 429878724 429885489 429892324 429874656 429906912 429868561 429853485 429967578 429800330 
198 430165302 428573880 429950070 429900311 430028881 429960772 429934790 429967219 429969883 429958348 429978178 430014999 429930623 429903819 429921308 429875565 429923526 429952951 429911574 429913996 429915829 429890862 429913612 429884623 429892519 429947455 429935914 429887288 429892241 429895266 429842205 429893189 
199 430159327 428628824 429927528 429954238 429946122 429983399 429895303 429879277 429965016 429948517 429920445 430002010 429928710 429912732 429946460 429892908 429957705 429954846 429931792 429912239 429931062 429961689 429902371 429904097 429951230 429927199 429870167 429937485 429915358 429871296 429978607 429823443 
200 430118848 428551030 429970897 429960403 429923272 429941845 429962280 429923717 429989291 429967334 429907917 429949009 429950667 429942947 429968989 429840961 429961280 429960922 429913756 429948130 429928969 429940393 429891138 429883415 429940026 429949774 429897963 429885902 429926239 429936509 429877082 429844061 
201 430167801 428604327 429952692 430007308 429969261 429973157 429950813 429983608 429992989 429973373 429991183 429952933 429917823 429926772 429999189 429911495 429926882 429952185 429979539 429904710 429872411 429945714 429941945 429899532 429891499 429945239 429948358 429911038 429936163 429887851 429990348 429791040 
202 430101332 428532407 429996139 429982935 429971566 429927762 429974793 429948426 429946893 429972774 430000375 429981017 429933587 429963436 429950080 429822795 429979050 429987760 429967311 429993272 429919051 429919793 429895447 429927789 429954220 429895729 429923684 429949783 429895606 429972131 429807116 429877854 
203 430056468 428584996 430008223 429934185 429981476 429995231 429986187 429996971 429967868 429946590 429977730 429994180 429924261 429931874 429946099 429858854 429927653 429911945 429969456 429921011 429926853 429966915 430016654 429907012 429996957 429924167 429943614 429921737 429933198 429956954 429998143 429848379 
204 430129305 428609863 430013667 429966073 429993405 429963531 430009265 429934696 430002078 429987976 429950681 430076721 429986308 429940094 429934086 429947327 429979019 429945226 429988262 429949714 429959439 429961367 429959088 429936690 429971133 429917729 429965843 429907903 429958918 429957017 429876432 429878418 
205 430044892 428601989 429954211 429992060 429990067 429998962 429983405 429998241 429971981 430017427 429980426 430021197 429980670 429993854 429960832 429949098 429909312 429945682 429961238 429945811 429968216 429972544 429949970 429957372 429951948 429935817 429899490 429962709 429941190 429959856 429985183 429911740 
206 430036767 428665631 429997773 429976221 429997179 429983550 429984277 430016245 429980455 430057261 429957186 429962799 430014204 429947688 429977603 429872471 429994410 430007760 430016114 429927712 429931381 430012047 429996876 429966336 429908968 429956486 429966447 429927236 429904855 429951636 429881031 429915616 
207 430069268 428505042 429980543 429998540 430035494 430062592 429988534 430049240 430014436 429976457 430031845 430002957 430032905 429966005 429981661 429906542 430025143 429971357 430015994 430009837 429992616 429962856 429978002 429992833 429999635 430029532 429979149 429940293 429899253 429944401 430008699 429837178 
208 430119998 428686348 430011734 429976886 429986530 430001465 429998026 429988797 430055620 429976253 430015915 429995693 430000770 429967942 430021492 429962959 429979329 430001515 430035024 429959570 429970053 429969162 429937333 430025448 429992783 429923992 429937208 429970815 429892278 429952263 429865301 429936137 
209 429883154 428769499 430079329 430033002 430001914 430070668 430079835 430004096 430048426 430036133 430047196 430068197 430005197 429997587 429970784 429919987 430051907 430025228 430067637 429987516 430055508 430019970 429939315 429971156 429977816 430023236 429978750 429976103 429922892 430011920 430006132 429876425 
210 429980865 428559777 430010810 430070771 430027185 430062409 430038278 429987869 430055647 430046028 429991887 429986045 430031635 430003084 430013213 429886678 430003654 429937524 430023316 429968229 430029196 430030686 429957135 430016890 430000007 430044041 430036661 429987491 429986874 429978989 429901271 429899010 
211 429920213 428708426 430070202 430026553 430013575 430038352 430016217 429991561 430002978 429997682 430079483 430036963 429969333 430081880 429986099 429898644 429999921 430001941 429991373 429994473 429999890 429987189 430006231 429998039 430034173 430018691 429980916 430049178 430026185 429959559 430058126 429932051 
212 429889569 428594010 430081809 429973599 430001987 430088791 430087739 430058880 430025158 430048933 430066063 430043296 429996343 430008158 430072543 429927449 429982502 430056648 430022407 430012810 430004541 429976822 430017936 430023237 429991451 429985134 430021057 429924916 429972588 430023054 429899253 429910655 
213 429882807 428645425 430059513 430053941 430088897 430054584 430094046 430027667 430087603 430080673 430039554 429993564 430017645 430050174 430046522 429901891 430011567 430010978 429960771 430015632 429998177 429993368 429999040 429976471 430014023 430032325 430001863 430001009 429984245 429988778 430086851 429920960 
214 429937691 428630023 430092690 430114331 430099157 430041915 430100160 430147101 430109469 430020268 430027616 430069484 430052707 430003294 430001690 429981225 430029424 429982449 430046903 430075199 430033465 430088611 429976875 430023151 430030724 430016457 430031744 429991658 429967728 430000226 429954045 429960570 
215 429926010 428634286 430126458 430007652 430100301 430061736 430007281 430066477 430054889 430020160 430075257 430061084 430075432 430094751 430012346 430032095 430034685 430049042 429970539 430064080 429993927 430100195 429985470 430040124 430018289 429951078 430024923 429987438 430045529 430013018 430035107 429887115 
216 429888634 428592313 430074536 430072757 430062693 430033424 430055832 430080201 430068250 430049468 430016475 430041517 430121983 430030534 430041604 430009206 430035463 429975730 429992837 430088088 430051305 430059611 430046908 430006901 430043335 430026053 430044483 429999225 429982635 430023564 429976354 429980337 
217 429838891 428686137 430105979 430059758 430045530 430054859 430053090 430132325 430035526 430042278 430077047 430030843 430044922 430049949 430038939 429980106 430026881 430070363 430022862 430017520 430075247 430025667 430043151 430072234 430015329 430038948 430000219 429979753 430043098 430044381 430077368 429951893 
218 429843316 428631066 430092289 430063372 430074494 430116976 430035682 430068170 430085078 430015326 430102762 430010091 430090625 429992789 430041756 429957364 430014547 430069784 430047076 430038998 430079391 430045994 430060666 430026498 430025837 430054876 430028450 430083100 430012143 430055589 429934685 429983550 
219 429823195 428668368 430119413 430077317 430140362 430099499 430055431 430073159 430059060 430136247 430100467 430066142 430121989 430056953 430072439 429967813 430058746 430063738 430086242 430098081 430056378 430011530 430006669 430043651 430091962 430028037 430037794 430084354 430049706 430045094 430062354 429910702 
220 429767919 428608811 430102044 430075448 430087105 430081933 430091054 430142567 430117973 430077324 430077246 430125640 430070155 430075218 430100793 430003085 430069682 430121727 430109028 430117780 430078987 430084375 430006488 430056882 430040918 430029349 429985326 430058658 430063107 430030099 429923162 429987898 
221 429891578 428714824 430129192 430053144 430108253 430146854 430110132 430089270 430118081 430083015 430009165 430124221 430058677 430099426 430078118 429985852 430046270 430105684 430056211 430138946 430027650 430080285 430006743 430119794 430097436 429995495 430050669 430020355 430045701 430046081 430105455 429980520 
222 429754278 428775703 430096675 430094900 430163548 430141203 430074484 430083895 430079941 430083917 430146213 430117059 430109922 430118699 430141302 430023826 430097693 430060659 430121573 430029723 430108424 430061816 430075941 430056361 430088605 430063807 430092680 430073706 430024595 430069895 430011313 429969285 
223 429671131 428576386 430159890 430153338 430196453 430154977 430122112 430129036 430116799 430107961 430191397 430099323 430097314 430047017 430097017 430066927 430069176 430074112 430042561 430061626 430037126 430144317 430119889 430107550 430072212 430085614 430108957 430115559 430098007 430052034 430061549 430045898 
224 429717497 428654951 430173242 430176981 430119438 430088291 430145285 430126584 430098268 430149150 430177928 430106438 430138874 430134742 430186766 430067067 430088072 430124902 430109858 430089954 430110860 430089662 430116330 430107316 430075947 430095569 430050280 430080023 430080077 430080122 429971181 439953590 
225 429422813 428850807 430141028 430157346 430139728 430196323 430131016 430118779 430116047 430114012 430060399 430124879 430050096 430138253 430081629 430113916 430149693 430134378 430091275 430087635 430109921 430085866 430141396 430067051 430111730 430093946 430074428 430057847 430089795 430098720 429989592 430043053 
226 429695301 428610075 430081141 430142779 430113135 430132733 430135357 430126713 430171014 430115495 430112766 430135395 430134001 430107371 430136282 430005443 430172227 430161777 430125576 430121796 430113453 430116404 430113308 430060938 430058375 430056725 430069938 430088772 430061622 430114036 430016342 430146341 
227 429738025 428780301 430148241 430139220 430177361 430199392 430179810 430144768 430138047 430119826 430100202 430160883 430083355 430160459 430155651 430014743 430090036 430120622 430089746 430126977 430123743 430137289 430141861 430074902 430116478 430085290 430095885 430042432 430087840 430079169 430084742 430053189 
228 429593074 428678675 430072105 430211934 430159376 430205404 430097377 430139813 430146777 430111850 430123190 430210795 430168581 430150346 430171223 430071569 430121829 430108501 430131946 430098375 430100483 430224916 430163475 430078684 430093850 430092956 430053009 430101408 430054482 430138854 429999086 430161069 
229 429499515 428685351 430141170 430299116 430111876 430213311 430166642 430162318 430139400 430165487 430112166 430096939 430109612 430178511 430132076 430088754 430127110 430106606 430120603 430180589 430048018 430072936 430114230 430103773 430175172 430106857 430148627 430106407 430127378 430109448 430041704 430162957 
230 429517944 428727936 430198355 430193825 430112784 430137874 430180168 430153066 430147348 430133196 430118604 430130425 430178697 430193533 430164952 430032673 430148441 430181458 430141892 430117036 430171203 430125503 430178208 430155269 430079514 430136687 430142163 430128179 430109800 430144664 430009184 430171519 
231 429524035 428680060 430199124 430194285 430220548 430278105 430134259 430201167 430223000 430190327 430166599 430223637 430193582 430177478 430184603 430125627 430112690 430199232 430101004 430187913 430129820 430203555 430139558 430163560 430109834 430151368 430117259 430105377 430072866 430158099 430041037 430091589 
232 429485726 428678653 430169193 430202646 430194881 430210581 430144885 430239223 430210821 430155584 430225402 430160518 430143173 430162795 430235643 430054152 430174416 430159123 430224030 430107248 430160176 430102992 430155155 430127905 430127739 430155904 430132497 430142983 430166300 430133131 430052336 430144848 
233 429414989 428690142 430202397 430180274 430215660 430214377 430212457 430337189 430137328 430161722 430206261 430205729 430164402 430156511 430142177 430099073 430150428 430162775 430136914 430163020 430172850 430139553 430142805 430159620 430142490 430186770 430108696 430087685 430177297 430144146 430049257 430130433 
234 429404731 428721127 430236348 430196228 430194667 430204551 430177821 430137633 430125762 430188736 430185871 430159399 430214964 430174979 430205913 430097820 430160640 430158015 430166665 430159964 430137364 430160275 430126220 430136209 430186632 430187614 430183440 430195788 430188017 430182894 430007470 430174005 
235 429372807 428715221 430163551 430226871 430188504 430203028 430203105 430208321 430209767 430333765 430189771 430177551 430195481 430154756 430171408 430149765 430169205 430113442 430232165 430249041 430172466 430170295 430141566 430165134 430168580 430172457 430181037 430162558 430133232 430175332 430060607 430073994 
236 429305043 428664649 430176557 430228424 430216738 430250859 430249576 430183075 430219178 430278923 430125169 430239996 430217585 430186285 430217769 430140188 430253221 430153663 430191620 430201269 430152376 430160619 430228695 430149640 430091106 430159450 430132729 430150675 430224442 430124060 430098118 430197201 
237 429288939 428777076 430237305 430265859 430229776 430204596 430245057 430191984 430185958 430251524 430237426 430299390 430182241 430165687 430196885 430140429 430215120 430196728 430174603 430181166 430195051 430181993 430161125 430170501 430173213 430175995 430149077 430147377 430168189 430218233 430101531 430152506 
238 429249918 428753441 430283056 430263255 430198341 430251413 430224300 430285369 430180806 430210399 430250258 430262032 430176447 430194319 430153843 430118677 430192847 430233586 430137826 430222863 430202730 430199694 430178014 430202232 430168510 430126379 430145889 430125141 430178135 430197775 430090031 430262233 
239 429254477 428738604 430268321 430225581 430278145 430230685 430248200 430255534 430206442 430259888 430236279 430231387 430296181 430323646 430170906 430131886 430203296 430192613 430207163 430203745 430149034 430197696 430209211 430194610 430161972 430214797 430225784 430149153 430215455 430166997 430145435 430219668 
240 429290116 428753247 430305728 430254534 430237974 430293282 430288741 430248838 430272536 430235732 430276609 430216775 430262374 430228533 430196248 444997229 430320152 430184840 430258505 430237562 430241316 430221814 430199295 430235020 430226973 430201515 430187962 430261656 430218816 430181090 430147831 430191305 
241 428883125 428869532 430252014 430231131 430266147 430271735 430235709 430249700 430283182 430218103 430246537 430212509 430249485 430245948 430212857 430340925 430201386 430227642 430230461 430213621 430207289 430217203 430200628 430230700 430232432 430133185 430220272 430255030 430253529 430208107 430216140 430266088 
242 429168220 428680022 430239266 430273945 430255339 430246551 430292969 430326302 430250839 430220166 430257502 430218478 430306440 430250658 430266893 430272853 430218045 430254017 430225803 430240914 430237191 430239326 430229260 430211614 430239655 430219522 430237716 430251298 430119371 430277130 430197060 430242044 
243 429149385 428738510 430278251 430294731 430279071 430266475 430252974 430286054 430264362 430296473 430302632 430273075 430351171 430260787 430265485 430351117 430233576 430364224 430258275 430220041 430267326 430197089 430279200 430244101 430150207 430202855 430175484 430250057 430208629 430201649 430227679 430195014 
244 429054828 428691270 430306471 430272981 430263840 430302638 430289211 430329936 430281452 430300451 430333149 430236595 430302461 430266338 430191378 430311527 430263242 430249142 430159013 430249031 430305468 430285951 430296072 430272372 430249079 430209770 430224729 430293896 430193789 430290932 430244483 430265558 
245 429087191 428765071 430282676 430251461 430266840 430308171 430308297 430300967 430271650 430280355 430265920 430253151 430267013 430253886 430213264 430315727 430244176 430276737 430233146 430390589 430226564 430265980 430246927 430247228 430189146 430235143 430233283 430191144 430212967 430212371 430248595 430250965 
246 428980375 428755606 430339685 430273380 430309843 430316375 430318469 430321108 430302997 430324951 430312426 430315869 430259162 430252440 430263195 430360135 430320163 430244860 430273799 430257200 430197205 430320550 430230067 430249616 430288371 430271933 430295171 430214406 430221724 430270302 430194484 430377367 
247 428997408 428782064 430358869 430324016 430325081 430284916 430301337 430334908 430267514 430367314 430307718 430291564 430304138 430233009 430304973 430342189 430354384 430252632 430273204 430254017 430270157 430359409 430195738 430249117 430253611 430213711 430275169 430204774 430219043 430248830 430258738 430193170 
248 428981844 428751094 430319579 430337879 430360124 430310186 430302871 430329681 430345993 430325752 430295667 430313426 430370887 430295835 430338153 430351669 430292668 430304261 430292398 430298230 430280881 430241333 430224341 430324343 430276957 430270574 430283945 430289974 430273863 430218179 430235085 430298533 
249 428834038 428822795 430321442 430291014 430344994 430341998 430370759 430389808 430319977 430330033 430335038 430306524 430311816 430345953 430283262 430360892 430286576 430270059 430342699 430282732 430304135 430339040 430304125 430421726 430233504 430218936 430262405 430276619 430306726 430314918 430305737 430244928 
250 428892912 428748764 430378692 430324784 430407877 430361273 430358926 430262817 430363607 430306304 430331901 430314816 430364566 430290673 430314325 430378587 430334916 430250436 430306045 430324404 430294685 430306460 430292121 430284594 430261659 430272756 430303814 430208907 430267076 430284723 430317724 430291309 
251 428790702 428771638 430345296 430357283 430394792 430407339 430357687 430391362 430353071 430306061 430356739 430320745 430256125 430332644 430333151 430368102 430362345 430326629 430318135 430359663 430321778 430315965 430330299 430310816 430287396 430383349 430295510 430317377 430314946 430272987 430343753 430254679 
252 428800584 428813613 430416590 430354872 430331213 430387939 430413243 430381901 430376277 430390240 430344523 430368070 430336937 430344504 430310389 430342147 430301772 430342935 430304781 430267057 430284919 430315824 430291403 430316289 430341349 430295699 430224586 430290547 430337916 430356798 430337619 430395210 
253 428702176 428821935 430441347 430382202 430362560 430422058 430386638 430384587 430370389 430362711 430324406 430376185 430366683 430371321 430376406 430404342 430318464 430349904 430375007 430320902 430306998 430293585 430284968 430393770 430317405 430335327 430327057 430360418 430290787 430317202 430335811 430324286 
254 428695005 429028046 430449872 430329127 430343867 430376065 430397228 430401571 430363852 430369129 430319787 430376245 430349256 430356797 430298091 430399080 430339364 430369652 430345845 430358496 430327871 430342089 430377535 430317987 430263232 430344124 430327926 430270330 430296834 430353726 430320338 430345880 
255 428590125 428802827 430406714 430440868 430435449 430396504 430433802 430351702 430369558 430412615 430390468 430391687 430372964 430373000 430293971 430387116 430299655 430330244 430360008 430417186 430316411 430376441 430322864 430336093 430353006 430328006 430341714 430337167 430387733 430389600 430370206 430258402 