n P1 P2 P3 P4 P5 P6 P7 P8 P9 P10 P11 P12 P13 P14 P15 P16 P17 P18 P19 P20 P21 P22 P23 P24 P25 P26 P27 P28 P29 P30 P31 P32 
0 4291145 4285145 4299427 4299738 4293410 4296095 4298131 4293772 4296503 4295400 4302049 4294431 4296148 4296666 4291512 4289326 4292251 4295058 4304665 4295277 4291652 4294372 4296885 4296201 4297617 4294198 4294460 4297037 4293730 4306382 4292815 4293413 
1 4292920 4286338 4292558 4294586 4296200 4289805 4298501 4296427 4301473 4300134 4302889 4298482 4292300 4295594 4294573 4293720 4291634 4297906 4303270 4293158 4293913 4297726 4298553 4301325 4299465 4295042 4295038 4291948 4291527 4300943 4295256 4290530 
2 4294207 4289003 4295489 4297552 4293539 4295417 4295433 4295669 4295598 4297348 4299930 4295848 4294328 4295005 4291597 4293102 4293945 4298308 4299700 4294533 4291361 4296305 4299136 4298876 4293878 4295070 4294999 4294349 4294611 4304418 4297213 4293084 
3 4300089 4289033 4294373 4296001 4294801 4289865 4297357 4296249 4297615 4297613 4298003 4297644 4298407 4299057 4292010 4292515 4290299 4296072 4305832 4297800 4292636 4297514 4299004 4297176 4297415 4294285 4296670 4294490 4297769 4301759 4299614 4290689 
4 4296466 4288277 4297440 4294225 4292193 4293790 4300066 4293290 4299821 4301435 4297539 4293481 4297878 4297446 4291693 4292714 4293201 4297532 4305113 4300629 4290450 4294115 4293890 4297971 4295872 4293114 4295442 4296389 4295111 4302250 4297108 4292327 
5 4296344 4287985 4296937 4296461 4296228 4293346 4298261 4296143 4300014 4298063 4302286 4291876 4298887 4296790 4291994 4290723 4291214 4302384 4304539 4296814 4292852 4296912 4297365 4297557 4297891 4298668 4295929 4291383 4292810 4301773 4294993 4294698 
6 4294753 4287855 4295500 4293722 4297295 4292513 4297112 4294564 4300610 4298394 4301940 4295237 4298224 4298948 4291891 4291079 4292498 4297629 4302292 4297207 4293892 4298313 4299382 4301023 4298599 4295136 4296802 4294434 4296390 4305589 4312700 4295797 
7 4299796 4286635 4295115 4296062 4294907 4292921 4297596 4295754 4299542 4298823 4302550 4291654 4297131 4299660 4297160 4290549 4298756 4295540 4304382 4298045 4287825 4296922 4299945 4294762 4298375 4295054 4297661 4293945 4289829 4305619 4291597 4292452 
8 4290417 4283589 4294863 4298915 4293716 4292367 4297942 4294270 4299674 4299677 4301916 4294341 4296748 4299246 4294281 4292739 4292561 4298821 4302383 4297950 4292254 4294672 4292925 4296458 4296913 4294247 4296568 4298141 4288572 4303269 4295634 4293282 
9 4290614 4289762 4294252 4290117 4292720 4292700 4296731 4293420 4295144 4301176 4302208 4297185 4296945 4294776 4295160 4293474 4292768 4300167 4304326 4297869 4294085 4295715 4296298 4294346 4299908 4298376 4295390 4292630 4294166 4299622 4295597 4295145 
10 4293313 4285498 4290831 4293627 4294685 4291684 4297244 4300818 4299120 4299119 4302277 4295666 4296595 4301309 4293971 4293624 4290564 4299527 4300852 4294847 4297686 4295339 4299322 4298931 4294858 4297569 4296736 4292707 4296301 4304109 4296878 4295716 
11 4293503 4285443 4295677 4293069 4296622 4294726 4297539 4295597 4297244 4302906 4302803 4295170 4300602 4294014 4293138 4292987 4292223 4299013 4301597 4300845 4294353 4296495 4296046 4298728 4298481 4293950 4295750 4295627 4295108 4303980 4291173 4294131 
12 4290070 4285385 4295453 4293193 4293689 4293836 4297218 4296336 4299882 4299690 4300796 4296064 4297803 4295081 4292033 4295808 4294160 4297369 4302831 4295118 4294200 4298729 4296497 4297668 4297175 4293084 4296856 4296664 4294821 4303248 4295208 4295307 
13 4295932 4283729 4293597 4294885 4294225 4292564 4295938 4292427 4296689 4298910 4302115 4295273 4295202 4299729 4288053 4292863 4291158 4295340 4302642 4298480 4291095 4295664 4297912 4293364 4293084 4295822 4294857 4293864 4293137 4306006 4295749 4294941 
14 4294773 4288150 4295399 4293220 4298126 4294344 4300984 4295102 4297419 4298244 4302617 4298244 4296730 4298167 4293450 4294913 4291594 4296886 4302268 4295101 4292806 4297588 4297311 4303082 4300415 4294843 4296836 4291035 4294245 4299956 4297160 4297577 
15 4295342 4284678 4295524 4295539 4295942 4292786 4297126 4298258 4298399 4300084 4301365 4299317 4297041 4302236 4288088 4292765 4295549 4293552 4303656 4294866 4296995 4292516 4298535 4296169 4299035 4292658 4292477 4294398 4294003 4304061 4294913 4295083 
16 4288702 4287161 4292904 4295972 4297711 4293543 4300860 4297555 4298682 4299909 4304313 4291543 4296163 4298820 4297411 4295806 4292479 4297195 4302237 4297352 4292809 4298333 4294726 4297001 4293730 4293313 4289970 4288263 4294107 4305571 4298738 4295674 
17 4291033 4284718 4294636 4295706 4295532 4293769 4298460 4299228 4295447 4302512 4303140 4293714 4294735 4297303 4293906 4294544 4293804 4298510 4299249 4295241 4294164 4296658 4295248 4296992 4292516 4292861 4293811 4295998 4292881 4299676 4299097 4293011 
18 4290718 4287059 4292608 4294011 4292319 4289329 4301328 4292161 4297175 4296726 4304322 4292814 4294806 4299397 4290862 4289609 4289192 4297161 4301401 4296220 4296162 4300164 4296102 4297073 4298470 4293810 4294846 4292787 4290855 4302266 4294541 4290837 
19 4290023 4282782 4292162 4293313 4293987 4292863 4300113 4297402 4302047 4302091 4303930 4293530 4295585 4299217 4320280 4290310 4295842 4298229 4302795 4295640 4295689 4298492 4292258 4298819 4293671 4292459 4295298 4289689 4293957 4302704 4294911 4293794 
20 4292344 4286716 4293996 4295363 4293926 4293922 4297627 4295143 4299644 4300062 4301050 4292685 4299859 4296442 4294739 4292687 4290880 4296307 4298349 4297213 4294460 4294994 4294747 4298803 4294533 4298065 4294764 4293325 4290685 4301139 4294522 4292393 
21 4291297 4286124 4293748 4294492 4294402 4290611 4300474 4296489 4297110 4304519 4306063 4288722 4296888 4302592 4294606 4288821 4293763 4300856 4302372 4297872 4287062 4296077 4296052 4293307 4294398 4299446 4290480 4292377 4292983 4303271 4292676 4289365 
22 4288922 4285591 4294285 4293267 4294752 4291130 4299514 4296064 4296265 4299197 4304785 4292644 4292886 4296443 4294406 4296373 4292778 4297573 4300856 4294640 4293328 4297402 4297245 4294850 4296431 4296423 4296061 4292589 4294050 4301789 4292928 4292595 
23 4290923 4285880 4296494 4291963 4290956 4293132 4298280 4296253 4299110 4300336 4305189 4294329 4297409 4298154 4293324 4290738 4294014 4298569 4304198 4295992 4290949 4299667 4298648 4301915 4296976 4291902 4294341 4292507 4295555 4302978 4293458 4309238 
24 4287997 4288106 4294893 4293673 4292608 4291296 4300680 4294182 4299056 4298988 4303447 4293387 4300172 4297597 4295038 4293183 4295692 4297133 4298613 4299057 4296045 4298224 4297699 4298600 4293568 4296910 4295153 4293157 4295163 4301002 4294540 4288793 
25 4290844 4285492 4290650 4293394 4292445 4295306 4298519 4295772 4296117 4304547 4301672 4294242 4294137 4299430 4290926 4293564 4293205 4295299 4302333 4297547 4297306 4295982 4296906 4298825 4298754 4290496 4292812 4290379 4293009 4300115 4313587 4295254 
26 4288055 4286664 4294521 4296490 4298868 4294281 4297661 4297327 4298299 4299308 4302416 4294909 4297069 4300700 4296265 4292589 4292960 4299804 4302674 4294396 4293077 4294485 4294898 4296348 4297905 4293359 4292762 4289629 4292544 4302734 4296471 4288214 
27 4285593 4284966 4294883 4293261 4291248 4293897 4297474 4295809 4297950 4299820 4302090 4293797 4297473 4298330 4296514 4292876 4295552 4294872 4300439 4295762 4290624 4297062 4295714 4297858 4295636 4295021 4294003 4295580 4294597 4302364 4292694 4291026 
28 4287745 4286252 4294569 4290499 4293030 4294643 4301081 4296439 4295913 4299723 4304152 4294586 4295697 4299729 4318010 4293389 4295384 4299463 4301607 4294217 4295513 4295335 4292348 4297726 4295637 4291935 4291848 4293987 4291669 4300091 4294579 4290652 
29 4287890 4282419 4291869 4291809 4296228 4298724 4300002 4300175 4295777 4300612 4301119 4295023 4300043 4295436 4296287 4290754 4290534 4295716 4301228 4297450 4297152 4297890 4294620 4297693 4296461 4294079 4297992 4290264 4296644 4302934 4295308 4292853 
30 4287645 4283650 4292022 4292454 4296289 4294231 4301312 4297041 4296660 4303269 4302077 4290615 4294204 4296390 4294827 4293673 4296378 4298648 4301235 4299848 4293726 4294310 4296245 4297014 4294592 4292777 4292201 4291908 4293066 4299666 4294683 4291899 
31 4289696 4285576 4294060 4290734 4293348 4292750 4299966 4295280 4298078 4299871 4305134 4293100 4296440 4304212 4296684 4290684 4294446 4300593 4301709 4297020 4292632 4297313 4294863 4296791 4295278 4293163 4296227 4293352 4292667 4298123 4295591 4290762 
32 4299392 4285327 4294931 4294841 4293830 4291869 4298112 4297175 4295993 4299981 4301498 4299873 4300198 4294961 4295418 4289898 4295950 4292576 4301207 4302269 4293647 4299100 4299768 4298608 4298791 4295147 4294788 4293321 4296154 4303427 4295727 4292332 
33 4299860 4285601 4291712 4294911 4296145 4290392 4296217 4298373 4298766 4302237 4300152 4297460 4295286 4294477 4295071 4290001 4295731 4293914 4299271 4298205 4315067 4297587 4298356 4297616 4298017 4292303 4295530 4294714 4292676 4300303 4293022 4292845 
34 4299700 4289710 4293793 4292826 4295612 4291480 4295419 4297209 4295555 4300219 4295566 4295810 4294879 4294425 4292622 4292764 4295200 4299184 4299545 4294133 4294324 4298229 4297406 4294035 4295251 4296846 4292872 4298233 4294972 4302545 4292498 4299265 
35 4303273 4287301 4296169 4295659 4297842 4292829 4296507 4294637 4295754 4299737 4300860 4297787 4299874 4293101 4295055 4293198 4294909 4292408 4297458 4300287 4297374 4299197 4298322 4294478 4297107 4295457 4293874 4297877 4298071 4298276 4292553 4293018 
36 4302061 4292398 4293664 4294460 4296128 4295794 4295854 4300199 4298685 4299777 4298258 4293923 4295160 4295503 4299377 4295919 4291631 4300580 4299145 4296337 4293892 4295476 4299267 4297744 4294590 4292926 4295827 4292986 4300037 4299179 4292875 4293808 
37 4299976 4287209 4296850 4295739 4294619 4293264 4294131 4299156 4298198 4301672 4298158 4292626 4297042 4295934 4293407 4293327 4291308 4299984 4299759 4297175 4291247 4296670 4297717 4298264 4299225 4297215 4292799 4292229 4296758 4302410 4294581 4294912 
38 4304855 4290423 4297153 4293812 4297724 4290364 4293940 4297078 4295275 4303046 4298107 4295986 4297372 4292961 4290557 4296832 4296660 4292627 4299426 4298396 4294766 4296380 4299214 4298645 4297355 4295819 4294565 4293142 4294585 4296937 4292722 4295643 
39 4310161 4286803 4293931 4294660 4296278 4293637 4299903 4296436 4295946 4300747 4298456 4293640 4302630 4298332 4295341 4292948 4321531 4298261 4301375 4298841 4294386 4297848 4298327 4300928 4296205 4295339 4291144 4318912 4293966 4299081 4292435 4297171 
40 4301175 4285764 4294966 4297817 4294120 4291954 4299543 4299855 4298251 4301994 4300651 4291328 4299039 4296262 4293614 4287593 4295184 4299952 4301860 4299698 4296506 4293810 4298587 4298896 4300970 4297686 4298352 4295513 4295777 4297191 4292975 4292833 
41 4299784 4289059 4296900 4296282 4297584 4291384 4300754 4300979 4296760 4297970 4300462 4295107 4299663 4296879 4293726 4292477 4296419 4297780 4300914 4298501 4296662 4295455 4294245 4296446 4302600 4292190 4295735 4295749 4294401 4303040 4297159 4295422 
42 4300244 4285532 4292984 4296059 4294276 4293774 4296007 4299769 4299279 4305823 4302090 4294837 4301509 4294821 4293833 4290684 4296556 4297049 4302300 4299223 4293564 4296666 4299619 4294212 4298867 4299351 4295307 4295138 4290767 4302026 4295666 4295826 
43 4302474 4288209 4295624 4296480 4293722 4290661 4297190 4297513 4295397 4304033 4301008 4295705 4297345 4298178 4293630 4286792 4296425 4294091 4297909 4302171 4295473 4297563 4298433 4299414 4299926 4296176 4293395 4291657 4293508 4300003 4292201 4300171 
44 4301350 4292264 4296747 4296105 4292601 4293090 4295532 4296978 4296157 4303992 4299865 4296568 4294910 4299463 4288197 4317982 4297095 4295910 4299809 4300258 4298170 4299141 4296277 4301079 4301193 4294950 4291885 4297534 4294980 4300531 4295409 4298107 
45 4297004 4287580 4297046 4296240 4298306 4293855 4296232 4297351 4298189 4300112 4296716 4293164 4299944 4296152 4292019 4292237 4289220 4299342 4301195 4297712 4293606 4296413 4297286 4302066 4297982 4293240 4294704 4293408 4296890 4298024 4290491 4295800 
46 4300206 4290694 4296529 4294233 4295594 4291669 4295864 4297504 4297153 4302835 4302120 4294036 4297768 4299640 4293690 4289335 4295204 4297176 4295952 4298272 4294964 4297186 4301138 4297483 4300454 4295137 4293457 4293011 4298139 4296654 4297933 4300182 
47 4299401 4289718 4294825 4294814 4296316 4293201 4301547 4297377 4297370 4302008 4296477 4294520 4300897 4293503 4295496 4292889 4291190 4298423 4299037 4298665 4295918 4298898 4298759 4296180 4295722 4292621 4290470 4293272 4296690 4300010 4296269 4295194 
48 4299627 4285213 4289151 4293023 4298002 4325999 4299603 4297126 4296839 4301046 4302791 4293979 4301909 4295317 4297244 4297926 4291494 4298581 4302808 4295879 4294624 4299938 4294575 4295286 4296560 4295201 4297838 4292787 4293033 4299133 4296140 4296135 
49 4297802 4290903 4296524 4297632 4297294 4288291 4297727 4298638 4297897 4303826 4298510 4292298 4296452 4296530 4292798 4294287 4296873 4297525 4299159 4295137 4294733 4296164 4297660 4294483 4296585 4295491 4295057 4294702 4292349 4299563 4293910 4293812 
50 4298498 4285270 4294841 4297061 4295228 4299927 4295048 4299324 4299373 4301968 4303402 4295248 4300390 4293491 4291441 4288797 4293547 4296632 4299585 4299406 4298232 4302393 4296098 4294665 4298239 4292171 4295376 4293398 4290113 4297338 4295591 4291872 
51 4303475 4286492 4293107 4295906 4291434 4291370 4296007 4300241 4297743 4301155 4302370 4295932 4298068 4294092 4292774 4290516 4294240 4298778 4300961 4297291 4292488 4298559 4298836 4295573 4299692 4300398 4294730 4293730 4295439 4299515 4293560 4292528 
52 4301694 4285911 4296048 4296778 4293609 4295780 4294400 4298442 4295675 4301629 4296349 4294035 4300417 4297805 4290873 4293241 4295435 4298087 4299607 4292780 4314654 4300413 4297125 4294006 4296709 4296614 4294176 4292298 4296219 4297930 4293711 4291483 
53 4297645 4285716 4298441 4294708 4298351 4300813 4294877 4297906 4297141 4302035 4301623 4294380 4299779 4300313 4292817 4292944 4292188 4297015 4300767 4298398 4294715 4296590 4295970 4296855 4299728 4294771 4293478 4296177 4292930 4296100 4293971 4294950 
54 4297133 4285823 4297697 4298517 4295022 4320123 4296646 4301470 4297888 4302923 4298549 4291476 4294952 4299406 4291499 4296887 4321402 4295803 4302113 4296943 4294027 4297146 4297348 4294813 4296617 4292105 4291085 4294207 4294686 4300137 4294390 4295588 
55 4298140 4288866 4296575 4294952 4294399 4294217 4300503 4296653 4297438 4300933 4300011 4291265 4298241 4297501 4292272 4299937 4295140 4295556 4297468 4297632 4293422 4298939 4300129 4295864 4296469 4293231 4292560 4296374 4292960 4300894 4294899 4314464 
56 4299705 4285058 4293205 4296717 4294926 4293308 4297136 4299842 4294890 4305290 4302214 4290988 4295765 4294551 4297797 4297704 4294501 4296786 4299516 4298616 4290910 4301057 4298640 4296632 4295059 4296190 4294746 4292441 4296560 4297544 4294305 4295374 
57 4294029 4286519 4294995 4294852 4296841 4292753 4296724 4296543 4299008 4304596 4301147 4294008 4297945 4297007 4293736 4296683 4294925 4293091 4300656 4294215 4292567 4294184 4293794 4298425 4297334 4293666 4290828 4295249 4294151 4299459 4292034 4297474 
58 4295433 4286228 4294619 4293495 4296326 4293519 4298069 4297817 4299867 4309263 4300365 4297588 4298040 4296566 4293315 4295204 4289235 4292414 4297165 4293982 4292425 4297855 4300236 4296238 4295855 4295916 4292277 4294440 4292799 4298116 4292556 4296556 
59 4295881 4286425 4294251 4294028 4295872 4292976 4297081 4297025 4296823 4304847 4301330 4297067 4297045 4293974 4294311 4292105 4293041 4294753 4295208 4297816 4293389 4297176 4296380 4292802 4293105 4291972 4295407 4317817 4293940 4296292 4297219 4296805 
60 4299108 4288615 4297850 4292741 4289983 4292359 4292522 4301520 4293116 4301988 4297765 4290267 4298253 4295221 4292342 4319531 4288263 4297953 4297586 4298136 4290554 4302110 4292517 4297530 4295749 4294633 4294075 4294040 4293560 4297527 4292672 4296167 
61 4298633 4289575 4293153 4293915 4293888 4287048 4296067 4296122 4294558 4303690 4301472 4294437 4296340 4293914 4290621 4294117 4290246 4295354 4297432 4299484 4287219 4295600 4298651 4296271 4296075 4295622 4296619 4296450 4293355 4295680 4294801 4293433 
62 4297243 4285532 4297212 4293291 4293451 4290966 4295584 4301710 4300479 4306813 4301604 4294668 4297790 4298705 4291769 4292020 4292572 4297875 4295551 4295036 4292432 4299506 4297435 4293409 4298923 4297363 4291234 4293848 4296653 4300663 4296086 4295719 
63 4300734 4289193 4298674 4294311 4293309 4289163 4298612 4299957 4297955 4306212 4298500 4292440 4296758 4296478 4292807 4296039 4293757 4298759 4302028 4296112 4293848 4303556 4297855 4295345 4293780 4292750 4294646 4295302 4296793 4302066 4291697 4296014 
64 4308050 4282014 4293570 4298751 4296064 4296084 4300273 4298027 4303270 4293057 4301036 4291163 4299671 4305119 4296962 4296377 4291327 4300753 4298268 4300794 4292895 4300499 4299017 4301279 4297322 4292169 4294948 4298351 4297259 4297773 4296654 4294479 
65 4306211 4281939 4296628 4290947 4292482 4295911 4300003 4301481 4305138 4297211 4294566 4293022 4300175 4305025 4295045 4297536 4294388 4302631 4294136 4299656 4292962 4298968 4301371 4300540 4300165 4314992 4294116 4298503 4291219 4295247 4294888 4293097 
66 4301959 4285819 4293455 4290418 4290919 4294840 4300168 4297545 4303755 4295958 4300057 4290288 4304748 4300735 4294222 4291893 4293209 4305137 4298842 4300621 4298694 4296564 4300439 4302326 4301303 4293146 4297008 4295889 4296599 4298063 4299363 4294040 
67 4307068 4284192 4293532 4294574 4292551 4294429 4302660 4299724 4305074 4294635 4295977 4293886 4300074 4298019 4296952 4297106 4295134 4299575 4297735 4299151 4294722 4301112 4299804 4299413 4299541 4297596 4294166 4297448 4292630 4296032 4293559 4291150 
68 4308269 4281964 4292642 4292484 4293796 4295793 4300003 4297904 4303914 4295956 4297864 4293268 4300962 4302788 4298115 4293178 4297175 4302987 4298808 4302205 4297169 4302081 4301185 4300693 4299981 4293284 4293921 4296122 4293598 4296491 4293906 4294377 
69 4302752 4284604 4290534 4296083 4297299 4296314 4302616 4302590 4298276 4296128 4296503 4291105 4300789 4302772 4295906 4296537 4294847 4299631 4301491 4300983 4297000 4298072 4300158 4304602 4300530 4295697 4292686 4295381 4293418 4295724 4292684 4293607 
70 4301637 4282013 4290391 4293578 4295295 4294537 4302384 4299906 4302645 4292583 4302653 4288682 4300727 4300570 4292019 4293503 4292209 4299767 4296154 4294974 4291814 4300941 4299389 4301429 4300200 4289723 4291976 4297584 4297992 4300533 4298255 4297470 
71 4303111 4282661 4294090 4293048 4292316 4295550 4302059 4300671 4305690 4295397 4295592 4293224 4299463 4297686 4293927 4295523 4293667 4303765 4297958 4300947 4299350 4297812 4299792 4303037 4300565 4291345 4296192 4294163 4295423 4295576 4292293 4296186 
72 4302310 4281547 4293573 4296646 4287142 4298595 4301271 4298785 4302429 4294186 4299160 4293413 4300611 4300391 4293868 4295342 4296156 4301713 4298012 4299629 4295514 4298425 4297190 4301881 4299545 4296366 4294161 4295716 4295386 4299113 4297181 4300677 
73 4304181 4280216 4291654 4293665 4294259 4290845 4299104 4295535 4301986 4295040 4296371 4291575 4299661 4306652 4297200 4295366 4290725 4302948 4297404 4299946 4296664 4296710 4301500 4304960 4300653 4294639 4296604 4296576 4298261 4295831 4295104 4296801 
74 4307456 4282499 4292079 4291949 4294578 4294440 4303750 4296554 4302851 4298225 4298500 4291928 4297356 4301673 4298401 4296000 4297816 4301631 4299704 4296852 4292632 4297631 4298059 4304174 4298801 4293768 4292374 4294119 4295777 4298846 4297951 4294697 
75 4308012 4284870 4296025 4291565 4293468 4294161 4300460 4301766 4303984 4295890 4298134 4296143 4298721 4304242 4291276 4290802 4293353 4302700 4297598 4303364 4295420 4301336 4301633 4304587 4302162 4296076 4295900 4300722 4295812 4294537 4291705 4293086 
76 4299855 4281438 4289758 4293519 4289913 4294234 4297155 4297607 4301768 4295888 4300030 4292118 4300859 4307870 4291454 4293794 4294631 4302923 4299885 4299654 4297373 4297967 4301813 4307905 4299856 4294693 4293415 4298568 4296000 4297200 4294274 4295531 
77 4302740 4277745 4292847 4291568 4293703 4295146 4305621 4302562 4302615 4296874 4298464 4285323 4302730 4305819 4294824 4297572 4296748 4302116 4294421 4299416 4296517 4299616 4300668 4303977 4300403 4296915 4296784 4294581 4316219 4299239 4293381 4297333 
78 4305184 4283326 4294134 4291297 4294899 4292075 4300081 4298585 4306998 4295977 4297228 4292087 4297973 4303514 4294844 4293847 4297053 4302867 4296738 4302270 4294608 4300766 4299411 4302510 4299290 4291999 4292195 4299783 4291869 4297288 4294733 4296076 
79 4301644 4283634 4295240 4294721 4289528 4298352 4303436 4300139 4300050 4299304 4296595 4291924 4302879 4298039 4291384 4295013 4297774 4302454 4297863 4305392 4294147 4300823 4299331 4301960 4302650 4297282 4295689 4295625 4291841 4295322 4293212 4293653 
80 4300897 4284307 4293991 4289980 4288866 4297195 4302326 4297005 4298700 4293619 4299464 4297773 4296017 4303576 4297686 4293961 4292730 4304400 4300283 4298688 4296518 4300633 4301966 4301913 4299684 4297419 4290733 4295201 4316268 4296928 4296095 4295718 
81 4301017 4279029 4293189 4290020 4295335 4291724 4299435 4301705 4301458 4299722 4299297 4292041 4301989 4302010 4295428 4296515 4296650 4299863 4298615 4298668 4293208 4300580 4299073 4297550 4297982 4294627 4292072 4292928 4297592 4296359 4292579 4297676 
82 4302439 4279093 4295566 4292626 4291397 4294866 4305425 4301940 4298753 4298157 4297340 4298047 4297683 4303718 4296080 4295262 4297304 4305138 4300214 4299910 4296173 4298949 4303532 4300257 4295937 4292934 4296181 4291659 4293460 4300438 4295833 4289450 
83 4302388 4281800 4291655 4290414 4294723 4296489 4302713 4300979 4304418 4295157 4300111 4319995 4299938 4305102 4296664 4293932 4300827 4303167 4299325 4299969 4296232 4301027 4300860 4300280 4297548 4296161 4290609 4297203 4294708 4298712 4294195 4295987 
84 4304060 4280837 4290867 4291831 4289862 4297200 4302456 4298480 4301602 4297380 4298406 4291885 4298637 4306699 4295644 4295124 4298192 4304693 4295738 4301359 4295361 4303196 4300757 4301514 4299431 4295626 4292726 4294662 4293941 4299264 4296089 4294510 
85 4305322 4283948 4289002 4291308 4293246 4291168 4306545 4299768 4301680 4298421 4297799 4288912 4300399 4303009 4294728 4298315 4297341 4297397 4301196 4301103 4295504 4301974 4302439 4301749 4294197 4297337 4290974 4293559 4292028 4294271 4292821 4293327 
86 4301397 4280943 4291509 4294297 4295747 4291688 4302683 4302470 4302065 4301026 4295600 4297940 4297203 4301362 4293784 4294696 4296168 4301318 4299739 4299856 4296234 4300631 4303699 4300853 4302021 4291700 4291682 4297136 4294873 4296491 4297858 4290395 
87 4307703 4284180 4297562 4293537 4291587 4294981 4306217 4304165 4301686 4294313 4294608 4295122 4299072 4302908 4292551 4297006 4294165 4303092 4299322 4302077 4293740 4299455 4300268 4299316 4297145 4291404 4292614 4298055 4294542 4298699 4290140 4295621 
88 4299861 4281006 4304594 4295926 4295460 4298403 4304278 4300443 4302456 4295137 4296134 4290365 4301947 4300676 4296909 4289851 4301607 4301027 4295015 4301322 4296182 4299574 4300104 4301527 4303109 4297692 4295561 4295142 4297427 4295883 4295086 4296954 
89 4301169 4286758 4296882 4293990 4294383 4295849 4302751 4304131 4300765 4297424 4299098 4294832 4300463 4303157 4294810 4297997 4295722 4298717 4302965 4299959 4296137 4296503 4300118 4301143 4298058 4294637 4295514 4298603 4294341 4298207 4296515 4293590 
90 4304455 4277123 4292916 4316672 4293333 4295610 4304614 4302884 4299424 4295638 4298348 4296046 4300982 4308553 4293974 4294008 4295584 4302738 4296091 4301770 4293179 4293872 4300540 4300729 4297737 4294667 4291641 4296242 4292816 4296646 4294528 4294747 
91 4305460 4266074 4299873 4291233 4317982 4293786 4303093 4302341 4304442 4296464 4297728 4293825 4300972 4301560 4293070 4298441 4290970 4302692 4295568 4298515 4295210 4299379 4296485 4301549 4298119 4320031 4294895 4293596 4295336 4295376 4293189 4292467 
92 4304844 4282537 4292870 4312519 4290555 4292249 4303889 4300074 4303500 4295479 4297703 4289391 4297366 4303256 4296745 4292039 4292673 4300870 4297881 4302016 4295681 4298763 4302682 4302445 4296613 4297107 4294257 4293443 4294361 4298440 4292244 4293849 
93 4304684 4279979 4293272 4292580 4290904 4294683 4305756 4301539 4302894 4297815 4297749 4296748 4297665 4303699 4294728 4295557 4296567 4300489 4295147 4299513 4292387 4301136 4301424 4305341 4296417 4291674 4295444 4296727 4296222 4294258 4290935 4296438 
94 4301187 4280242 4292302 4321581 4319911 4293869 4306238 4299838 4300046 4298489 4298593 4295807 4298080 4298785 4294013 4293785 4296509 4300209 4296410 4298372 4295155 4305093 4299584 4303034 4300337 4295347 4293008 4294756 4297660 4301498 4295596 4296927 
95 4302539 4278734 4291480 4292236 4295703 4291282 4307190 4300261 4300974 4298494 4297885 4323636 4298728 4303755 4290334 4292146 4299137 4301117 4295151 4298833 4293929 4301058 4296979 4304693 4299427 4295172 4294452 4295216 4290155 4298968 4293997 4295318 
96 4303176 4286390 4293536 4289863 4293639 4298630 4298580 4302493 4298083 4299353 4298797 4295705 4305225 4298009 4295977 4295191 4294851 4304257 4300069 4304064 4296282 4300347 4301143 4302213 4303875 4296419 4294819 4295275 4291821 4295312 4296823 4294727 
97 4301968 4284291 4292553 4294579 4292542 4297230 4299297 4301615 4299559 4299197 4298065 4291195 4303981 4296357 4294053 4292700 4292644 4299887 4297117 4300789 4299923 4298431 4301655 4303373 4302145 4288708 4292702 4294599 4296768 4295930 4295460 4294802 
98 4299061 4286460 4293401 4293442 4294982 4294694 4297694 4302944 4300828 4296220 4295194 4294380 4307898 4301795 4295535 4292973 4292634 4301263 4298738 4301950 4292037 4301968 4304373 4297991 4303343 4297292 4296490 4289705 4292779 4298536 4294603 4291744 
99 4303675 4284889 4293920 4293277 4293796 4292318 4300343 4302001 4298776 4294093 4300155 4292409 4300274 4301444 4291403 4294500 4293698 4302174 4296797 4304550 4296880 4301213 4300769 4299228 4302398 4294898 4291963 4288135 4291194 4296828 4295567 4295861 
100 4306323 4287084 4294638 4293221 4296549 4294952 4300810 4302388 4299704 4299145 4292317 4293697 4302362 4295924 4295241 4294251 4293365 4296557 4293803 4303710 4295080 4300677 4304392 4300719 4301656 4292704 4295219 4292063 4296057 4294847 4295427 4292845 
101 4300616 4284551 4291583 4294527 4293272 4292223 4296562 4300855 4302571 4297024 4300767 4293513 4304065 4300888 4293016 4291813 4295911 4300668 4297132 4300134 4291665 4299252 4304093 4302304 4304618 4294188 4298407 4296601 4293225 4295018 4296816 4290095 
102 4269910 4283052 4296569 4294422 4296010 4293080 4299690 4303064 4298981 4299379 4296188 4293785 4302555 4302557 4293824 4295017 4295551 4298360 4294352 4303186 4295442 4303663 4303160 4299485 4304050 4292342 4296941 4297844 4295565 4300395 4294104 4297073 
103 4298091 4284723 4295722 4291706 4297513 4297597 4296181 4303602 4303171 4298886 4296684 4293393 4302992 4300198 4295090 4294030 4291422 4301866 4296588 4300930 4295346 4300686 4302673 4298661 4305040 4297209 4296624 4293127 4293761 4292253 4294119 4296168 
104 4304860 4283589 4291300 4295476 4295860 4295820 4303819 4302888 4302094 4297422 4293321 4290262 4299909 4296379 4294743 4293489 4292888 4303621 4299101 4302797 4293846 4300456 4303305 4299658 4301564 4291940 4299920 4295253 4293634 4294812 4296637 4293166 
105 4302028 4282812 4293991 4298918 4290577 4291915 4302562 4302579 4303169 4296409 4290177 4296634 4302569 4300623 4295340 4294085 4294878 4301071 4297930 4307658 4289826 4303405 4303898 4297395 4302505 4293320 4295493 4295008 4295348 4298589 4290849 4294054 
106 4304792 4284988 4292698 4296353 4295157 4292900 4297839 4302721 4299448 4297682 4295488 4295078 4305096 4297888 4294796 4297038 4291881 4300400 4295923 4303490 4296528 4299769 4306397 4297646 4301145 4289558 4313511 4294160 4293195 4298087 4295165 4295239 
107 4303622 4285915 4292038 4292412 4294493 4291561 4297168 4303166 4299768 4298917 4297807 4292641 4299619 4298941 4292653 4294547 4296265 4295869 4295255 4301656 4295363 4301376 4304326 4300926 4306757 4291971 4292563 4290644 4297798 4296610 4295140 4291173 
108 4304817 4282364 4292916 4294484 4293211 4295506 4300091 4304180 4299236 4296311 4294269 4291463 4299593 4304232 4295857 4292281 4293907 4302081 4296546 4306686 4293531 4302534 4302156 4300599 4300245 4287542 4294563 4297452 4295083 4294743 4296514 4293706 
109 4304390 4289137 4294280 4289570 4291691 4294257 4301517 4301952 4302569 4298341 4293962 4291186 4303410 4301398 4296145 4293764 4290668 4297514 4298247 4300595 4291660 4303128 4305393 4299497 4303696 4292217 4293882 4296405 4295270 4295557 4296813 4294420 
110 4301735 4286138 4296890 4291213 4293615 4295375 4297724 4301924 4302922 4297547 4294621 4296106 4304437 4298950 4296959 4291579 4296317 4300716 4293694 4305760 4292861 4299358 4300597 4300847 4303894 4290432 4291115 4294837 4294302 4297063 4297995 4294077 
111 4306653 4281646 4293101 4293990 4294079 4298607 4300016 4300928 4301912 4298626 4298580 4295026 4301197 4295102 4295023 4295124 4289528 4300173 4295514 4302623 4295877 4302398 4300745 4301346 4305014 4294344 4294384 4292398 4293138 4297779 4292441 4295022 
112 4301405 4282927 4291919 4298204 4297748 4297693 4298706 4301275 4296434 4297693 4296684 4297306 4302913 4302071 4294668 4292852 4298165 4299218 4291858 4300225 4292359 4305737 4303934 4297497 4303402 4295580 4293535 4294487 4291400 4296719 4294334 4292501 
113 4306315 4288022 4292408 4293406 4294627 4293034 4296365 4305578 4298598 4298383 4297043 4289830 4302507 4297097 4296360 4295090 4296347 4296460 4295621 4302184 4292329 4303757 4304088 4299590 4304659 4293423 4311514 4292495 4296709 4296087 4292928 4292842 
114 4304628 4280872 4291226 4289713 4291087 4293800 4302855 4304016 4298304 4296037 4297838 4291449 4301878 4301590 4292778 4295664 4293834 4300554 4300078 4300339 4294181 4305782 4301652 4295054 4301259 4291111 4297357 4292970 4294087 4296494 4294919 4292333 
115 4306322 4284300 4294211 4294801 4291001 4295266 4298300 4302325 4298095 4297077 4297516 4287439 4298165 4297554 4295290 4293843 4293281 4297692 4298640 4302774 4290267 4299353 4299220 4297317 4302067 4290284 4295944 4292948 4291843 4297488 4292172 4290603 
116 4306911 4282292 4295421 4295913 4286705 4294530 4300322 4304288 4297999 4296792 4296473 4295489 4302910 4300620 4296089 4294488 4293649 4301064 4299936 4301925 4293892 4303968 4301808 4298234 4303536 4291552 4290711 4297339 4294269 4297529 4294130 4293382 
117 4304592 4285570 4293725 4295451 4288904 4291404 4299369 4303400 4300407 4300333 4295748 4297103 4297213 4299657 4294683 4293691 4294941 4299528 4297543 4301810 4292184 4302446 4299693 4302585 4302320 4294004 4295840 4292661 4296258 4297630 4298632 4295594 
118 4303860 4299836 4292585 4294060 4295002 4296463 4299032 4304563 4301267 4300203 4295550 4295826 4301448 4299751 4291258 4292181 4292888 4301753 4298371 4296660 4294407 4304704 4296272 4298626 4301737 4292352 4296120 4292791 4293154 4296559 4297018 4295150 
119 4301652 4285409 4295471 4289261 4297033 4295149 4296888 4304291 4298778 4298296 4295967 4295427 4305119 4297570 4296324 4291271 4294674 4304666 4297843 4301631 4290616 4303327 4300625 4300224 4300242 4292353 4295573 4297158 4291611 4300403 4292674 4294510 
120 4303094 4283297 4294961 4294625 4291840 4290243 4302050 4302591 4301010 4296417 4299524 4292525 4304421 4298054 4296415 4294349 4296515 4300479 4297628 4302604 4293983 4301195 4295406 4302191 4302508 4293201 4295380 4289465 4296768 4298224 4292483 4295319 
121 4302826 4284714 4294419 4292406 4292395 4297114 4300172 4304061 4299495 4299044 4300831 4297027 4299540 4300017 4290831 4294281 4295119 4300961 4293951 4304173 4293659 4301641 4301416 4301052 4300740 4294088 4295776 4292369 4291280 4295526 4293627 4291685 
122 4304231 4281063 4290708 4295922 4291743 4294196 4299314 4301362 4298063 4299702 4299202 4293051 4301824 4301916 4291517 4294343 4294569 4299663 4296226 4302237 4290825 4301268 4304600 4298746 4302472 4291446 4295292 4295325 4293668 4296555 4293935 4296359 
123 4304413 4285111 4293951 4295042 4295606 4292477 4296106 4302119 4300237 4294485 4298577 4294569 4301388 4299549 4296027 4293002 4295384 4301181 4294174 4300068 4297236 4303086 4297660 4298732 4301826 4291082 4295375 4293549 4292623 4298865 4292794 4290007 
124 4304976 4285096 4292181 4293753 4293745 4295662 4302779 4303609 4299924 4299121 4296237 4292967 4301766 4302459 4297143 4294916 4292944 4298329 4299246 4306187 4294585 4303936 4301510 4300596 4300869 4292987 4294565 4294913 4294891 4294696 4297735 4293692 
125 4303176 4284405 4289973 4291144 4288329 4294926 4299361 4303671 4299450 4301181 4299355 4294439 4301160 4300921 4295561 4293091 4291945 4300679 4297473 4303711 4297767 4305388 4300860 4299545 4301861 4290937 4295740 4295285 4294625 4297125 4292531 4294988 
126 4305121 4278588 4296627 4291762 4292014 4294214 4304431 4304019 4298484 4300383 4298552 4291248 4299013 4303147 4296972 4296266 4297013 4305195 4301248 4301028 4298219 4301751 4305740 4300093 4302182 4292140 4295627 4295937 4296852 4295610 4292131 4295708 
127 4304618 4283120 4296039 4292903 4291789 4294098 4301546 4303459 4300120 4297982 4296709 4289663 4302300 4300715 4297178 4293433 4294197 4298123 4292563 4294253 4291983 4303080 4302641 4299369 4304515 4290864 4294576 4292396 4289801 4293763 4291692 4291751 
128 4294620 4278988 4302539 4302354 4301882 4297942 4294438 4287934 4294843 4292592 4293725 4301387 4293392 4291915 4299311 4301084 4300136 4294066 4295678 4291739 4297528 4295119 4290548 4289086 4291193 4297196 4303380 4298238 4301153 4291850 4297906 4295946 
129 4295149 4278588 4301419 4302264 4301849 4299977 4297552 4289994 4292868 4293486 4297077 4301705 4295774 4291894 4298338 4295335 4296050 4294310 4296396 4294344 4294496 4295292 4293893 4296406 4294324 4301504 4300896 4297557 4297440 4294833 4294596 4296291 
130 4291810 4277677 4301454 4302219 4300499 4297243 4294466 4322270 4295840 4295570 4297074 4302209 4293978 4294622 4291120 4299232 4297833 4292676 4297255 4317659 4298733 4297026 4294126 4292526 4295295 4296690 4301639 4300152 4297857 4295965 4295598 4296914 
131 4297659 4279339 4298979 4298055 4303149 4297447 4297588 4294487 4291074 4295937 4293092 4296947 4290213 4293097 4297507 4297282 4297643 4294606 4295578 4289262 4300725 4296363 4292635 4290860 4296152 4298759 4303470 4299767 4298665 4293602 4295622 4292959 
132 4295368 4279365 4300449 4299638 4303059 4302437 4293052 4292460 4293232 4293486 4295773 4299542 4290823 4291524 4299111 4297812 4297405 4287322 4296184 4295332 4298477 4299030 4295024 4292969 4295135 4299397 4302126 4298237 4297719 4295915 4298978 4296070 
133 4295323 4276887 4299941 4305186 4303346 4299627 4293003 4289878 4290310 4293061 4296201 4299579 4293139 4289669 4291761 4296767 4300663 4290349 4295749 4294623 4294953 4298283 4289208 4294040 4291715 4298801 4297685 4297296 4302521 4296690 4300534 4296301 
134 4292073 4276290 4301149 4299256 4304654 4301245 4291402 4292517 4294040 4294013 4291642 4300631 4291745 4294888 4296363 4297167 4297678 4295446 4289677 4296420 4295007 4292877 4295128 4294605 4295630 4295810 4304042 4297872 4301528 4292359 4294875 4297294 
135 4293886 4276421 4300737 4300924 4302396 4298418 4290807 4289138 4289011 4295187 4294295 4299859 4290954 4293996 4297765 4296177 4295579 4291808 4294957 4293954 4303729 4294259 4294649 4295004 4294208 4299744 4301468 4298013 4298077 4298852 4294052 4298818 
136 4293063 4280367 4300778 4298552 4300757 4299265 4293844 4294840 4294793 4289213 4297702 4299507 4294340 4290988 4297844 4295474 4298266 4294034 4296255 4292637 4299392 4316095 4291577 4291546 4293216 4301309 4302893 4296121 4300496 4295859 4294027 4299289 
137 4297992 4277489 4300684 4299744 4301751 4301777 4292834 4297208 4293741 4297228 4297142 4301249 4295838 4291854 4298179 4301571 4297692 4292677 4297083 4292738 4296960 4297454 4290508 4292990 4292834 4300120 4301191 4297963 4299876 4295011 4294615 4292828 
138 4294278 4279146 4299235 4296669 4300718 4299727 4295184 4318683 4291983 4295359 4296777 4303253 4288357 4293992 4296947 4295565 4296044 4294949 4295987 4294763 4298316 4292770 4292931 4293109 4293627 4296308 4302476 4296158 4299170 4293737 4300060 4301075 
139 4294038 4272626 4301069 4302129 4296681 4301483 4291643 4295719 4296259 4294023 4292251 4303081 4291351 4293679 4298038 4293038 4297776 4297008 4294176 4294016 4296620 4292210 4293722 4293339 4294542 4301289 4300992 4297002 4296660 4295781 4298497 4298550 
140 4294080 4283267 4302492 4300406 4299742 4298659 4291615 4293436 4297622 4293250 4298335 4301966 4291219 4291691 4292831 4297600 4295043 4294124 4294223 4292488 4299303 4294949 4321135 4292360 4294031 4298828 4301556 4299354 4300610 4295436 4297584 4300964 
141 4296843 4279677 4302319 4299476 4299352 4298980 4291845 4295648 4292074 4295318 4291953 4302712 4292436 4295061 4293233 4301591 4294812 4294225 4296536 4292202 4297425 4297108 4299498 4294027 4294221 4301393 4303479 4296484 4299339 4295498 4295640 4299616 
142 4296959 4276823 4300889 4299879 4302280 4299149 4290971 4293133 4292005 4293047 4300630 4303197 4289929 4293519 4297487 4295503 4298128 4292789 4292183 4291338 4300095 4292470 4291938 4294922 4293256 4299684 4309001 4301502 4305739 4296280 4298274 4299062 
143 4295676 4280479 4302312 4299015 4298662 4297339 4298032 4292248 4295708 4291628 4294446 4302692 4292775 4292103 4297069 4298860 4297090 4294772 4295123 4293609 4294762 4294328 4297714 4294931 4314699 4300795 4299659 4294313 4299956 4292743 4298014 4298070 
144 4296590 4277955 4296668 4299835 4300423 4295885 4295614 4288674 4290549 4294461 4296181 4297188 4320622 4292757 4297321 4295596 4297578 4292532 4297322 4295540 4295968 4294480 4295351 4290776 4291599 4298338 4301370 4297158 4298903 4293132 4298179 4296376 
145 4296524 4276541 4299204 4302604 4296745 4295704 4292007 4292801 4291644 4293266 4294775 4297713 4291609 4292940 4296218 4298743 4298773 4292633 4295066 4294823 4293620 4293118 4298470 4297659 4293858 4298023 4300703 4301671 4303307 4295000 4297105 4298695 
146 4297415 4275641 4301477 4301363 4301978 4296966 4295082 4289031 4295774 4295084 4295247 4298315 4297458 4295946 4297976 4294923 4300933 4294719 4294914 4295406 4303133 4291323 4294338 4290668 4292270 4299215 4301880 4298944 4298588 4292929 4301499 4297060 
147 4290830 4274596 4297707 4298926 4302844 4297874 4287011 4291637 4292537 4296012 4296109 4298060 4291869 4291811 4293692 4295869 4296786 4295185 4293534 4289097 4298278 4295434 4294403 4292322 4294540 4300890 4300924 4297117 4300787 4293726 4294656 4296704 
148 4296905 4277407 4298304 4300232 4300344 4295262 4292926 4292615 4290316 4298863 4295924 4298764 4296055 4293968 4295013 4294572 4300185 4295148 4295570 4296748 4298728 4293681 4294966 4296508 4298873 4300029 4299926 4298821 4297961 4294991 4298491 4295881 
149 4295641 4277785 4300131 4298985 4301037 4297838 4295415 4293594 4292104 4292949 4290842 4304530 4296465 4294686 4296080 4296725 4300444 4292648 4296782 4295108 4298330 4298039 4294399 4292227 4297596 4301434 4304935 4300589 4295605 4292906 4297560 4294109 
150 4295860 4278301 4300230 4295398 4299905 4292801 4291163 4290157 4289727 4295192 4293786 4299957 4297224 4289272 4296583 4300298 4296994 4294090 4295101 4316014 4301360 4293779 4295455 4293296 4316434 4300025 4304993 4296748 4298587 4295257 4295745 4295470 
151 4295281 4276322 4302854 4301051 4300157 4298564 4292460 4292600 4293055 4293520 4298282 4298391 4297477 4294070 4296831 4293685 4297117 4294601 4296280 4293400 4301491 4289621 4297108 4296281 4292296 4303100 4304836 4298552 4299904 4295639 4294556 4300876 
152 4290840 4277203 4296919 4297753 4298157 4296926 4293705 4292280 4294422 4292933 4297180 4301657 4293331 4293538 4294553 4295501 4298022 4297204 4296103 4294918 4299632 4296894 4293066 4290233 4297213 4296651 4303301 4296553 4300370 4297773 4297810 4293961 
153 4297253 4276975 4298471 4298576 4297535 4302820 4293124 4291792 4290186 4299839 4291781 4302261 4293925 4294656 4295791 4295664 4301799 4294580 4297997 4296296 4300744 4296125 4295255 4292617 4294786 4300111 4301813 4297227 4296079 4293205 4293680 4298101 
154 4295112 4278666 4299942 4301851 4296493 4303716 4292674 4294758 4293714 4294810 4295426 4297587 4298211 4292541 4293441 4298082 4300564 4290083 4291783 4294626 4298586 4293962 4294404 4296787 4291469 4302564 4300645 4297104 4301106 4290981 4295287 4296974 
155 4297618 4273901 4300320 4298383 4292341 4298177 4295538 4294338 4293070 4293772 4300010 4299794 4297793 4297252 4294514 4299821 4300435 4289646 4295156 4295748 4296387 4296106 4314985 4292936 4293830 4297854 4301691 4297237 4300551 4294077 4291303 4298388 
156 4298703 4274932 4297076 4304696 4296087 4296543 4294324 4290851 4295192 4299313 4298833 4300005 4294760 4295174 4296324 4300415 4296830 4292445 4294858 4297812 4299608 4293798 4297169 4291747 4293410 4298626 4302847 4295452 4297392 4295156 4298699 4296324 
157 4293763 4275042 4295843 4299689 4299173 4293824 4290508 4294796 4293045 4294210 4295070 4299961 4320389 4291465 4290249 4300527 4297578 4292194 4297853 4296720 4297653 4293418 4293682 4288895 4294559 4297159 4303891 4294860 4298417 4293449 4295054 4295200 
158 4296312 4276766 4298007 4297348 4303784 4294115 4292300 4289284 4297256 4295502 4294108 4299898 4289651 4294640 4293849 4293958 4297257 4290753 4293984 4297560 4301396 4317564 4297133 4295203 4293623 4297464 4299576 4295945 4301788 4296038 4297691 4293344 
159 4295000 4277987 4297157 4300666 4297410 4299221 4289780 4294162 4293191 4293784 4299990 4296395 4299105 4295110 4297837 4299263 4300218 4295029 4295305 4294000 4297951 4290715 4297957 4291847 4293806 4297081 4300799 4293370 4298287 4295294 4296263 4295789 
160 4293150 4279837 4299887 4303754 4303334 4296768 4317186 4289575 4291118 4294831 4295325 4303392 4292550 4295242 4300232 4298101 4296523 4295671 4292350 4296541 4295357 4296300 4292351 4294247 4291895 4306931 4297983 4298925 4302983 4298769 4298868 4295223 
161 4294737 4282838 4302560 4304135 4301785 4295859 4294179 4291666 4293580 4292768 4294533 4301260 4291687 4321244 4299373 4294117 4293238 4292461 4292387 4295466 4294423 4290924 4290273 4291921 4291889 4302074 4294308 4298569 4304313 4296058 4299773 4298600 
162 4291482 4283089 4301122 4303500 4305601 4293685 4293245 4295329 4295226 4296842 4296432 4299477 4293109 4296642 4301054 4297477 4296525 4291561 4291836 4291983 4295980 4292791 4288643 4297391 4292456 4299895 4300101 4297647 4304165 4292472 4298854 4292233 
163 4293473 4277434 4304736 4305959 4302888 4294207 4295931 4291336 4295339 4293403 4295511 4304384 4290939 4295429 4299738 4292967 4296148 4320792 4291706 4290948 4296225 4295378 4292273 4294659 4293617 4305748 4298352 4296334 4302000 4290546 4294785 4298669 
164 4292883 4281629 4306301 4302337 4304098 4296491 4296881 4291388 4296240 4294901 4294739 4302767 4293600 4294710 4299771 4295630 4294713 4293060 4298427 4291250 4294432 4295415 4294331 4297441 4295379 4299963 4302897 4295779 4300436 4292731 4295903 4292613 
165 4292762 4278624 4306761 4306318 4302208 4297161 4297102 4291746 4290825 4296864 4296221 4300230 4295579 4291880 4299071 4299094 4294703 4291041 4294828 4294172 4294102 4294796 4292457 4296623 4292336 4301987 4297547 4298427 4303956 4299106 4297719 4296524 
166 4289076 4276857 4301454 4301988 4303823 4296937 4291980 4292360 4292642 4297205 4290780 4304633 4291391 4294392 4296716 4296854 4294064 4292208 4296598 4292979 4300427 4297732 4292266 4296948 4296257 4302311 4304649 4296886 4300924 4292187 4298538 4297236 
167 4294646 4280415 4304111 4300684 4301875 4295304 4324398 4294355 4294916 4298781 4293738 4302093 4293396 4297075 4298666 4297853 4296040 4290113 4293118 4291898 4295769 4290544 4294832 4292834 4293316 4305317 4303136 4294213 4304822 4295155 4296610 4295890 
168 4292636 4281468 4301980 4302517 4302940 4300917 4292253 4290660 4293324 4291845 4294129 4304432 4293322 4296887 4306026 4296388 4296905 4294897 4293152 4291792 4296091 4297072 4291145 4294113 4294996 4305712 4302604 4296836 4300445 4296148 4295942 4295815 
169 4294514 4280593 4300407 4302564 4302310 4296443 4290434 4296568 4291641 4292652 4294362 4300952 4291798 4292033 4302649 4297875 4297022 4292089 4291439 4293680 4295520 4291067 4290131 4318222 4291423 4304699 4300965 4295046 4303321 4289605 4296463 4297837 
170 4291159 4274883 4302191 4302023 4305952 4298372 4291714 4289511 4290669 4291523 4297146 4304980 4289755 4293461 4297900 4296129 4295869 4296905 4297114 4290179 4294662 4290549 4291122 4295045 4294506 4301019 4304248 4299950 4304746 4293205 4300943 4297058 
171 4293850 4283343 4306433 4300706 4299804 4297468 4294090 4294720 4291404 4297047 4294598 4301554 4293129 4295972 4299365 4302049 4297394 4294479 4293043 4291671 4294593 4289908 4293636 4291471 4292046 4301653 4300735 4294789 4304831 4298241 4296627 4296114 
172 4293881 4275144 4306160 4303415 4301502 4293446 4293674 4292574 4295900 4292036 4295435 4305392 4295697 4295155 4294791 4296355 4298372 4292857 4292450 4293684 4294379 4293385 4295680 4295984 4298528 4306524 4300929 4296487 4303724 4293477 4300043 4296428 
173 4289664 4280712 4305691 4303774 4306814 4297196 4298891 4289981 4292135 4291193 4293884 4302055 4293746 4296063 4299643 4293111 4297154 4294313 4294672 4292194 4298077 4293365 4298621 4294287 4289407 4299352 4300334 4296828 4297395 4297580 4296113 4296779 
174 4292637 4277381 4304304 4302450 4300439 4297619 4289489 4290107 4293021 4295529 4292866 4305552 4291572 4293843 4296607 4298065 4296542 4292507 4296341 4290950 4298315 4291968 4291589 4293410 4293728 4304736 4303554 4295469 4301180 4296557 4300006 4294526 
175 4290190 4279996 4304272 4299913 4303261 4295627 4292116 4291071 4295292 4298027 4297294 4300188 4295018 4321178 4292847 4293938 4293745 4292122 4293786 4292407 4292930 4294878 4295589 4288972 4294676 4300992 4300476 4295489 4308268 4298633 4297417 4295171 
176 4288921 4276202 4302295 4301935 4305472 4296889 4295476 4293972 4318046 4293873 4292665 4301105 4289615 4291587 4295770 4295249 4296561 4296833 4291092 4290826 4296516 4291183 4298051 4294215 4291479 4300652 4294031 4288756 4300219 4293385 4302030 4295722 
177 4291991 4280597 4302523 4302363 4303367 4297216 4292257 4298007 4298041 4293033 4292123 4303566 4293248 4292630 4299772 4291529 4300600 4319484 4291597 4293149 4297748 4293165 4294735 4317410 4293017 4301742 4296189 4297633 4302615 4293935 4298417 4290981 
178 4294852 4277912 4301926 4298989 4302803 4296112 4293104 4296783 4292885 4296915 4293415 4302262 4290491 4286734 4296390 4294845 4293565 4291246 4298315 4295428 4297588 4294961 4292922 4295276 4289778 4303049 4297078 4297287 4301633 4292630 4299454 4297866 
179 4290449 4277023 4299205 4299884 4301718 4301133 4294594 4297904 4291815 4293755 4294735 4304192 4295811 4292990 4300330 4295337 4299266 4297635 4296444 4290371 4297774 4292747 4293712 4297270 4291506 4303298 4301684 4293914 4304323 4289105 4296246 4294839 
180 4293236 4281471 4306097 4302329 4301738 4293380 4289867 4293414 4293462 4294486 4291661 4302468 4297250 4292422 4299842 4296586 4297603 4296693 4289244 4292851 4299126 4295086 4294915 4294665 4294675 4303289 4296658 4300523 4301629 4295523 4299076 4294399 
181 4288011 4277311 4300064 4303199 4302658 4296102 4294483 4294540 4292663 4293700 4292684 4303832 4295937 4290517 4295383 4296090 4296978 4293679 4293799 4293341 4301528 4290967 4293906 4292603 4297631 4300834 4295153 4294182 4303944 4294970 4296400 4297095 
182 4293704 4277815 4305787 4299973 4301872 4292661 4294226 4295614 4293649 4296721 4292090 4299637 4289812 4293309 4301960 4294425 4295506 4294075 4293131 4293033 4299293 4292847 4292594 4294791 4293833 4302110 4301795 4299658 4301000 4292980 4298609 4294616 
183 4292140 4276913 4302488 4299938 4299448 4297428 4290541 4293974 4298641 4293770 4291681 4300331 4292838 4293310 4297018 4295880 4297272 4291510 4294996 4294963 4294453 4295440 4293929 4296985 4292699 4298213 4297306 4292761 4300279 4293541 4298743 4296793 
184 4294960 4274103 4302417 4301689 4302741 4297793 4292074 4294074 4295192 4296919 4294932 4301994 4292127 4291220 4298255 4294832 4298810 4293222 4294035 4291439 4296134 4291993 4291779 4293371 4292609 4298228 4300794 4294175 4299143 4294618 4299267 4298661 
185 4293206 4277274 4299363 4300303 4302841 4294417 4295185 4293435 4322812 4298869 4292147 4298136 4297981 4290408 4298252 4297143 4298728 4295739 4291593 4296421 4300437 4292872 4290808 4295428 4289041 4301661 4298244 4296582 4303736 4297154 4298136 4295893 
186 4294785 4280367 4298053 4304154 4300924 4298523 4295765 4291250 4291714 4296797 4290715 4304532 4292901 4290944 4295926 4298849 4298712 4296331 4293157 4292206 4295012 4289564 4291679 4298897 4292314 4301657 4295630 4294131 4301841 4293528 4302100 4293720 
187 4292935 4277262 4300936 4303183 4297035 4296299 4294829 4292848 4295519 4294473 4295895 4299200 4292848 4292619 4300810 4293104 4296937 4296283 4295851 4295266 4295814 4295500 4296632 4297815 4291966 4304338 4297649 4298180 4300119 4297032 4299078 4298099 
188 4292147 4276725 4301513 4300667 4302907 4299956 4290775 4292846 4291865 4293722 4294612 4303413 4292117 4296058 4298881 4295453 4296340 4292089 4299296 4292288 4297657 4295130 4291704 4295006 4297772 4303234 4297233 4299619 4300576 4296046 4297179 4296476 
189 4293892 4279255 4304752 4300690 4296250 4299215 4294186 4292818 4290577 4295369 4296576 4304377 4295215 4293438 4297163 4295675 4298000 4295282 4292149 4294890 4298330 4291851 4294414 4294488 4293324 4304143 4299270 4297483 4303735 4294181 4295790 4296598 
190 4292573 4274725 4300902 4298872 4302487 4299693 4294234 4295402 4291764 4293548 4294052 4300714 4295742 4292977 4295686 4296303 4298367 4292162 4293815 4294318 4292456 4295520 4292131 4298112 4292461 4302281 4301025 4297112 4300402 4294252 4294876 4292316 
191 4294457 4276841 4304049 4303019 4300723 4294817 4287265 4292180 4288357 4295321 4291136 4306414 4290658 4294549 4299463 4296434 4294610 4295898 4294911 4290530 4297826 4291237 4291844 4293653 4292997 4301340 4298759 4295228 4300567 4295276 4294908 4295236 
192 4294506 4268932 4299296 4297686 4296181 4303947 4293416 4297032 4297746 4295407 4294048 4296125 4294868 4294161 4299534 4300517 4300988 4293165 4295343 4296787 4298724 4296381 4293168 4298514 4293993 4295334 4296877 4302210 4300347 4299258 4302908 4305708 
193 4290699 4274659 4295119 4299308 4295422 4302770 4294302 4296474 4295400 4318456 4293211 4296393 4293771 4294908 4299689 4304173 4298380 4295543 4295177 4294806 4299175 4289696 4295991 4295613 4294895 4299510 4299615 4298788 4296536 4291461 4299446 4299426 
194 4293161 4274219 4297261 4294638 4292448 4301009 4294231 4295690 4295835 4296919 4292977 4297820 4293483 4296187 4301090 4303200 4302060 4292504 4291418 4297099 4301490 4292253 4290505 4293351 4293934 4296342 4297299 4301558 4294779 4293527 4300444 4302499 
195 4294162 4270321 4296295 4296437 4295036 4302162 4294840 4295739 4297541 4291416 4295496 4295097 4297382 4294696 4300942 4298513 4300144 4297329 4294376 4293479 4302580 4293869 4295584 4296580 4296894 4297145 4298294 4305048 4300174 4294094 4298297 4301560 
196 4290697 4272035 4301006 4298518 4297408 4303017 4296130 4294997 4295486 4291979 4293612 4294823 4293052 4292407 4300479 4305121 4301928 4295093 4292041 4294861 4301961 4293394 4295283 4294968 4297252 4296113 4297510 4302520 4297760 4298244 4299774 4302803 
197 4291208 4272519 4299196 4299326 4297430 4301285 4294305 4292888 4295561 4294071 4292304 4293724 4294854 4292038 4301529 4303054 4305387 4295580 4291495 4297870 4299075 4293492 4297996 4297580 4293249 4298535 4298961 4304921 4291639 4290069 4296537 4305042 
198 4294713 4274522 4295807 4296264 4297608 4301646 4292746 4295523 4296129 4295070 4298629 4294427 4297853 4300843 4296067 4300569 4301140 4291251 4290805 4293667 4299937 4296882 4294247 4293975 4297681 4302175 4299863 4303313 4294766 4294792 4298901 4306175 
199 4293910 4273557 4299434 4297044 4300866 4300298 4295663 4293536 4294444 4297406 4297894 4297327 4293623 4292557 4298520 4299662 4303285 4292862 4291021 4291544 4303675 4297063 4296938 4295407 4293663 4294624 4303342 4303172 4296189 4292888 4302323 4300260 
200 4289759 4266716 4296537 4295642 4299562 4302473 4296547 4292513 4291913 4293377 4290105 4298807 4294327 4295367 4301609 4304944 4304881 4293940 4291794 4297309 4302348 4295114 4291215 4293943 4296401 4292538 4296395 4298011 4298221 4294603 4299029 4301598 
201 4291693 4268879 4298566 4294849 4297101 4305936 4295746 4294339 4299911 4294728 4289931 4296414 4295119 4296811 4298927 4306292 4302492 4293288 4292368 4293134 4301442 4293357 4293716 4294622 4295162 4296721 4296806 4303437 4297515 4292919 4295984 4303854 
202 4290052 4271679 4297939 4297183 4298774 4302913 4292758 4292591 4295696 4294128 4295043 4298963 4292976 4297737 4301926 4303936 4305400 4295346 4295661 4294826 4301815 4290849 4295444 4294443 4295609 4297811 4298834 4301346 4295806 4293622 4297037 4306562 
203 4294918 4272104 4294958 4297808 4296485 4301877 4293838 4292400 4294869 4323692 4297238 4297350 4300823 4295798 4301718 4301439 4301105 4294289 4296439 4296474 4300904 4295511 4292509 4298705 4298301 4294636 4295802 4299815 4297496 4290275 4299704 4301459 
204 4293103 4272353 4296246 4298332 4299675 4303126 4292528 4294052 4295741 4292972 4292514 4298144 4290028 4292775 4299204 4452192 4303106 4297978 4293389 4292323 4302546 4295065 4293193 4295434 4292412 4295140 4299221 4303130 4295067 4295185 4296484 4300318 
205 4291685 4271469 4296871 4296602 4295679 4304616 4296713 4290293 4294315 4292175 4292093 4297204 4293720 4294872 4302189 4304329 4296658 4299120 4293171 4294304 4302840 4296346 4294113 4294130 4293505 4301548 4297504 4301198 4297347 4294946 4294677 4299118 
206 4293907 4269399 4293804 4296200 4301911 4304386 4296305 4294031 4293132 4290944 4292545 4298365 4293308 4298952 4298885 4303398 4300107 4296442 4293597 4292108 4299575 4293734 4292556 4293809 4298892 4297708 4296950 4302577 4298778 4295265 4302290 4302319 
207 4293438 4268557 4299852 4297585 4295538 4307273 4291573 4293461 4294797 4293449 4297669 4294674 4293395 4293461 4300501 4302627 4300112 4293037 4294063 4290768 4300475 4294132 4297771 4290416 4295883 4292202 4299570 4302508 4301223 4291741 4299745 4302766 
208 4293692 4268973 4296842 4297942 4293319 4297411 4295263 4292590 4296926 4290780 4292270 4297104 4292714 4295544 4303283 4298657 4302704 4292902 4295890 4295483 4303761 4291772 4292962 4296374 4292879 4297708 4297955 4302307 4294838 4292842 4302460 4303280 
209 4292160 4273978 4296849 4296531 4294979 4299941 4295384 4292950 4292894 4292888 4293786 4297058 4292493 4294937 4298998 4301883 4303802 4295674 4291666 4297208 4302903 4292376 4296236 4294629 4293784 4298160 4301066 4303365 4291865 4295342 4297218 4302743 
210 4292029 4267889 4297197 4295227 4296971 4303995 4291478 4293350 4293948 4292607 4291289 4297675 4295582 4292427 4300449 4303852 4301164 4293725 4296133 4290833 4302831 4290323 4295604 4296666 4296408 4297330 4296049 4305454 4298346 4294507 4299476 4303323 
211 4289458 4270669 4295795 4298012 4292756 4301352 4294470 4291601 4295676 4289635 4292018 4301195 4295390 4294886 4303188 4301132 4301939 4295264 4297274 4291788 4303694 4292112 4294710 4297889 4292919 4293108 4296632 4302745 4297800 4291928 4297078 4301686 
212 4293460 4270056 4296360 4295404 4298212 4303535 4298385 4299959 4295237 4292680 4296146 4295324 4295538 4297217 4299193 4299154 4304459 4297471 4289774 4292554 4299990 4291776 4294151 4296883 4295366 4297416 4298588 4301198 4297562 4292617 4301803 4304897 
213 4288853 4272838 4300538 4298656 4293123 4301759 4297090 4296511 4292064 4291951 4289831 4292280 4293779 4294521 4300999 4301483 4301181 4292801 4293528 4296098 4302606 4296291 4291890 4292814 4295593 4292532 4300886 4301958 4299418 4295215 4296360 4304005 
214 4292108 4268171 4293680 4296501 4298998 4300785 4294421 4296631 4294255 4294382 4295869 4297183 4294861 4293226 4301769 4296006 4304203 4298429 4291508 4291524 4303025 4292601 4293496 4293759 4292266 4299854 4297044 4299801 4291280 4296442 4300441 4303271 
215 4289669 4272680 4297334 4296993 4294415 4302766 4297360 4293308 4296372 4292242 4295738 4299456 4294950 4293330 4300525 4299191 4304302 4292531 4293714 4294824 4305238 4296772 4289609 4296123 4294454 4297819 4298197 4303077 4292482 4294244 4301530 4399178 
216 4290232 4241142 4297659 4297732 4293711 4305129 4296555 4294007 4291060 4292510 4290224 4297486 4297494 4292755 4298680 4297462 4303210 4294768 4295969 4295260 4308287 4292850 4296253 4293297 4297837 4295143 4297234 4302594 4295684 4293221 4301044 4302174 
217 4292698 4268204 4297358 4297164 4296537 4304154 4294962 4295936 4292699 4294813 4295167 4298094 4296371 4294351 4298554 4299936 4300097 4294037 4293050 4296218 4301104 4295698 4294609 4296891 4293845 4293983 4300293 4300307 4297499 4294266 4301416 4302435 
218 4289343 8597081 4295344 4297219 4296526 4302729 4293992 4294763 4295784 4293172 4293542 4294326 4295626 4297716 4301756 4293964 4301052 4295228 4294723 4293056 4303850 4294882 4291322 4297277 4294105 4296280 4295056 4303221 4298196 4294644 4300850 4302667 
219 4291204 4264207 4314470 4291747 4294525 4302584 4295028 4292990 4294499 4293683 4292850 4297374 4295215 4299569 4296306 4301875 4301952 4294761 4293520 4293461 4302282 4297348 4295178 4295931 4296856 4297451 4292557 4302681 4297438 4292731 4295569 4301228 
220 4290600 4268430 4297718 4296135 4294436 4298549 4296852 4293841 4294578 4293832 4292717 4298762 4295258 4292688 4298119 4298604 4304074 4294950 4289113 4292628 4304470 4293968 4294537 4296167 4295455 4297050 4295945 4303507 4298840 4293701 4298754 4299469 
221 4292521 4268017 4291550 4297363 4294681 4306829 4296633 4294076 4295918 4291910 4291568 4302790 4295895 4296216 4303132 4298972 4300727 4292241 4291733 4295523 4305538 4295409 4296262 4294121 4291324 4299194 4298869 4301779 4299284 4290709 4301749 4301951 
222 4293062 4265190 4296656 4294185 4290945 4297277 4295417 4296041 4290907 4292897 4294231 4298970 4298508 4296221 4298078 4300288 4298132 4294671 4294824 4295197 4302334 4288801 4295498 4295660 4292544 4297742 4296113 4303411 4295113 4295072 4300285 4299876 
223 4294670 4266090 4294735 4298632 4298224 4302132 4291637 4294434 4294296 4292799 4292984 4297404 4294795 4293273 4299486 4302404 4303342 4294158 4291101 4296396 4299090 4294002 4292177 4294252 4296709 4298158 4299412 4301530 4296225 4293498 4301975 4302109 
224 4298867 4277859 4300919 4298314 4298640 4304066 4292351 4296763 4295699 4291169 4296740 4300184 4292397 4292578 4304868 4298490 4299800 4292908 4294691 4295507 4298204 4293366 4293041 4294512 4296128 4299935 4299827 4298970 4297052 4295063 4302852 4298399 
225 4299216 4279413 4296124 4299704 4299365 4301721 4293055 4295623 4291677 4294536 4294177 4297649 4293783 4290617 4305336 4301683 4304229 4296172 4290846 4294925 4299885 4298801 4296214 4294138 4295015 4298844 4297475 4299961 4298484 4291796 4300278 4298851 
226 4301484 4277191 4302863 4300041 4296121 4301258 4290555 4294313 4295762 4292485 4295597 4297805 4299203 4295699 4300960 4298136 4298651 4295751 4292001 4289160 4299777 4293962 4299646 4296065 4294049 4295474 4299113 4303675 4296556 4291479 4303031 4296934 
227 4301653 4275263 4298322 4301740 4296647 4300260 4291993 4298259 4293018 4289909 4293408 4294840 4295929 4291611 4302490 4301217 4298584 4292968 4291834 4301153 4298323 4293155 4293206 4292238 4291751 4301677 4293084 4300529 4298734 4295695 4308514 4300122 
228 4300049 4278290 4300574 4303066 4298419 4297145 4296704 4297935 4293720 4292404 4292386 4298035 4297366 4294552 4301357 4300178 4295700 4296828 4287810 4293916 4297214 4291844 4295021 4298355 4295776 4300022 4299403 4302481 4298469 4294592 4304083 4298242 
229 4297587 4274113 4296203 4299961 4296273 4295078 4294435 4294660 4294399 4291309 4315950 4298495 4294059 4292826 4302973 4301785 4298285 4294971 4291126 4294742 4297459 4292796 4295321 4294058 4297406 4296510 4295813 4298159 4299866 4300136 4303147 4296603 
230 4291237 4277560 4297919 4301503 4299408 4298507 4290610 4294934 4292959 4294087 4294914 4295699 4296615 4294097 4301655 4303665 4297461 4294996 4295392 4294951 4298572 4294810 4292848 4292423 4297724 4298120 4296430 4299171 4298252 4291842 4307074 4299888 
231 4282543 4276951 4300358 4296975 4301767 4302562 4294993 4295444 4296198 4296703 4293333 4301577 4294587 4295620 4305013 4301220 4300050 4295035 4294717 4296441 4299985 4297211 4291583 4292421 4295166 4298934 4295155 4301335 4298255 4316890 4306481 4295886 
232 4299680 4272251 4298644 4293277 4295975 4299913 4299951 4297194 4299724 4292302 4291701 4299713 4297548 4294666 4303251 4301921 4302007 4291773 4292712 4294522 4298204 4293685 4295128 4293763 4292732 4297804 4293318 4301545 4300188 4298767 4300185 4299401 
233 4297869 4270803 4297524 4296722 4293918 4303447 4296380 4292269 4298077 4294370 4294475 4300577 4296607 4290338 4301994 4301592 4298251 4293315 4293473 4296355 4299895 4295649 4292812 4292658 4296115 4299304 4296440 4297473 4300414 4295091 4297261 4302890 
234 4296061 4275261 4297666 4299896 4299931 4305682 4294750 4296451 4292798 4290604 4290298 4302368 4293195 4298763 4298762 4298459 4299872 4294200 4295716 4292515 4299400 4294916 4298929 4290753 4295843 4295779 4296592 4297545 4299895 4294552 4301648 4302004 
235 4303755 4275099 4300010 4296500 4304305 4300764 4294500 4296725 4290688 4288724 4292549 4298129 4294630 4294355 4306636 4300697 4297720 4290917 4290734 4301708 4300401 4295692 4293064 4291982 4295174 4297616 4294896 4303844 4300904 4293957 4302627 4301538 
236 4296373 4277180 4297916 4291129 4296175 4303185 4296032 4294840 4293195 4294226 4295041 4300627 4291277 4293701 4302829 4298940 4298441 4295780 4319693 4294298 4297885 4294693 4294969 4292597 4298304 4297335 4296142 4300652 4296537 4297449 4301392 4300035 
237 4299009 4277315 4295424 4297577 4298026 4298728 4289494 4294956 4293817 4294771 4286078 4298461 4294647 4294026 4302502 4297737 4297824 4296348 4289779 4302324 4302104 4294287 4295756 4294230 4296118 4298245 4298422 4298863 4299111 4293962 4303539 4300815 
238 4303367 4272298 4293832 4298317 4301722 4300535 4293832 4299186 4294813 4295062 4319853 4292599 4291946 4292671 4301077 4296957 4298430 4295999 4297058 4293131 4300457 4292308 4296366 4295338 4298117 4298065 4300744 4299489 4301481 4297042 4301820 4298313 
239 4299822 4274536 4303256 4297830 4297225 4304025 4295984 4295226 4293732 4292499 4296244 4298460 4296550 4293589 4300386 4299805 4299023 4291455 4295307 4295509 4300124 4295583 4296392 4293654 4293951 4298221 4295232 4299940 4297215 4296292 4300016 4302264 
240 4296354 4272324 4294931 4296610 4298455 4303146 4296889 4295505 4295741 4292671 4291886 4298355 4290687 4292293 4302744 4296972 4299129 4292557 4295001 4292560 4298844 4291806 4295046 4291949 4294496 4297043 4298719 4298575 4297691 4296139 4300587 4297378 
241 4297483 4272502 4299356 4296100 4297491 4299986 4294036 4298119 4293494 4296297 4292379 4295762 4295568 4297536 4302333 4299344 4304570 4293632 4296583 4294131 4297958 4294505 4292596 4294939 4294980 4296893 4295393 4299919 4297126 4294488 4297089 4300214 
242 4295004 4270375 4297335 4294988 4296885 4298623 4294802 4297152 4297674 4295091 4294508 4299394 4297410 4293503 4303019 4298812 4301092 4296390 4293304 4293869 4300279 4297702 4297496 4295559 4292781 4301518 4293365 4298761 4296157 4293239 4299862 4296090 
243 4293828 4273039 4298400 4297241 4300387 4295891 4295019 4297019 4294085 4294429 4288296 4296425 4297062 4297333 4302246 4297740 4300653 4296554 4299947 4291243 4299120 4296172 4297025 4297112 4294965 4299786 4295038 4300596 4298346 4296104 4300837 4297831 
244 4298737 4273153 4299125 4298093 4303271 4298238 4293432 4297578 4295805 4294959 4294942 4300711 4292616 4295619 4300784 4298946 4300055 4297120 4295397 4297753 4300912 4293495 4295530 4293305 4293851 4297295 4293744 4296561 4293426 4293645 4300606 4297155 
245 4298015 4276546 4297136 4297155 4298961 4300187 4294283 4296456 4290605 4292612 4294650 4297247 4293691 4296683 4304163 4300942 4299024 4298086 4296099 4291543 4296853 4298534 4296452 4293038 4291841 4300108 4297355 4301278 4299859 4294730 4301701 4302052 
246 4295458 4271748 4298278 4297763 4295815 4299631 4292369 4295447 4295408 4297031 4291210 4298409 4296522 4294282 4298776 4304415 4299449 4295431 4298763 4298127 4301771 4294003 4295933 4293962 4293208 4295954 4299558 4295839 4297601 4296861 4302058 4295370 
247 4298280 4272538 4294580 4298553 4294300 4297912 4293902 4296197 4296560 4293692 4291691 4296070 4292956 4296959 4304420 4297711 4299918 4296120 4295656 4293248 4298546 4294796 4295761 4295540 4294718 4297073 4297440 4299410 4296375 4298767 4298395 4297206 
248 4292330 4272523 4293285 4298087 4300500 4295963 4293854 4298148 4295243 4292572 4294896 4296277 4297797 4293783 4303550 4301659 4304291 4293874 4298054 4297049 4300020 4297051 4296960 4292167 4295523 4298500 4296357 4301967 4297784 4297431 4299087 4297145 
249 4295521 4273441 4298671 4295830 4298480 4299977 4293881 4294871 4292674 4295057 4295737 4297453 4292864 4296625 4304263 4295336 4300876 4298248 4294258 4296253 4303116 4294628 4295540 4295103 4294561 4299189 4294925 4297479 4294343 4313673 4300842 4297185 
250 4292219 4271805 4298217 4300125 4300875 4302615 4294679 4296805 4293577 4295861 4290986 4294421 4292693 4293189 4301885 4298198 4299022 4295492 4295826 4297484 4298799 4295664 4296473 4291657 4295819 4294497 4292299 4298014 4295280 4293072 4298691 4299268 
251 4296055 4271516 4296289 4294897 4298013 4297115 4294636 4292187 4295229 4294469 4292401 4298656 4293558 4295660 4297042 4296774 4303465 4293836 4296014 4293364 4301705 4302016 4292837 4293953 4297964 4296614 4295464 4298781 4299625 4290612 4299862 4298909 
252 4298273 4271225 4294513 4296586 4296020 4304162 4294811 4295450 4295054 4296386 4293805 4298325 4292297 4299629 4301868 4295684 4299524 4291578 4294580 4294473 4304071 4296036 4292656 4295006 4296304 4297453 4301303 4299696 4296665 4293469 4302457 4295786 
253 4299625 4275172 4296428 4292495 4300900 4301494 4291558 4291851 4293953 4290836 4289694 4300696 4294495 4292782 4298389 4298089 4300475 4292585 4295171 4293691 4302279 4299591 4294556 4294765 4295690 4302706 4297673 4299754 4295579 4295096 4296976 4299478 
254 4292923 4276756 4300466 4300152 4301522 4299068 4292888 4296400 4291524 4293169 4292552 4296463 4294852 4293799 4301308 4300528 4300302 4298250 4293520 4292710 4301283 4294326 4297190 4293481 4300337 4300726 4294805 4298092 4298371 4289046 4301798 4295012 
255 4293965 4272617 4296124 4298002 4297579 4298073 4292413 4292847 4293753 4292484 4292894 4297130 4294974 4291442 4298817 4301620 4299570 4292767 4317643 4296698 4301122 4294657 4289096 4294733 4292586 4297232 4296443 4297243 4296855 4294679 4297212 4299387 