n P1 P2 P3 P4 P5 P6 P7 P8 P9 P10 P11 P12 P13 P14 P15 P16 P17 P18 P19 P20 P21 P22 P23 P24 P25 P26 P27 P28 P29 P30 P31 P32 
0 42842029 86008037 43020239 43194118 43187096 43185547 43181246 43197929 43190910 43183803 43182145 43172049 43176765 43179292 43181147 43170605 43169053 43163398 43169658 43161784 43172083 43167339 43170407 43170085 43152793 43156824 43160955 43170835 43158039 43154845 43143887 43146049 
1 42948499 42628064 42965150 42944047 42954981 42942980 42948527 42951320 42942419 42943024 42948389 42938447 42937751 42949903 42950093 42944183 42955163 42935198 42942086 42946080 42941141 42956147 42952498 42941110 42951480 42946472 42950444 42935287 42955935 42942328 42958628 42945157 
2 42979139 42405425 42925417 43105315 42941815 42944066 42947614 42942046 42944822 42947336 42957563 42950461 42950908 42953611 42954204 42946251 42949294 42951386 42944229 42949654 42942686 42944950 42945002 42946584 42950254 42947515 42946320 42946403 42949192 42941293 42948802 42946882 
3 43033941 42690139 43015749 42937509 42952282 42954323 42957819 42947753 42939996 42953431 42937610 42947022 42947446 42938174 42949742 42945466 42937409 42943666 42945905 42960574 42958878 42942268 42954047 42952875 42951795 42951937 42950836 42945239 42948948 42943567 42952086 42949011 
4 43014641 42685549 42920761 43188788 42947157 42953898 42952873 42945450 42950201 42949100 42949237 42958841 42955638 42942186 42954676 42946280 42948266 42951174 42953318 42953816 42954145 42965142 42947636 42939684 42953270 42956218 42949345 42951743 42950334 42956523 42947638 42944903 
5 43012814 42687318 42929912 42923480 43234302 42932063 42941164 42953691 42958109 42936794 42958653 42951273 42942428 42944053 42960538 42954563 42949468 42951269 42950636 42964549 42953827 42938056 42957291 42948808 42949975 42948058 42954185 42955816 42947447 42947308 42948198 -349735091 
6 43008639 42696477 42924193 42924771 42918927 43238418 42954040 42953898 42961166 42953109 42951958 42952874 42944715 42938116 42943548 42950173 42951897 42950520 42959955 42955843 42939118 42948740 42953662 42940032 42946435 42957945 42952767 42946272 42958569 42957481 42955075 42948006 
7 42995699 42678633 42927651 42908546 42912193 42927640 43237191 42938736 42959073 42949263 42935700 42952576 42937355 42947668 42949537 42955124 42947038 42947538 42961344 42956972 42942891 42953634 42959132 42943948 42943898 42948813 42949904 42956171 42945235 42949488 42943921 -338893712 
8 43011414 42699985 42934884 42912585 42928952 42910341 42922275 43228597 42936505 42955136 42956254 42946662 42959008 42954485 42955144 42957578 42965407 42949967 42956637 42944603 42959205 42950517 42945581 42954151 42957727 42959598 42941122 42943746 42943702 42953647 42948825 42937702 
9 42995603 42702776 42926522 42929292 42928047 42934086 42901603 42919506 43232401 42938771 42955800 42949710 42957524 42944757 42954165 42959255 42943049 42951125 42963047 42955781 42950632 42948965 42956829 42952823 42945569 42952685 42953266 42952041 42935238 42958089 42965292 42955364 
10 42998854 42689684 42929403 42929920 42921196 42925858 42921018 42922600 42924792 43218708 42936935 42946768 42952426 42952887 42953962 42944013 42950936 42949515 42934777 42933969 42947593 42949434 42968243 42954203 42949490 42957066 42956281 42963197 42944142 42956366 42957173 42948686 
11 42977944 42696584 42934082 42921920 42919450 42929067 42919313 42925787 42929576 42927679 43209073 42936752 42951220 42952185 42950727 42949400 42956671 42955023 42948853 42945014 42942604 42947432 42949800 42949090 42945795 42953150 42945538 42945969 42949848 42964179 42957697 -1192685374 
12 42995972 42701618 42922505 42920758 42935172 42924925 42912565 42927858 42924536 42926279 42930749 43212504 42954046 42949250 42941338 42953590 42945107 42949071 42963575 42947794 42944077 42950730 42952421 42939073 42948133 42938754 42957947 42945676 42970063 42952357 42953650 42952196 
13 42979198 42699519 42928719 42936338 42923289 42919219 42926088 42914856 42931708 42935168 42931136 42922558 43219057 42950030 42965856 42947022 42939931 42952417 42953110 42960266 42962157 42947007 42955310 42950712 42950475 42937964 42957553 42952328 42950928 42941211 42957340 42988653 
14 42983991 42705568 42921769 42908474 42914504 42922248 42929475 42933921 42926199 42929486 42928652 42916449 42917280 43201488 42943875 42949222 42949010 42954005 42950729 42945402 42952662 42953867 42954751 42943475 42937921 42964761 42957342 42952404 42946404 42957913 42957956 -1192689609 
15 42982920 42695876 42916658 42921232 42921228 42920559 42910219 42922175 42906488 42917478 42913937 42935542 42938485 42921392 43199611 42946056 42951124 42939722 42957580 42956239 42954960 42962606 42958555 42958776 42950104 42951195 42957004 42956109 42937575 42946211 42949776 -13051785 
16 42994377 42713833 42928991 42931443 42917884 42928414 42926325 42929465 42923425 42912437 42920353 42923435 42910240 42920035 42940123 43173803 42939002 42953814 42943593 42950819 42958057 42954747 42950481 42949108 42944018 42953386 42950382 42944386 42947006 42952109 42952357 42962001 
17 42968520 42712957 42923157 42935745 42924624 42924306 42926329 42917560 42927905 42915080 42934988 42936462 42924563 42924973 42935130 42921975 43186568 42938665 42950284 42945121 42956536 42942126 42952488 42952822 42951839 42952651 42944967 42954060 42955094 42954884 42947095 -13056603 
18 42966226 42703106 42919563 42919974 42924905 42924729 42924754 42915506 42928957 42919312 42920987 42923606 42920798 42923141 42930683 42923568 42929142 43205218 42945216 42955935 42960718 42948273 42956065 42953672 42956926 42963557 42946567 42956379 42967952 42948455 42951091 -13080736 
19 42957359 42697539 42919322 42920352 42923112 42921753 42926030 42933872 42934674 42925917 42918262 42924588 42938439 42932737 42921968 42915443 42917948 42925581 43196495 42945309 42945127 42944360 42960968 42961188 42951194 42954064 42957786 42953129 42940787 42942176 42943575 -13086765 
20 42961679 42708498 42929381 42923788 42924603 42908280 42928608 42929485 42918359 42938894 42920426 42922702 42931148 42929681 42929299 42927556 42919850 42921292 42922893 43189821 42944849 42941363 42950951 42957938 42952939 42942838 42955460 42953713 42945888 42946714 42948472 -14651966 
21 42961271 42705361 42925360 42918403 42940835 42924282 42923737 42929477 42930287 42927233 42931774 42937750 42932230 42935398 42925909 42914915 42930851 42933855 42928924 42930327 43190546 42948150 42950840 42955790 42951605 42954978 42957935 42948961 42955116 42946017 42958597 42953358 
22 42959063 42706503 42934345 42919611 42915437 42917625 42923736 42932897 42923913 42918833 42926858 42928301 42927058 42928739 42932323 42924138 42912040 42929230 42917440 42922883 42935101 43188347 42942900 42969777 42955497 42945561 42955072 42944998 42950047 42957104 42952991 -2104534396 
23 42948520 42727794 42921015 42942210 42926453 42925306 42926014 42927076 42925706 42937601 42936797 42924352 42917574 42926020 42927932 42924415 42925332 42916340 42913210 42936016 42923985 42933004 43174894 42953534 42962492 42952259 42966936 42935957 42943484 42945834 42941234 42959438 
24 42958078 42715684 42944718 42921034 42922495 42936194 42916648 42916963 42926829 42920619 42924721 42925660 42921088 42935074 42928787 42922894 42919955 42933608 42928651 42925762 42927785 42930660 42931209 43178159 42953532 42955071 42950239 42945532 42958867 42939813 42947345 -14243304 
25 42960048 42713136 42924391 42934268 42924187 42927583 42923178 42920879 42923659 42918621 42934462 42918626 42933004 42934521 42934213 42927572 42916171 42939368 42932787 42932379 42931028 42931608 42917402 42933485 43171498 42954818 42941266 42957011 42946565 42957271 42965158 1762661111 
26 42942593 42728956 42918374 42930911 42918143 42924794 42918745 42927182 42933228 42927486 42936528 42924474 42925631 42912624 42929128 42918342 42932878 42925277 42934752 42939519 42932741 42927593 42930010 42929503 42924678 43169932 42939531 42972145 42955215 42941306 42947852 909290378 
27 42941193 42732990 42945850 42927719 42928908 42936072 42928324 42934001 42922555 42923020 42940765 42927854 42927782 42928986 42928987 42923336 42931083 42928095 42926888 42937535 42935678 42927598 42929251 42923916 42934082 42941721 43169009 42950615 42953232 42949405 42962034 42946229 
28 42944490 42716416 42942464 42937405 42917046 42942884 42920945 42926975 42932202 42942640 42922781 42924438 42931006 42944645 42930977 42925409 42928768 42919355 42931569 42930199 42924795 42922005 42933522 42922039 42930855 42935879 42921743 43154525 42952798 42960549 42956328 42984990 
29 42937037 42739413 42956715 42929849 42934882 42931358 42919907 42924954 42935251 42933493 42918328 42923524 42929993 42942644 42931323 42919840 42907668 42923780 42934007 42931897 42935615 42923243 42922627 42938296 42921622 42924625 42931963 42920846 43159476 42958101 42954486 -12847267 
30 42939398 42731341 42932493 42936374 42927865 42933823 42934896 42922302 42925520 42942357 42922075 42925821 42928658 42929354 42928254 42924834 42935745 42926880 42925132 42929977 42928097 42928591 42932920 42925407 42924582 42921582 42929170 42931639 42913306 43152489 42954526 -13048766 
31 42957069 42703510 42944580 42921151 42928086 42934152 42932013 42914920 42938679 42933506 42936120 42918753 42942852 42925114 42938434 42915833 42933467 42931085 42931356 42927835 42946564 42926266 42936390 42928404 42937604 42935216 42941099 42926102 42935856 42925023 43175716 1768094849 
32 42936608 42722951 42918367 42932275 42924235 42929256 42941716 42924839 42930443 42932332 42930852 42923966 42928440 42930734 42936997 42919332 42941679 42929516 42935486 42935535 42936021 42940048 42934536 42919937 42930183 42932441 42931038 42938498 42919303 42937164 42918591 975713010 
33 42926884 42712683 42932561 42935292 42932449 42937632 42930938 42930754 42925570 42927161 42914932 42930719 42929792 42930616 42926610 42923874 42941963 42925313 42938194 42933387 42934499 42931820 42930539 42928703 42925478 42936271 42936007 42931916 42952824 42925109 42928696 -2104556588 
34 42937877 42719974 42928616 42926040 42927367 42926639 42925959 42926310 42928394 42923266 42937041 42926639 42926991 42935330 42934459 42925131 42942734 42938404 42929528 42922175 42927138 42928022 42936247 42930451 42942310 42930370 42940021 42926779 42920201 42940502 42934349 177145826 
35 42941770 42723147 42931257 42925586 42930363 42926667 42922364 42936095 42931499 42936931 42932311 42937526 42930998 42931581 42929494 42931836 42932416 42934581 42922013 42937589 42928733 42939517 42928110 42943634 42935400 42930139 42935361 42938755 42932937 42933841 42947108 42923638 
36 42930456 42743467 42928612 42932001 42942299 42930851 42937708 42923240 42927449 42939661 42935874 42929744 42936267 42919540 42935347 42938543 42927893 42928751 42919625 42910029 42926129 42936388 42933504 42924793 42925894 42938479 42928013 42922968 42927869 42921279 42918871 -14272141 
37 42929715 42740249 42930649 42932873 42916281 42925117 42938435 42934878 42925697 42931422 42922084 42929514 42920924 42924010 42939054 42923818 42934307 42923401 42934613 42920449 42930425 42925627 42922935 42934557 42913979 42932211 42938044 42925812 42934340 42918675 42931831 -294309521 
38 42925886 42742991 42928939 42928146 42923103 42931338 42928711 42937018 42929534 42941122 42929250 42928891 42921932 42935453 42929799 42914825 42932729 42933911 42934861 42923212 42928953 42930394 42923894 42931836 42935670 42921544 42926561 42924205 42932798 42924608 42919978 -1120631189 
39 42932757 42743177 42935705 42929530 42940142 42931380 42932424 42927968 42917733 42922158 42946512 42925873 42936614 42923694 42924025 42935537 42939373 42933755 42930800 42929360 42931171 42937364 42934548 42932293 42933710 42938936 42939483 42929097 42935451 42938483 -377550871 1764114167 
40 42930154 42730099 42925672 42920143 42939550 42935107 42936801 42924631 42939724 42921229 42943548 42926018 42930567 42941414 42920368 42924257 42939614 42925747 42915096 42923020 42928047 42924256 42927133 42935336 42921296 42936103 42929465 42933218 42932323 42928304 42921986 42935276 
41 42929241 42736885 42937386 42930654 42934134 42928503 42941704 42919750 42923447 42936842 42928996 42931635 42938364 42925982 42939738 42925393 42935623 42927699 42924839 42941276 42931219 42938111 42931914 42925705 42935864 42928282 42944217 42932412 42928751 42931746 42938900 -12991771 
42 42927421 42728993 42934769 42926592 42933874 42933620 42936177 42938732 42930128 42939058 42942001 42921338 42940659 42932013 42927481 42938991 42933908 42935403 42934029 42938196 42921648 42929122 42925890 42925903 42941169 42919038 42929408 42932559 42938205 42937936 42924524 1764054537 
43 42915863 42739408 42939128 42927848 42941529 42937370 42935311 42936504 42937269 42928751 42942088 42934310 42925809 42927854 42911549 42923215 42926698 42934103 42927499 42936175 42932996 42924852 42928963 42927871 42933799 42948204 42933161 42946873 42928555 42923864 42928885 -346678778 
44 42915729 42741089 42933013 42939023 42935325 42923296 42942849 42934287 42939751 42936926 42943363 42933174 42927721 42927655 42929583 42923346 42935090 42935615 42930668 42941963 42934632 42938070 42946132 42926103 42933168 42936351 42936738 42933467 42931807 42925227 42937250 110032070 
45 42921779 42750178 42940409 42935714 42942048 42936636 42920486 42927668 42936558 42937410 42928489 42927691 42931560 42934203 42929790 42942548 42930539 42933035 42942243 42929541 42931989 42932554 42923320 42933503 42931877 42938101 42934273 42935001 42936326 42933068 42940829 110039762 
46 42915445 42743621 42941637 42936399 42942371 42932636 42935544 42940306 42937247 42930674 42941156 42928434 42945939 42926255 42929333 42940511 42943486 42928293 42936680 42921094 42924155 42925404 42939535 42933409 42945554 42927637 42935151 42927435 42924489 42933306 42932495 110053240 
47 42916253 42737946 42952349 42941849 42932022 42938154 42938654 42920811 42939428 42934854 42939900 42929448 42938760 42923890 42941121 42928781 42933916 42941331 42940995 42941673 42938157 42942817 42956496 42934423 42938304 42929965 42934538 42937807 42933099 42934826 42955491 -344363897 
48 42925191 42742538 42942911 42930765 42931500 42932229 42930049 42935490 42937277 42924933 42930401 42928783 42939581 42933361 42937100 42922378 42931292 42949852 42939970 42937604 42941467 42935490 42935939 42943071 42936843 42942890 42927767 42935754 42944875 42940360 55513933 42928393 
49 42904694 42751531 42929698 42926686 42934837 42927153 42932531 42928671 42945536 42928421 42933417 42944560 42933797 42929579 42923175 42932238 42939586 42935795 42934271 42944221 42934732 42944314 42943839 42940971 42936527 42928968 42933023 42947745 42953417 42932713 51427945 1762623306 
50 42922799 42751980 42930815 42944705 42938162 42939560 42941489 42928086 42929272 42942171 42930743 42935530 42929292 42937825 42936705 42933556 42936345 42927135 42933981 42939869 42936977 42933972 42942559 42937273 42929671 42934081 42933692 42938455 42934405 42936561 51414472 42926731 
51 42915438 42757857 42937239 42939867 42922327 42936846 42936493 42932884 42935054 42947298 42930073 42935330 42941731 42937944 42927961 42933150 42927102 42934252 42933436 42941467 42940710 42928957 42922730 42937503 42930833 42925887 42944531 42933932 42935106 42941419 42940233 1274303994 
52 42915234 42753848 42940769 42928704 42929542 42935622 42937375 42938584 42934579 42928542 42929575 42930088 42938105 42925398 42927258 42922594 42946587 42932909 42934154 42924682 42930614 42939130 42939410 42939487 42925380 42935325 42928945 42918829 42924931 42940455 42940653 -1140459327 
53 42921862 42755443 42936726 42941226 42933579 42936736 42930976 42952376 42934293 42927856 42940645 42941870 42935623 42929411 42933076 42923693 42928753 42924561 42937141 42933396 42938583 42941086 42925071 42928084 42935444 42932502 42925851 42932571 42932589 42934252 -2096135219 -347925757 
54 42915781 42737059 42940885 42924282 42930891 42934358 42928293 42935773 42920697 42938851 42943363 42929917 42934729 42940405 42947270 42925278 42941036 42935910 42930480 42931216 42945938 42942215 42939130 42932368 42933684 42942057 42919549 42934438 42931912 42936739 -2087782684 42931717 
55 42907514 42751939 42944799 42938097 42944169 42941885 42931976 42942794 42947784 42935343 42941148 42929239 42939536 42931979 42943806 42931182 42933701 42930112 42938547 42946534 42943690 42938309 42944750 42941946 42934086 42931133 42928173 42944049 42939400 42946474 -2091800248 1769620306 
56 42924361 42750433 42947801 42932641 42933419 42926228 42940740 42932598 42940768 42939167 42928608 42932919 42946608 42929703 42939344 42925017 42938233 42929315 42937361 42926972 42937549 42923800 42934566 42937106 42942792 42924592 42943812 42945475 42937957 42931629 -2091653355 -14410667 
57 42917465 42740976 42926845 42933773 42936798 42932002 42946821 42930140 42940632 42945038 42943384 42947049 42932430 42936164 42933239 42930422 42931077 42935252 42930497 42937229 42938225 42929999 42941095 42932046 42934423 42938337 42937131 42936651 42926547 42938138 51332227 -858980800 
58 42917835 42750137 42945431 42938954 42926678 42934092 42931643 42935004 42930811 42939594 42924687 42939396 42930560 42945449 42930405 42942903 42929974 42920912 42938260 42945969 42936000 42925307 42946914 42938016 42933846 42927757 42934384 42951076 42954194 42937082 42931978 1273852629 
59 42932584 42757842 42936937 42935680 42932610 42928636 42922780 42933520 42938302 42927937 42940474 42934018 42944841 42936965 42942893 42939038 42941503 42935209 42934210 42935797 42936064 42922873 42936841 42943082 42934320 42933316 42944319 42949156 42935724 42942671 42943062 -347917938 
60 42922112 42761694 42940025 42941623 42939386 42931491 42922003 42939421 42943445 42937869 42927095 42941427 42932543 42939307 42937738 42925324 42937598 42937516 42927123 42948248 42939917 42936577 42945997 42932470 42931954 42939109 42934121 42933259 42930862 42948055 84867176 42935660 
61 42909054 42757821 42937341 42948282 42922508 42946714 42929670 42932544 42935689 42928499 42930791 42939169 42934185 42938993 42943400 42925816 42938628 42932906 42952463 42937201 42935864 42929800 42937035 42942596 42942020 42934927 42943734 42925685 42930995 42935913 82209119 1891047875 
62 42917950 42753324 42944571 42938098 42936563 42931592 42933362 42939788 42930276 42931882 42948559 42936847 42935125 42946911 42938902 42937523 42944989 42933870 42936792 42934109 42929422 42933593 42942039 42929212 42931175 42930902 42934759 42948511 42941692 42937281 82178315 -14362765 
63 42907705 42754773 42935186 42949479 42944670 42941924 42929262 42942554 42932636 42941813 42942871 42946252 42932334 42936101 42940355 42936210 42936044 42936781 42944601 42938028 42935214 42939093 42931490 42943237 42930914 42944409 42933083 42936604 42953256 42940739 42944457 -338761079 
64 42923220 42765315 42934836 42931507 42944809 42943293 42941484 42941580 42948899 42940165 42939647 42933528 42928135 42938470 42938550 42938788 42930216 42939703 42942705 42943479 42929847 42947485 42927744 42945779 42943132 42948751 42951380 42931449 42942851 42943429 42924426 1153733902 
65 42904800 42767738 42938264 42940324 42925626 42945989 42941343 42925363 42938027 42934374 42943456 42931711 42941396 42952222 42938412 42938471 42952616 42940941 42951188 42941344 42932518 42944608 42945033 42919029 42947154 42937427 42944143 42936985 42938736 42946260 -2066790794 -347914066 
66 42916274 42761766 42936470 42936223 42945828 42947531 42941347 42937792 42930993 42935832 42932255 42936173 42929709 42935913 42939169 42931787 42929279 42936913 42939987 42932959 42932367 42925702 42937151 42926943 42942743 42943848 42936119 42941372 42930281 42949700 -2058414520 1772282561 
67 42937534 42763800 42932188 42932354 42941442 42936410 42937273 42943250 42940246 42943666 42940715 42934664 42928882 42926713 42943018 42936359 42934487 42936267 42938832 42943156 42925858 42943563 42936311 42923049 42936329 42951560 42938988 42937114 42939965 42926947 -2061820265 1891042823 
68 42920392 42769966 42930523 42950326 42936481 42939064 42934122 42935852 42927621 42935230 42940091 42936659 42928687 42925628 42947963 42915750 42947441 42945379 42957341 42928502 42936135 42933492 42946509 42931977 42930210 42945666 42942099 42955645 42946801 42936310 -2060575482 42932083 
69 42906781 42777910 42935088 42946455 42939913 42923402 42938035 42943917 42943968 42938519 42939365 42938728 42930451 42944078 42946176 42919945 42934691 42941494 42936570 42941292 42927158 42946329 42941311 42940315 42940223 42931698 42938948 42940968 42934104 42941815 80698479 42930164 
70 42910133 42773979 42939945 42939715 42934821 42937767 42939920 42945710 42939993 42949388 42939112 42948091 42931296 42938213 42946956 42943590 42930444 42933046 42933248 42941871 42936474 42940331 42951170 42950731 42933483 42959757 42928624 42939427 42946053 42927721 42941928 -349810067 
71 42920758 42772916 42945300 42941625 42938774 42935865 42934616 42943257 42944029 42934025 42935129 42932333 42941869 42943104 42940106 42945512 42942722 42938285 42927496 42941539 42950440 42938756 42947597 42946896 42946553 42928441 42944119 42938103 42942089 42948803 42945066 -13082872 
72 42929697 42763205 42927571 42927124 42944812 42948481 42933829 42938221 42935416 42930732 42935396 42932280 42945992 42927582 42941749 42928215 42937784 42942311 42940083 42937936 42953292 42950118 42941821 42935678 42937053 42935141 42952875 42927241 42945543 42948171 42940566 42930030 
73 42909574 42775476 42937186 42933828 42937947 42945615 42934824 42949109 42932798 42940547 42945529 42936115 42940800 42937384 42937242 42945770 42948179 42953809 42936257 42942947 42937476 42928801 42945904 42949414 42940398 42950678 42942388 42940952 42930575 42941319 42946770 -13085021 
74 42918016 42774258 42952815 42934709 42951298 42930670 42934574 42937487 42938831 42943857 42941623 42951616 42939871 42931728 42947877 42926168 42939307 42962116 42955771 42942961 42946018 42944943 42933888 42942933 42933700 42940361 42933052 42934625 42938355 42941099 42931249 -13081730 
75 42931514 42779857 42949375 42942092 42939233 42943317 42938192 42942379 42947810 42937834 42933736 42932097 42948831 42943873 42937030 42929005 42942308 42942156 42935769 42941311 42944381 42945189 42936680 42942279 42945131 42929873 42946347 42953681 42948819 42944722 42942892 -13102013 
76 42934538 42775373 42944056 42941885 42957848 42956257 42943325 42927132 42944958 42944134 42942798 42948923 42947560 42940574 42941620 42929193 42938296 42959669 42931319 42935974 42931116 42929039 42943305 42948773 42942831 42944525 42937340 42935568 42937316 42933145 42936511 -14204009 
77 42907154 42776151 42938628 42945503 42936177 42940652 42944834 42944019 42942446 42946500 42941039 42945844 42935336 42943229 42942950 42935401 42943552 42943795 42940537 42952644 42947061 42939823 42943744 42949598 42942931 42940088 42941576 42952705 42937925 42940417 42949761 42934743 
78 42919108 42762855 42948357 42941954 42945960 42932959 42948241 42940042 42948528 42940061 42937287 42942642 42937739 42936579 42947470 42929844 42950203 42937437 42940609 42935387 42930569 42949963 42940242 42940017 42943637 42943094 42945982 42944096 42943930 42929137 42930717 -2104544183 
79 42907596 42758899 42946402 42941501 42936828 42943789 42939968 42942118 42941921 42932850 42943725 42943273 42931596 42935715 42939444 42938983 42939877 42943919 42934928 42941193 42939133 42938209 42951425 42933925 42940611 42949298 42947143 42950224 42943259 42937431 42981105 42945353 
80 42934795 42772903 42950980 42945533 42937455 42945058 42949880 42936323 42933328 42946658 42929812 42948916 42939804 42948344 42933923 42935870 42949173 42947342 42930368 42945976 42946287 42940371 42942241 42933252 42939900 42942095 42942315 42937757 42936368 42945966 42983478 -13792129 
81 42925560 42778060 42949463 42949112 42940941 42939443 42951034 42943168 42941556 42951220 42944728 42940199 42941587 42943179 42946766 42925462 42942781 42938433 42938916 42934400 42937317 42941721 42953059 42950820 42945485 42947929 42942020 42938986 42936762 42947140 -356140154 1882556632 
82 42914788 42771817 42950287 42941746 42946607 42937318 42952518 42947025 42933199 42947645 42934197 42949513 42940833 42935370 42938119 42948854 42950141 42942107 42941885 42942783 42949568 42938083 42939640 42927019 42948279 42951012 42934475 42930140 42927659 42951438 42936437 1372596421 
83 42923613 42786409 42942408 42932458 42934737 42942792 42942792 42945863 42929153 42956157 42941626 42943702 42945246 42957587 42959199 42929766 42941289 42948927 42949649 42957407 42945941 42943121 42937726 42953052 42948668 42950237 42937325 42943702 42935091 42938799 1762632797 42938305 
84 42909883 42762114 42953634 42953221 42959481 42946643 42934714 42931711 42946158 42935944 42945610 42928132 42951830 42947138 42929841 42946201 42943122 42938763 42945918 42938279 42948282 42956373 42946205 42950834 42942144 42937195 42951215 42947698 42947321 42943201 42959254 177155093 
85 42932938 42787073 42960776 42947623 42952503 42939645 42944196 42940447 42952598 42938365 42936675 42942561 42955196 42940047 42943977 42938122 42945256 42950414 42952794 42941574 42945368 42937829 42942805 42945103 42936817 42957698 42939756 42946661 42942624 42940941 975538164 42945137 
86 42911389 42776588 42937523 42951545 42941138 42940531 42937591 42942095 42941689 42937141 42938748 42937164 42930863 42947153 42936701 42943815 42942283 42938822 42952545 42954099 42943347 42942554 42940993 42940043 42942218 42941340 42943163 42959244 42944586 42943252 42938535 -13788218 
87 42934192 42779101 42947913 42945667 42943103 42935543 42935504 42940451 42937628 42951391 42941843 42941412 42934479 42949706 42936705 42943088 42944803 42935930 42953329 42946696 42949287 42947064 42945486 42946850 42931466 42949317 42948141 42950989 42942039 42937051 42966504 1882563637 
88 42937120 42768661 42951179 42958056 42935626 42938113 42947177 42947340 42951424 42948435 42955044 42953378 42937742 42938831 42941839 42947667 42950780 42949533 42962001 42943337 42949864 42936607 42940021 42945165 42935591 42948082 42944332 42948579 42959052 42945294 42942579 1372538389 
89 42931621 42783337 42948298 42950983 42942536 42943365 42949398 42951497 42953050 42944704 42944287 42946419 42940881 42945695 42937115 42940381 42940615 42941412 42948078 42943065 42935006 42934199 42930808 42938443 42953801 42936941 42943170 42941284 42942082 42940234 42963137 -2104553923 
90 42930530 42769394 42950602 42943114 42946596 42943633 42948950 42956024 42945770 42943027 42944099 42950555 42945123 42943647 42947687 42937371 42948060 42947000 42956954 42936685 42950457 42953299 42946325 42936914 42941845 42943495 42958163 42931598 42948698 42955960 -15768929 177165396 
91 42931582 42775803 42939235 42940482 42943352 42949464 42941943 42950794 42951107 42940109 42937068 42948413 42948104 42943316 42943413 42934342 42937471 42950923 42941742 42946078 42952101 42947015 42935292 42947673 42946589 42951375 42940252 42943509 42944096 42950057 -357036114 42943781 
92 42940490 42776241 42940799 42950643 42951584 42938976 42948698 42942057 42953152 42948331 42955331 42955402 42951581 42952765 42954616 42943372 42942698 42935677 42948760 42945920 42950315 42944722 42950752 42966550 42935426 42940827 42944854 42949759 42942146 42939320 42940032 -13794456 
93 42934639 42786837 42958659 42958309 42954196 42955984 42950459 42944364 42940412 42955121 42955103 42950817 42959099 42943390 42954151 42946799 42940729 42947870 42952931 42952811 42949779 42940076 42939840 42947030 42952379 42943031 42952747 42946325 42935602 42953524 39187630 1882549121 
94 42933696 42780254 42946956 42955312 42954387 42961195 42947137 42957101 42946001 42943668 42947769 42934624 42941752 42949568 42952059 42943019 42938547 42945568 42952061 42940273 42944834 42940288 42947087 42950579 42948920 42946560 42948294 42944524 42957151 42938067 -15758869 1372529366 
95 42931684 42777290 42942511 42955180 42946050 42943608 42953374 42939037 42945632 42953448 42931591 42946261 42958618 42943679 42947773 42939886 42945140 42949625 42938621 42950922 42938634 42944763 42934255 42951588 42941726 42936044 42944070 42948714 42946228 42939714 -376543529 -364268360 
96 42946286 42787798 42942804 42935803 42946345 42952039 42954502 42945181 42950572 42949612 42954989 42956864 42939581 42962114 42952859 42941043 42966528 42943976 42956615 42948622 42945058 42950364 42941572 42948269 42949650 42941430 42958204 42950005 42940110 42952772 -15708649 177165358 
97 42919237 42801552 42951065 42945516 42944496 42943970 42950774 42946701 42950520 42958053 42955886 42940748 42950115 42956199 42941594 42935490 42945981 42940719 42940672 42941713 42947577 42953815 42951452 42957135 42960563 42946302 42953049 42943956 42948391 42955209 -357024677 385778324 
98 42948931 42788578 42936546 42945317 42959286 42946235 42933931 42941164 42943543 42945027 42949848 42946515 42941423 42942192 42952832 42945649 42939204 42944543 42952448 42946695 42946762 42938758 42944635 42957430 42943977 42947292 42954358 42944097 42956873 42933036 42944950 42953867 
99 42952924 42776591 42951179 42950884 42944256 42942659 42947735 42951466 42950848 42943218 42951305 42936662 42942152 42952871 42952135 42945867 42937227 42947850 42941283 42942595 42947874 42947189 42943533 42947496 42956636 42946425 42940081 42950967 42961059 42947376 39191314 42949322 
100 42949631 42781727 42958168 42946235 42958081 42942371 42953802 42951426 42949213 42942579 42943987 42951768 42953291 42949050 42950484 42935852 42944125 42962560 42951516 42961266 42928112 42949249 42944775 42941875 42952443 42940984 42936254 42956910 42932154 42957554 -15714784 1764179143 
101 42950919 42782249 42942892 42952689 42945374 42950610 42952376 42949090 42937851 42944767 42944527 42947206 42946788 42961871 42944298 42944655 42953376 42948034 42955478 42953709 42947223 42955375 42952706 42967229 42952787 42952346 42952191 42965085 42949223 42949512 -376544718 -361799492 
102 42946419 42793322 42935977 42957394 42962978 42951094 42944403 42961025 42959601 42945031 42950470 42947868 42947440 42957486 42947737 42939451 42948489 42954730 42946018 42954414 42960408 42944021 42946331 42950236 42952050 42947774 42944055 42954609 42943301 42955529 42942657 42939927 
103 42948091 42795118 42957107 42949065 42956909 42949768 42960961 42958079 42951484 42951903 42962454 42953656 42951529 42943396 42946212 42941624 42949997 42944246 42938268 42937646 42945660 42947527 42943576 42950350 42939851 42949004 42938196 42946807 42953588 42958198 -1227590643 -13890836 
104 42941400 42790309 42946638 42952019 42963858 42943837 42954931 42951277 42942534 42952358 42951580 42950911 42960772 42952924 42959183 42938157 42960343 42960448 42949304 42940923 42956462 42946747 42942610 42942800 42951709 42945335 42952998 42950517 42949906 42955089 -16116715 -838597779 
105 42937044 42796549 42952809 42950668 42947906 42949266 42947518 42945403 42948064 42961600 42951886 42947066 42952570 42958945 42960510 42943851 42954237 42942846 42951241 42940668 42940789 42952905 42949057 42953711 42951242 42952342 42959540 42942863 42946084 42954449 1762615161 -13613595 
106 42957557 42795328 42945894 42951411 42950055 42942526 42952388 42957203 42956428 42960074 42941075 42954189 42945205 42949722 42947302 42948360 42947753 42954614 42955583 42948301 42946959 42944326 42952745 42954014 42950819 42952695 42953459 42950150 42952022 42955133 -15621747 -817239015 
107 42937660 42792513 42960243 42951731 42943397 42940760 42957494 42949851 42954975 42954143 42943929 42941477 42954748 42957416 42960308 42948992 42946340 42943262 42951382 42946396 42947088 42952539 42957914 42947268 42953372 42948444 42948582 42953664 42949560 42933070 975552941 -220139094 
108 42938595 42775468 42937729 42956911 42955666 42947671 42953933 42964274 42951199 42949202 42961593 42945291 42949501 42946554 42956090 42927044 42954727 42950883 42951706 42962103 42964803 42963650 42940329 42939604 42955499 42946047 42954211 42944971 42937878 42947136 1893066000 -13631489 
109 42946136 42791051 42944320 42942129 42953477 42955520 42962206 42960438 42959515 42954842 42951828 42954115 42958353 42947713 42946368 42940943 42948665 42946743 42942235 42958754 42953120 42957722 42953414 42957597 42957383 42952480 42941121 42958367 42950803 42957589 244488725 -13565307 
110 42952657 42788499 42958202 42958851 42940541 42951382 42948714 42948659 42958841 42946673 42949663 42958820 42957975 42948143 42963095 42942094 42956909 42950890 42957517 42966183 42952624 42952713 42953409 42952213 42955343 42945310 42943730 42947443 42954576 42952920 -2091655148 42946651 
111 42963604 42799881 42951467 42948837 42960709 42945546 42950988 42953189 42955844 42960391 42956420 42950370 42948647 42965265 42946510 42940599 42949418 42943255 42940007 42949142 42949978 42952954 42956283 42937844 42954368 42952960 42951062 42956566 42953046 42950837 -1227746291 1764653515 
112 42969664 42798732 42945727 42964467 42955862 42957842 42954475 42954411 42961566 42953261 42958438 42944738 42938971 42943833 42956444 42924678 42946938 42959822 42949963 42948101 42945988 42952744 42957299 42946732 42954575 42952048 42948634 42952248 42954106 42938881 42957659 1772281598 
113 42957987 42795549 42950353 42959815 42952560 42956684 42956655 42945398 42956476 42951177 42945623 42950939 42959459 42946233 42944800 42960673 42957486 42940150 42952669 42957185 42954446 42951329 42948834 42955498 42951705 42959907 42944325 42948965 42953695 42949984 -16488957 659643189 
114 42949110 42788200 42941146 42951370 42970277 42950880 42949248 42958606 42952849 42951414 42963313 42965466 42951653 42951704 42947955 42955005 42950660 42948009 42949249 42936666 42953993 42957360 42934301 42952074 42956812 42947544 42945443 42950881 42946525 42952078 45040993 -783997473 
115 42941204 42803945 42946251 42956959 42955659 42960482 42960835 42959763 42951214 42947870 42954037 42958762 42955440 42962748 42949335 42940879 42945157 42945003 42955698 42962654 42954852 42965938 42959724 42959854 42948326 42948177 42953761 42966855 42941479 42952193 717929819 -364271327 
116 42956530 42786820 42958594 42944793 42958518 42965906 42951771 42948707 42957461 42949655 42941143 42958395 42953495 42945745 42960420 42951147 42955613 42949382 42962618 42951956 42947831 42965457 42958560 42948744 42939897 42952751 42951740 42960196 42946868 42951714 42937553 42955739 
117 42956430 42797425 42952899 42953587 42970737 42947887 42957310 42959603 42960442 42955396 42956375 42950193 42952162 42949429 42948872 42948088 42955270 42967272 42951775 42957980 42970765 42956869 42942897 42950303 42964134 42961505 42953592 42966338 42946918 42960894 76947241 1582379992 
118 42968939 42785506 42959679 42958406 42944137 42968597 42958354 42956262 42946133 42953134 42960142 42948747 42950840 42953428 42950581 42935330 42955425 42952106 42945766 42956349 42958183 42956362 42948313 42958512 42960415 42950945 42943544 42943208 42947050 42955157 42953328 42953912 
119 42958261 42778270 42962639 42964757 42947446 42941495 42956720 42965156 42950926 42956014 42956851 42953300 42948481 42951240 42961695 42941772 42946794 42961241 42954143 42951532 42947416 42960602 42961952 42941044 42971928 42954997 42962101 42953535 42961733 42950635 42967891 42950631 
120 42964321 42792556 42944258 42956637 42970622 42951332 42952660 42954263 42964611 42958748 42951015 42956033 42952865 42960181 42962524 42952344 42945091 42951361 42949558 42949164 42952294 42948295 42953737 42947494 42956014 42954462 42952963 42951529 42944032 42945439 57960537 1764172343 
121 42957572 42783191 42946066 42952677 42955563 42945300 42963582 42954860 42945415 42964782 42953375 42950883 42957216 42965055 42957563 42944073 42954091 42964146 42960443 42943604 42955561 42957909 42957749 42959749 42947612 42960810 42954301 42958786 42950681 42962484 47156174 -361766812 
122 42967051 42787710 42956885 42944689 42957269 42953196 42962814 42945718 42952155 42951524 42960653 42957590 42963135 42952735 42952796 42949749 42950562 42952373 42947165 42950751 42955290 42958025 42962891 42949847 42937711 42949505 42948766 42956161 42945024 42952569 42982954 42938321 
123 42965721 42792154 42963953 42959446 42948903 42956456 42953357 42953772 42958199 42963984 42968791 42959945 42960296 42957221 42951823 42943923 42957571 42971283 42973676 42949905 42963082 42958710 42956998 42953736 42959028 42954612 42952317 42941712 42953980 42952892 -698348934 -13723705 
124 42950400 42785398 42962289 42961782 42952513 42953420 42956827 42952209 42954680 42946589 42965931 42962758 42961382 42960459 42978398 42941910 42959006 42955553 42946763 42945309 42952769 42956717 42960388 42962619 42961965 42964362 42955189 42949718 42959730 42945734 1000228917 -838589299 
125 42964028 42796369 42961886 42956466 42962467 42950950 42946306 42955455 42960733 42960196 42954284 42939409 42948661 42971149 42944909 42945073 42954458 42966665 42968754 42956705 42958264 42962807 42954177 42961955 42957307 42966267 42948649 42967513 42955043 42956861 653146476 -13444004 
126 42969438 42796528 42956703 42954992 42966381 42949635 42970162 42953354 42960097 42967697 42954122 42958133 42956408 42954860 42947396 42953394 42964583 42951113 42966077 42950232 42958837 42960817 42952236 42957327 42954679 42960715 42970176 42964954 42957893 42949446 42947489 -784293530 
127 42951314 42790584 42955057 42951507 42966166 42953264 42963255 42954998 42941504 42961502 42955428 42954109 42958256 42953909 42953750 42957831 42956598 42961768 42959369 42960781 42963225 42957837 42957953 42964317 42959371 42970313 42951249 42970462 42958375 42948800 1821358280 -872519917 
128 42937243 42801020 42966942 42963545 42954533 42958405 42975602 42964448 42957891 42958740 42964075 42948953 42976232 42965582 42971542 42952476 42975133 42965340 42959296 42959342 42961403 42962642 42965799 42972369 42968733 42965348 42963559 42951324 42957944 42960732 1596087048 -13456156 
129 42694172 42661741 42970036 42961427 42955941 42959919 42956579 42955769 42963495 42955266 42965125 42957045 42962953 42957597 42964109 42954070 42963138 42966029 42962384 42962507 42956399 42947344 42960770 42955952 42966768 42955257 42953008 42957449 42961861 42952689 -334003136 42951827 
130 43040095 42783461 42963204 42956852 42959179 42956969 42959493 42963689 42950394 42954973 42963036 42962537 42959360 42969407 42947359 42952023 42966378 42956646 42959264 42950983 42961052 42962789 42962460 42955198 42949051 42957599 42953408 42952670 42962324 42964778 42956107 42948988 
131 43040811 42783193 43128629 42951459 42958003 42970621 42960133 42955405 42962053 42962174 42959227 42971116 42954606 42958400 42952855 42953710 42965191 42959444 42956121 42957509 42951051 42952604 42954730 42958424 42959950 42957692 42959257 42961828 42955412 42965830 909293868 1758477641 
132 43037980 42796553 42955771 42955772 42970266 42956776 42945074 42950961 42970244 42959831 42950835 42957889 42960172 42959723 42963064 42936973 42957128 42953487 42946762 42956986 42952512 42966387 42944737 42970022 42973188 42953393 42954519 42967070 42960547 42963021 42957925 1772310868 
133 43033896 42795953 42963734 42959453 42952619 42965662 42953838 42957789 42965946 42960802 42953741 42968799 42966710 42967135 42969417 42944892 42958915 42962358 42955956 42956311 42961684 42959473 42963978 42970328 42956303 42957060 42969968 42954487 42959290 42960199 -368867313 -403877591 
134 43032408 42809010 42963688 42961119 42971387 42960089 42968266 42967605 42961232 42964657 42957187 42951368 42970663 42956436 42965274 42967767 42967069 42953449 42964079 42962551 42963256 42960861 42958100 42966310 42963660 42951414 42974234 42961441 42963931 42953797 1768110626 -783988139 
135 43022611 42793123 42961709 42954399 42945415 42963028 42963107 42971033 42966675 42963062 42959171 42952606 42958054 42956527 42958696 42942535 42976695 42958404 42950743 42968666 42970173 42964989 42964519 42954898 42963281 42964936 42964619 42970942 42958824 42955829 42974233 -404766728 
136 43029214 42806901 42962827 42953836 42950307 42963886 42966139 42962990 42947915 42971394 42958199 42962086 42952141 42968137 42963240 42950427 42968134 42959323 42972024 42954757 42965773 42962448 42968684 42962495 42966670 42951694 42951391 42956623 42965092 42958855 1888542334 42959268 
137 43033406 42815784 42960080 42964288 42971418 42965932 42958875 42968969 42972915 42960025 42953349 42967061 42968992 42963591 42940767 42951830 42962512 42956130 42946608 42959408 42963659 42960672 42960644 42955816 42969273 42970722 42961341 42964814 42962218 42977019 43000626 45224512 
138 43039182 42812404 42963909 42962102 42966253 42964157 42958493 42959973 42960404 42964247 42960144 42963447 42964390 42966276 42955779 42960332 42972042 42961281 42956852 42972208 42954149 42961565 42967681 42966775 42967505 42959065 42947265 42961627 42965832 42961118 42950874 -13599664 
139 43029284 42806713 42966926 42962954 42952295 42968447 42985528 42969892 42967196 42966407 42962286 42966124 42968031 42956984 42959465 42961701 42961502 42971164 42961127 42966513 42952011 42967739 42958587 42971823 42964941 42964802 42972701 42967385 42956005 42971222 -368599339 -13087934 
140 43037756 42823230 42969456 42965694 42972071 42967283 42966493 42965000 42964344 42962454 42971153 42970825 42976339 42955684 42960445 42955628 42961834 42969468 42959409 42953683 42960483 42957570 42976316 42967165 42959291 42951318 42974282 42965480 42952396 42965214 42944805 -13292817 
141 43038976 42830460 42980981 42964787 42968196 42973568 42966324 42962813 42965720 42952407 42967907 42962512 42966614 42973582 42968162 42962760 42959603 42967901 42967731 42963191 42969806 42958907 42962601 42963256 42965318 42957983 42965613 42972567 42963851 42971727 -15608981 -364248919 
142 43030302 42806195 42968162 42955607 42954254 42956491 42967822 42968491 42955564 42964210 42960076 42958154 42971514 42967149 42957475 42958581 42974390 42972854 42960476 42969321 42975969 42960995 42973393 42960714 42961954 42968993 42970741 42960185 42966490 42969407 42956873 42954058 
143 43040171 42804392 42954492 42972201 42967115 42971885 42971236 42967284 42972586 42971543 42957597 42970138 42966895 42947057 42961309 42964367 42966219 42966142 42967600 42965248 42969712 42969253 42964514 42958827 42972554 42960591 42973692 42963592 42969557 42965879 43019456 -1724585970 
144 43053882 42816122 42966514 42960619 42962347 42969200 42960436 42968009 42972011 42969839 42980996 42957061 42971045 42976048 42971064 42947904 42973236 42963252 42972533 42958594 42957468 42964181 42954853 42965734 42967805 42960667 42963293 42957446 42981609 42966581 42963363 42960086 
145 43021775 42828876 42966528 42954613 42964950 42968317 42962899 42977169 42973111 42964892 42973200 42960646 42969495 42957745 42966226 42969731 42964982 42964624 42973207 42976438 42966143 42974485 42963388 42962577 42964480 42980571 42962502 42957980 42979743 42954574 42984134 42968595 
146 43040468 42816374 42969668 42967424 42960622 42974052 42964746 42961054 42963277 42965089 42950860 42964261 42970980 42966978 42958167 42951287 42958108 42957175 42979137 42969236 42978437 42954048 42975162 42966077 42961193 42966861 42967515 42963364 42977635 42956738 -15753400 1764195177 
147 43042991 42817506 42969282 42977076 42967628 42978826 42982525 42956839 42957210 42963766 42960583 42979075 42970307 42963030 42964708 42948205 42964285 42960173 42967412 42971495 42962402 42961592 42966670 42947982 42969116 42972524 42958341 42963120 42973728 42967263 1856041536 -361771773 
148 43035400 42815229 42956830 42971933 42957770 42960476 42965275 42957412 42967805 42973640 42954423 42962268 42964928 42970090 42974463 42956667 42964181 42963366 42959496 42967095 42965893 42957319 42971556 42963707 42956005 42963652 42968169 42956013 42972911 42951779 42952916 42964626 
149 43044242 42815739 42967777 42956262 42973059 42970330 42961586 42959127 42958612 42966875 42973827 42964365 42965273 42979753 42970226 42952938 42971705 42964010 42969418 42956926 42957770 42967281 42949044 42977620 42959660 42974858 42969127 42975928 42972586 42959306 42977686 -364251996 
150 43044011 42817937 42965949 42968982 42963897 42969073 42972382 42964268 42969123 42968929 42968932 42983255 42964181 42961257 42971888 42957560 42957593 42962915 42960862 42972556 42971377 42953365 42970373 42969522 42965516 42962034 42975741 42966132 42968529 42972662 42957102 -404896394 
151 43041034 42826174 42962908 42969326 42974067 42979396 42962874 42968177 42969108 42970446 42963264 42980733 42977657 42973505 42967777 42955401 42959391 42966758 42973066 42961105 42960045 42972525 42967337 42971080 42977357 42962443 42974356 42972376 42963662 42963949 1768930720 547004343 
152 43044887 42812939 42978805 42979243 42956648 42958766 42972844 42977315 42969444 42972373 42971557 42955252 42959693 42961193 42966631 42971049 42967805 42961800 42959586 42977575 42972847 42971772 42969785 42962737 42965495 42973131 42970174 42965124 42962895 42963830 -15760441 42971090 
153 43041720 42836850 42966655 42967263 42967202 42973972 42972230 42981750 42972703 42976256 42977401 42977112 42968953 42971653 42961438 42962812 42974369 42970779 42963884 42963282 42964286 42961848 42970691 42960068 42955083 42977479 42973871 42961421 42960081 42967485 1762632898 42975722 
154 43051148 42826478 42981894 42965416 42964465 42962027 42974941 42970100 42974439 42974099 42969194 42978410 42966601 42973234 42969957 42958526 42969281 42982212 42967283 42973068 42976699 42975566 42975279 42960454 42973214 42971151 42966378 42974364 42973868 42966923 -12409821 1764190168 
155 43035367 42817717 42985368 42973636 42970005 42970960 42969504 42964267 42974350 42964278 42968725 42982934 42966262 42972539 42958936 42961184 42970133 42975927 42966728 42970359 42970895 42968402 42962319 42969807 42971066 42970228 42968463 42962124 42965914 42978451 43822069 -361765583 
156 43036407 42828557 42976553 42978326 42975885 42972318 42987829 42976519 42977485 42977497 42974579 42964556 42966655 42973179 42970110 42967629 42972590 42968122 42975396 42970836 42967265 42957705 42959481 42976218 42974419 42972559 42972068 42972745 42967598 42974390 866484786 42968502 
157 43050413 42826658 42977006 42964032 42981395 42971037 42977023 42964685 42975343 42975054 42964720 42965396 42962890 42969791 42979448 42959460 42963483 42974562 42972062 42971319 42973299 42964606 42972111 42958825 42982972 42970548 42980043 42975046 42965756 42966165 42980408 -13435386 
158 43044317 42830410 42980238 42968696 42971224 42958782 42966863 42969392 42974763 42971561 42974895 42976391 42964155 42966552 42967766 42961892 42970898 42963874 42968003 42972215 42979412 42966949 42974183 42977525 42956905 42972951 42966892 42970300 42968994 42974139 -91249271 -838578249 
159 43037729 42835146 42971000 42961098 42967735 42979362 42972444 42973325 42975802 42978398 42970232 42966230 42959096 42970232 42960690 42957552 42977475 42972569 42979005 42967757 42976164 42977121 42962587 42971723 42955467 42963586 42970186 42985392 42965036 42959710 46854716 -13155936 
160 43048262 42836901 42981255 42974444 42976242 42977024 42977678 42964551 42976742 42969801 42973131 42982582 42964545 42966888 42981815 42965852 42982718 42976412 42969470 42976005 42975846 42978247 42959953 42964683 42979814 42967995 42968720 42969622 42984250 42974441 43034266 -801683444 
161 43027533 42846535 42968303 42987330 42970360 42973285 42959276 42968802 42975667 42977479 42965626 42984642 42978752 42969416 42977039 42963190 42984500 42971215 42967772 42965462 42963639 42968485 42968938 42960846 42975827 42966810 42961557 42973079 42969611 42971260 56025955 319279898 
162 43045134 42830481 42973689 42973653 42975811 42968455 42970260 42974808 42964019 42979451 42968685 42973014 42974240 42973200 42962419 42967769 42971510 42972405 42961799 42977137 42984585 42974823 42968910 42975471 42968313 42977621 42970456 42975380 42976795 42970052 42962736 -13161606 
163 43058288 42828250 42968220 42983556 42990323 42973329 42971490 42970378 42981661 42972373 42972258 42971121 42957847 42965831 42976122 42970959 42974723 42976820 42981520 42959426 42975125 42971648 42964481 42968941 42985579 42978714 42972256 42964252 42967322 42980125 42984060 -13391141 
164 43047875 42844242 42984440 42983599 42973995 42980335 42985302 42984669 42972578 42984535 42968012 42977702 42972510 42969153 42976355 42959690 42971168 42980718 42978504 42976570 42968525 42963931 42977213 42979571 42985006 42974183 42967488 42979445 42975698 42972770 42965873 42963828 
165 43036423 42836204 42977082 42978997 42972159 42979000 42973955 42977708 42980144 42963934 42975513 42980221 42979292 42962266 42968208 42974072 42982211 42975334 42968605 42975619 42967444 42961188 42971477 42982172 42978332 42971276 42975999 42972706 42955468 42986931 43049763 1758726531 
166 43039454 42840219 42974303 42972469 42987963 42977443 42980161 42978242 42965016 42980930 42975100 42978211 42966651 42982272 42966807 42970941 42977932 42964531 42976016 42970967 42971963 42984969 42984270 42976935 42982260 42968114 42974306 42968077 42960304 42975227 43033266 1772310284 
167 43041224 42842815 42980255 42969681 42980144 42968486 42974891 42981592 42962986 42968418 42978196 42974626 42971831 42964912 42977093 42965932 42967254 42978681 42974095 42968199 42980846 42975630 42969919 42987254 42977638 42973586 42981437 42972104 42970796 42966292 43041584 -1217046921 
168 43038486 42841986 42978488 42976998 42973953 42975069 42976817 42976873 42970142 42989155 42984656 42970179 42969961 42979155 42976083 42964959 42970681 42989834 42975020 42985628 42963383 42971071 42975002 42984747 42969142 42968185 42980507 42970338 42971744 42983170 43485864 -783963800 
169 43040648 42835665 42971715 42975389 42981836 42983723 42993416 42986632 42973710 42982860 42983352 42983417 42984906 42990343 42973812 42958853 42976245 42980483 42987166 42976359 42972523 42980614 42976017 42975248 42966419 42974091 42978238 42976940 42977762 42968273 43486269 -1221476872 
170 43045896 42830598 42982374 42978848 42981343 42971876 42979969 42971452 42984523 42972932 42981124 42980775 42982154 42999140 42979868 42969484 42968359 42962726 42962946 42982292 42977801 42981399 42970761 42980418 42984506 42974082 42967902 42973244 42967873 42973527 42975489 42970438 
171 43046364 42847963 42980826 42985494 42978566 42973395 42997244 42994572 42979410 42977007 42972022 42965504 42977986 42980676 42987470 42976031 42971039 42972296 42975889 42978055 42976890 42984928 42974097 42973062 42964769 42970860 42966893 42979394 42976895 42978523 42994370 -364237751 
172 43036237 42999947 42969972 42981994 42980513 42988137 42978760 42971776 42977648 42977920 42971513 42963845 42980222 42981121 42978647 42970723 42979474 42962272 42982379 42982348 42975474 42982643 42968364 42981297 42977375 42991180 42977136 42973219 42982665 42966150 49923546 -12769509 
173 43035581 42836021 42980964 42975990 42995196 42975726 42981309 42975656 42969759 42978545 42977377 42981083 42980236 42985934 42979976 42975639 42973574 42975532 42989508 42974552 42981305 42978241 42973724 42985866 42985572 42971417 42978882 42973305 42975525 42976523 49933747 182067879 
174 43045670 42840105 42979753 42979968 42962517 42980576 42978034 42976259 42971550 42984737 42981607 42979584 42973921 42969006 42974228 42966749 42986053 42978383 42979628 42979070 42990412 42973316 42987750 42980944 42983511 42974567 42979313 42966751 42986353 42981962 49915697 42969720 
175 43029746 42842680 42977359 42977483 42988853 42980196 42987285 42974213 42984611 42982585 42972707 42987624 42983049 42975585 42983356 42984035 42981782 42981445 42983181 42987430 42966414 42974117 42981281 42969953 42979287 42984071 42967951 42970229 42977826 42979299 43014289 -364229661 
176 43046056 42833282 42985417 42981747 42980388 42978052 42978251 42976321 42986526 42975134 42977357 42970263 42976331 42986781 42976793 42962765 42978701 42986376 42984648 42987076 42978912 42974027 42974634 42976732 42968845 42983019 42982429 42978642 42969585 42978709 42996260 1764203585 
177 43016086 42870559 42978115 42976995 42981478 42990640 42971746 42992075 42969948 42977299 42972645 42984227 42983926 42977517 42990777 42970681 42971301 42979740 42960513 42977958 42974252 42967706 42986905 42971568 42981907 42975132 42979600 42979218 42982634 42978955 43008067 1012040750 
178 43024945 42840025 42975962 42973446 42979429 42985313 42975270 42971893 42977189 42982594 42975905 42973754 42985881 42983023 42985021 42979556 42982160 42986232 42975213 42984846 42980013 42982821 42990379 42973647 42984642 42969480 42976716 42982439 42972441 42971471 42971181 42973322 
179 43029996 42841529 42974535 42985099 42981954 42983965 42988762 42990668 42985221 42981155 42993003 42987995 42980819 42974975 42981838 42980781 42979206 42983455 42979473 42982221 42975828 42977130 42973271 42977719 42977231 42966644 42981651 42988031 42975149 42969317 42994619 42988079 
180 43031428 42846654 42987471 42987187 42988879 42990726 42979280 42978407 42988545 42980815 42979017 42990928 42990612 42981559 42986580 42965633 42976321 42988309 42987610 42974845 42984790 42983652 42987958 42972923 42977688 42985564 42974193 42976091 42991647 42980906 42974833 1764218836 
181 43030750 42849533 42988696 42984924 42971866 42983196 42981251 42977433 42991124 42978028 42967227 42970207 42982284 42983920 42973119 42978144 42983514 42977054 42975972 42978198 42972415 42977789 42970511 42982711 42984042 42979678 42974784 42970757 42986598 42980216 42990344 -361745793 
182 43042695 42842833 42965399 42984842 42978113 42989389 42983647 42995265 42987753 42976901 42978877 42974142 42977512 42985850 42988678 42974150 42977461 42990685 42973602 42989316 42989765 42985033 42989195 42972154 42978080 42974353 42987738 42987193 42974099 42979719 51471508 -792952750 
183 43029016 42857017 42967829 42988524 42989894 42986824 42987716 42985303 42986063 42990548 42992088 42985536 42981035 42986998 42981978 42977751 42982370 42986280 42979661 42977292 42981637 42977834 42986707 42980597 42986219 42987714 42977101 42988056 42994080 42988746 51471494 -13206485 
184 43041494 42855630 43006952 42988155 42989329 42986228 42990294 42984946 42978168 42982920 42987593 42973978 42983833 42987910 42992070 42980489 42976341 42980470 42980207 42977529 42982811 42981826 42989733 42981796 42981365 42984249 42971609 42986178 42976043 42964302 -2104510372 -838572951 
185 43023115 42856041 42989045 42979015 42985714 42992021 42981783 42997457 42971459 42982538 42987932 42985737 42997749 42992580 42971197 42979040 42988937 42978605 42989750 42987662 42978332 42991400 42976461 42979643 42991333 42988936 42981618 42981267 42979693 42978414 42987966 -12916134 
186 43033478 42841957 42970857 42985562 42981681 42977670 42990156 42987199 42998873 42996055 42972785 42990260 42988848 42991687 42983680 42976471 42985882 42978351 42988340 42988225 42991501 42986889 42998144 42991226 42985930 42973428 42981359 42983826 42982037 42975840 54872082 -833145080 
187 43030145 42846422 42994026 42977725 42987836 42998702 42994371 42987791 42980635 42983292 42982610 42994389 42990563 42991134 42988293 42979097 42984739 42987769 42982044 42980466 42984853 42987514 42979890 42981356 42978236 42989374 42994084 42985618 42994592 42973368 -2092594450 -210325789 
188 43040939 42845937 42997329 42979050 42982654 42997554 42977869 42983588 42987911 42982041 42988531 42975946 42988733 42992693 42997654 42974242 42980025 42991796 42981848 42979407 42989935 42976878 42978389 42980110 42977270 42978826 42981821 42993136 42986786 42983426 -2092622859 -12949662 
189 43034459 42847918 42990045 42986896 42994864 42988585 42992258 42991243 42980024 42976989 42984124 43003842 42987559 42995479 42995524 42975258 42981707 42977632 42983992 42984827 42993151 42984018 42984841 42981239 42987356 42991048 42975798 42984389 42973390 42988270 43827465 -1215958434 
190 43033051 42865188 42990717 42975850 42982937 42983177 42994527 43000568 42997308 42988373 42985224 42987691 42966493 42986144 42982836 42978792 42980334 42989103 42984498 42992763 42986015 42994671 42981702 42981600 42995462 42996477 42999373 42982372 42997429 42988572 43979583 42986033 
191 43014630 42847714 42998933 42991698 43001354 42984129 42984307 42989619 42994551 43000056 42992126 42989894 42986702 42994723 42984650 42974317 42976650 42997082 42978481 42992988 42985520 42986208 42979263 42988666 42989480 42975146 42981090 42973120 42994684 42979719 -2104477395 1758748829 
192 43046895 42850691 43005760 42982774 42986394 42986033 43003172 42989160 42991633 42999109 42999334 42992331 42983431 42994998 42998194 42983219 42989208 42973732 42984088 42990264 42998894 42994373 42983265 42977365 42990300 42990191 42988602 42982105 42989246 42987197 42990133 1772328142 
193 43008484 42848203 43004545 42991516 42988175 42990113 42986003 42989804 42990299 42984568 42989205 42992715 42985924 42982534 42984944 42977108 42992371 43000833 42999911 42974826 42979206 42992731 42987629 42990781 42989222 42985259 42979171 42993699 42983521 42981060 54929595 -1216958069 
194 43024007 42843213 42985133 42998166 42982428 42997660 42998059 42988876 42989665 42987735 42996702 42991351 42991079 42984871 42993500 42987536 42998762 42993389 42989183 42994520 42989212 42987053 42988487 42988270 42993342 42981658 42992746 42986530 42987084 42990246 -2092565963 -783952516 
195 43028488 42859219 42989175 42993494 43000180 42995488 42998442 42983480 42990563 42989244 42989796 43004034 42992136 42992790 42983169 42980882 42980179 42990796 42982798 42988758 42998858 42988417 42993569 42992417 42996501 42998043 42995996 42977745 42993371 42983433 -2092555207 -1221731466 
196 43023853 42866489 42992257 42986713 42999902 42983106 42983332 42993966 42995491 42982333 42994444 42989804 42991213 42999707 42990234 42985575 42993865 42988691 42993451 42982820 42989988 42990975 42990607 42987183 42990624 42983136 42985055 42981097 42993629 42985478 43524467 42989500 
197 43015123 42864954 42992380 43003208 43000840 42998810 42986318 42986696 42990899 42989942 43004697 43000560 42984554 43001168 42999420 42985617 42980064 42986902 42988440 42994059 42990106 42989822 42992200 42977321 42992223 42995738 42992770 42991143 42991739 42986273 43536214 43211838 
198 43012488 42851890 43000729 42993218 43002617 42994802 42986241 42996940 43001201 42996803 42996666 43006663 42992148 42989828 42990986 42990886 42995094 43000563 42990087 42991933 42987037 42991783 42998997 42986944 42996560 43000106 42990027 42981997 42991104 42990555 42991009 76607379 
199 43025742 42856687 42984655 43001541 43001352 42995668 42987060 42992957 42993963 42993914 42990751 43003379 42994737 42985409 42986796 42981345 43005633 42992335 42994896 42981282 42994342 42997726 42996637 42994051 42998311 42996366 42987267 42995086 43000256 42987994 42998206 -12736107 
200 43015781 42853910 42994012 42991307 42991141 42988162 42993492 42994305 42991674 42999225 42980467 42999398 42992894 42997010 42997447 42980750 42988985 42996766 42989786 42989766 42992858 42997622 42985069 42988651 42998418 43002652 42984132 42986662 42990748 42993894 43581099 -12767025 
201 43021367 42862178 42989006 43003665 43000832 42999785 42985514 42998259 42991830 42995294 43007046 42996611 42984801 42988963 43006372 42989007 42998161 42998979 43005024 42983766 42988178 42999847 42992984 42977450 42985014 42993589 42991589 42984707 42995525 42987252 43573756 -364222435 
202 43008252 42847982 42996076 42998665 42998847 42994891 42996228 43006647 42992434 42998731 43006448 43012615 42990913 42984191 42992115 42991342 42993933 43001852 43001707 43001374 42987971 42993343 42985083 42988761 42980221 42985117 42992024 43006212 42991798 43004641 43567755 42987931 
203 42998995 42854382 42996954 42993269 42998853 42997083 42998212 43002794 43000312 42994778 43003834 43007590 42984087 42999552 42996010 42986893 42995000 42985824 42996521 42981542 42992059 42990411 42997986 42985229 43005552 42993474 42984930 42993199 42991781 43011012 43073345 -137846019 
204 43008472 42862034 43000315 43003833 43004170 42993511 43007398 42993710 42997381 43003761 42999290 43013139 42999073 42989954 42989959 42995749 42995402 42991009 42999818 42991798 42987083 42989627 42998097 42992687 42989378 42987226 42997670 42994577 42994418 42996188 43056602 43001211 
205 42999008 42851160 42999894 42994767 43003307 42999620 43000194 42991528 42991376 43003571 42991293 42999039 42993338 42993567 42992583 43005213 42995230 42999332 42999430 42990516 42998414 42995528 43002564 42987956 42992715 43000489 42989296 42993405 42984241 43002457 43006990 43010945 
206 42995346 42873053 43004435 42997732 42998181 42998436 42995802 42995047 42996309 43013261 42993360 42997966 43014436 42983462 42992749 42985639 43006969 43002389 43000610 42990510 42985673 43008670 43002702 42984828 42996684 42991342 42998409 42992879 42987260 43002415 -702207462 1764215505 
207 43001201 42847687 42993321 42996139 43015789 42995298 42990355 43005724 43002989 42988656 43006110 42998274 43008938 43000145 42990877 42989708 43005981 42992960 43009952 43004140 43013709 42995580 42992010 43009283 43003822 43000975 43003639 42999872 42990116 42991066 49980190 -361741226 
208 43011834 42872342 43004512 42992827 42995658 42989827 42993157 42993331 43018336 42990459 43012275 43006645 43001927 42998642 42993996 43001527 42995368 43013243 42992727 43000730 43001566 42995728 42998743 43006415 42995138 42991355 42987371 43003027 42996749 42990938 49967734 42992692 
209 42986076 42877348 43008146 43007854 43000208 43011874 43016905 43005206 42999833 42997809 43007736 43013417 43003426 42999056 42993359 42998000 43011158 43001075 43011847 43001020 43002741 42997505 42991302 43002455 42992097 43006523 42993901 42995768 42988940 43008297 49980654 -12979995 
210 42995206 42859630 43003958 43010374 43002598 43015382 43004881 43005146 43016861 42999559 42993538 43000349 43007761 42986979 43004049 42986531 43010105 42993173 43009389 42997943 43011220 43002181 42996257 42999625 43005644 43002977 43012656 43005186 42998018 42995243 43184601 -838558658 
211 42986717 42870134 43009830 42999057 42999335 43003947 43004046 42991118 43005330 42995075 43002887 43001900 42994434 43010573 42985334 42984173 43003470 43004052 43003584 42998593 42999630 42996140 42997257 42998488 43003845 43000980 42994715 43004522 43011453 42995517 43202014 -12700688 
212 42985314 42859891 43004882 42982708 43001699 43004284 43004257 43005611 42999681 43002591 43013688 43000580 42992232 42999682 43007580 42996651 42998984 43012787 43005392 43004930 42987547 42997465 42999816 43000761 42998184 42994780 42995164 43001096 42999025 42997601 42991592 -787050067 
213 42990143 42867545 43003987 43008614 43016565 43009705 43007460 43009368 43017414 43004113 42998900 42999697 42992080 43009324 43003643 42980851 43001062 43004908 42987043 43002217 42995231 42997651 43012263 43003362 42997172 43000235 42999997 43007969 43004027 42998518 -702188999 1717893274 
214 43005907 42871551 43014597 43008991 43010510 43000047 43013081 43018032 43013276 42993124 43007154 43008399 43011152 42997396 43001722 43005227 43007640 43001520 43001824 43017082 43010722 43014304 42993369 43000889 43002757 43008187 43001578 42993696 42997584 43001112 42999709 -12711100 
215 42998902 42865103 43015576 43000248 43000727 43010032 42992890 43002256 42993973 42987679 42993880 43003614 43015818 43020338 42992829 42999507 43013365 43003972 43001384 43004775 43001521 43010063 43002174 43005913 43006524 42997521 42999262 42991976 43002552 43000823 43002851 1360000913 
216 42994146 42847047 43008317 43006759 43007732 43004014 43001587 43000825 43003923 43003911 43003893 42998395 43014402 43008639 43000379 42995809 43001598 42992374 42994634 43010157 43003625 43012980 42997997 43000983 43008907 42997013 43010313 42990354 42998018 43007600 42995398 43011039 
217 42992488 42861100 43008577 43001350 42995441 43003333 43006262 43014488 43005291 43006578 43013414 42998552 43009247 43009236 43012348 42996945 43003401 43012654 43003028 43006398 43015666 43000442 42997422 43011590 42992309 42996091 43003962 43002824 43007451 43005541 43008250 1764355321 
218 42986247 42871963 43007859 43007220 43016233 43008098 43007998 43014966 43013782 42998827 43006811 43006116 43014029 42989554 43004390 43004544 43002636 43012340 42999877 42995929 43005588 43000629 43008748 43001228 42996068 43003914 42996273 43015429 43000061 43008916 42992811 1772339772 
219 42982647 42869017 43016317 43019441 43014880 43012900 43003979 43004310 43002448 43013904 43004845 43003710 43005556 43011014 43004165 42998863 43004453 43013625 42996679 43002828 43010402 43005078 42995103 43003522 43011843 42990323 43001168 43011741 43004845 42999468 43023299 45069138 
220 42972573 42852678 43011845 43005974 43005148 43012124 42993373 43024701 43005674 43010799 43004671 43013277 43005888 43010654 43007464 42992225 43008617 43014476 43019457 43011634 43005141 43003789 43003065 43009474 42995670 43009853 42992528 43007944 43002351 43005676 -702196285 -783949895 
221 42995847 42871443 43015523 43007330 43014902 43007350 43014637 43005370 43015825 43006312 43000355 43018627 43000732 43011359 43010609 42991413 43005547 43013163 43015188 43019960 42997704 43008118 43004566 43015827 42993753 42999883 43009457 43007789 43004083 43010035 54912940 44083236 
222 42977545 42886472 43004879 43010795 43019042 43006798 43000174 43004139 43009797 43003741 43003721 43013160 43021919 43003735 43012113 43008809 43007303 43005473 43015095 43001991 43016053 43007326 43000159 43016841 43013222 43011244 43005637 43007237 43003594 43001471 -2092586153 42997001 
223 42962366 42858466 43020524 43014590 43017676 43009603 43016069 43021618 43008726 43007951 43023669 43016677 43009826 42998317 42998314 43010250 43008097 43007555 43004141 43002310 43002426 43012975 43005212 43008303 42999872 43008464 43012070 43013904 43018007 42999701 -2092576980 45148011 
224 42970575 42864281 43024255 43017203 43011272 43001347 43018126 43004015 43009504 43017896 43025480 43010878 43012264 43010083 43018542 43008451 43014112 43017368 43013744 43013929 43009412 43010344 43011364 43010916 43003533 43008141 43000478 43008836 43007631 43005926 43686830 -832119963 
225 42943022 42888077 43017154 43013760 43015257 43017749 43007962 43015099 43011116 43014080 43009350 43010768 42999517 43016765 43013168 43013983 43014341 43019951 43013529 43005852 43006553 43012315 43020293 43007069 43011930 43012393 43013388 43014352 43012636 43009761 43680687 -12497688 
226 42967262 42864965 43006813 43007622 43012401 43018971 43012510 43009143 43014027 43010395 43003895 43015391 43015881 43027273 43014786 43003122 43022143 43016395 43021754 43011912 43014093 43010616 43021668 43013416 43009402 43001045 43010891 43014200 43006128 43015022 43012925 -12532849 
227 42974593 42875579 43006066 43015797 43013288 43017655 43011196 43012609 43017421 43007113 43019886 43019968 43010448 43026688 43015933 43001509 43009829 43002714 43005054 43006606 43020871 43016286 43018768 43004743 43018838 43004123 43005191 43001940 43015612 43004587 43010090 1764378278 
228 42966881 42869055 43011341 43020637 43015028 43027899 43010163 43006415 43020774 43013842 43015115 43030847 43024660 43013205 43011783 43012985 43017780 43003304 43010570 43004385 42997585 43031085 43009472 43005451 43000995 43007529 43004663 43014449 42994451 43020366 43000744 43021401 
229 42947396 42865186 43015028 43035275 43003506 43021547 43018705 43011334 43010894 43017689 43010268 43005235 43006162 43012901 43012643 43004412 43014232 43010514 43003268 43017191 43009620 43005051 43018173 43011147 43011538 43012428 43025100 43015383 43008652 43008167 -333032027 1894051111 
230 42949311 42874611 43017826 43022378 43009057 43025832 43019835 43012907 43021929 43008678 43010586 43008209 43013741 43018439 43016649 42995567 43007651 43024513 43022253 43007470 43020067 43013372 43022952 43018262 43010062 43016938 43027124 43004558 43009315 43017052 -13343559 1893172937 
231 42951454 42876478 43013204 43019802 43031187 43020384 43009459 43014124 43029075 43015815 43010620 43021627 43023925 43019556 43018628 43009271 43006530 43018935 43009581 43023978 43015487 43022597 43008235 43021298 43012594 43010436 43011516 43005581 43008283 43018148 -13360081 -361325792 
232 42950385 42864703 43016767 43019925 43019575 43023516 43016789 43021390 43016078 43013670 43021152 43021974 43016687 43014866 43029031 42995860 43015420 43022566 43016353 43013764 43010685 43016762 43024149 43007926 43011149 43022154 43013132 43012011 43020514 43009790 -526670420 43013422 
233 42937723 42863372 43014678 43008624 43026274 43026482 43019841 43038051 43008172 43012958 43022618 43021191 43015692 43019003 43018639 43016276 43012619 43015552 43014853 43017641 43023284 43015714 43013632 43014932 43007323 43009354 43011839 43009252 43021294 43012517 -1192631671 1764380092 
234 42940560 42868511 43022888 43019384 43016143 43025086 43017435 43005605 43012052 43018893 43012055 43010302 43029073 43017679 43023293 43002955 43017359 43021170 43023239 43014566 43016260 43012629 43008190 43007573 43020354 43010568 43021456 43027314 43025851 43026180 -1192667440 43025060 
235 42929926 42876256 43017178 43018236 43015889 43022324 43019569 43021529 43025029 43032875 43025368 43022280 43018163 43017723 43014865 43020231 43023699 43001917 43017624 43023901 43014116 43016842 43010620 43018086 43019390 43017231 43012584 43011780 43003858 43007414 -542203667 42999497 
236 42924875 42863392 43010926 43024868 43016503 43026174 43028880 43015419 43021151 43031023 43014644 43014053 43026875 43017906 43024308 43010496 43032612 43010698 43024332 43023894 43027241 43012577 43014155 43011934 43003698 43024574 43010128 43016114 43013734 43013099 43037172 43025161 
237 42926766 42881037 43024267 43029053 43023794 43024187 43020933 43018475 43016069 43023456 43030375 43031486 43020814 43020456 43017787 43009512 43021443 43017229 43014887 43021421 43018122 43014946 43016383 43009614 43017038 43007514 43006320 43018275 43012091 43030116 43008479 1893164583 
238 42914538 42881430 43030836 43029062 43001272 43021156 43015914 43035543 43014055 43023543 43025225 43033638 43023610 43013010 43014018 43011797 43019447 43021889 43016779 43022621 43016329 43025405 43023888 43026674 43022944 43007344 43017431 43011078 43013361 43016820 1184540987 -12638301 
239 42922465 42863870 43030374 43023945 43025757 43022634 43029713 43023743 43021346 43021843 43029681 43023998 43031989 43025950 43010068 43015208 43021054 43015570 43018001 43019704 43015054 43013411 43015619 43021451 43014859 43024536 43027995 43009259 43023000 43007322 43032673 -1044854912 
240 42932490 42879729 43028674 43027508 43020786 43034867 43032901 43023554 43028493 43024614 43020678 43013894 43021000 43021307 43024460 44504729 43042118 43013925 43032946 43025446 43029776 43022036 43014075 43021049 43023430 43016807 43019968 43029739 43027348 43016690 43034070 43013843 
241 42888759 42885095 43022740 43021425 43022274 43028654 43012328 43021942 43017691 43015526 43029400 43025218 43024105 43025339 43020052 43034196 43017291 43029203 43023063 43021427 43017724 43024090 43017274 43030959 43020887 43014271 43026008 43018196 43035464 43017845 43049010 43034630 
242 42918169 42874383 43029103 43023497 43019602 43013309 43030841 43017322 43024040 43018689 43024848 43019143 43030727 43035880 43026372 43030855 43023476 43028078 43020846 43026696 43025005 43025878 43023241 43020980 43035789 43022262 43021943 43024699 43013031 43033397 -14517848 43022747 
243 42907782 42867166 43024195 43021253 43025588 43033388 43023470 43025208 43022739 43036280 43029878 43036469 43037210 43023212 43030557 43035074 43020384 43032494 43017201 43020772 43017779 43025197 43033913 43022096 43005053 43022000 43015064 43021198 43026017 43017561 43015765 1894047511 
244 42896062 42870609 43029775 43022255 43035065 43031917 43026783 43037579 43034727 43034200 43034171 43019122 43029534 43019191 43021816 43036963 43022758 43024717 43022393 43029267 43034129 43037045 43021609 43031314 43024914 43022518 43023747 43029310 43022001 43032481 43024999 -12657900 
245 42906980 42878091 43022329 43024822 43034030 43029245 43039203 43028545 43025054 43024117 43021353 43023070 43034558 43022574 43021855 43032977 43019997 43026881 43020261 43040818 43019989 43025402 43025467 43024165 43020348 43029936 43025847 43027993 43018690 43023262 -14599724 -12679600 
246 42896443 42875059 43033678 43028659 43036590 43039430 43038550 43032633 43029437 43034477 43034752 43022070 43019940 43020088 43024456 43041733 43032775 43030001 43017802 43020821 43023703 43034152 43028935 43033554 43029901 43029929 43026760 43017474 43027564 43036999 43019299 -137787647 
247 42903355 42882588 43042286 43032319 43032433 43023732 43024491 43038462 43024413 43037131 43033997 43025814 43034559 43017947 43026496 43033948 43041677 43024033 43016429 43029983 43037823 43022835 43012313 43021186 43029960 43017049 43028041 43017037 43022390 43030753 43059499 45096552 
248 42894829 42879371 43037265 43037784 43034156 43033390 43024860 43032844 43036831 43032917 43028744 43037433 43037535 43038416 43031342 43029444 43029192 43027805 43022098 43027685 43024642 43021728 43022490 43033279 43031261 43029899 43029952 43019050 43031137 43017319 43059650 43021344 
249 42884227 42877507 43023478 43024214 43032917 43038096 43049937 43045883 43036339 43032143 43032033 43026381 43025314 43044302 43027578 43038195 43020874 43027350 43034192 43036613 43022547 43026180 43029661 43050441 43024176 43009994 43020746 43027253 43027809 43033784 43030939 -335894165 
250 42877892 42875484 43043232 43028004 43045452 43037979 43045154 43033689 43044944 43027892 43030213 43034900 43040116 43027516 43029407 43027129 43036546 43024375 43030604 43028677 43022185 43033434 43030242 43031763 43020088 43032093 43026119 43011401 43022297 43020759 43037927 -787006562 
251 42875336 42878739 43029656 43036171 43037745 43044647 43040260 43040621 43028516 43034024 43048566 43019995 43028052 43030039 43044083 43036279 43033308 43035576 43034019 43029876 43030476 43033277 43038431 43029304 43031756 43027443 43027008 43029391 43039533 43023087 43036776 1772354844 
252 42890993 42878776 43042336 43034381 43031120 43034891 43038505 43034055 43033823 43033686 43038757 43042836 43031471 43037481 43027876 43038060 43022913 43032822 43022550 43027731 43027943 43025387 43026231 43030907 43032347 43031197 43010427 43019304 43034310 43031087 43078231 43041434 
253 42871778 42884636 43040539 43042209 43032320 43046851 43039661 43049864 43028772 43037366 43027968 43032775 43033127 43034276 43027038 43047799 43031838 43023980 43038252 43024696 43024592 43030509 43024216 43043574 43024234 43034246 43038313 43023740 43044009 43038092 43027957 -12525653 
254 42867255 42901208 43050913 43030806 43024786 43034130 43047184 43046300 43034847 43038927 43034603 43040890 43039004 43037913 43030470 43036314 43042400 43045596 43041318 43037916 43031497 43026991 43025561 43026389 43015250 43037962 43035652 43018950 43037830 43039805 43038813 43035395 
255 42853751 42886440 43041344 43048859 43039986 43033494 43028784 43023101 43031023 43040182 43034780 43034818 43045125 43035360 43030511 43043712 43021652 43030559 43037111 43032898 43031359 43038659 43033065 43032053 43036250 43035621 43047529 43034841 43046430 43035409 -13387332 53385115 